Station Name,model and version,XL2 S/N
LakeHodges_SDGCRK,Sutron XLink 500 Version 8.35 Build 17:45:51 09/23/2020 revision 3369,1911367
Label,Meas Type,Slope,Offset,Equation
SamplePacin,Manual Entry,1.000000,0.000000,Off
BottleNum,Manual Entry,1.000000,0.000000,Off
Incr_Flow,Meta,1.000000,0.000000,Off
AliquotNum,Meta,1.000000,0.000000,Off
Level_PT,SDI-12,1.000000,0.000000,Off
Flow _PT,Meta,1.000000,0.000000,Off
02/20/2020 23:56:00,PT Level,NAN,in,B
02/20/2020 23:56:00,Flow_cfs,NAN,,B
02/20/2020 23:56:00,FlowVolume,NAN,,B
02/21/2020 22:00:00,PT Level,-0.00,in,G
02/21/2020 22:00:00,Flow_cfs,0.00,,G
02/21/2020 22:00:00,FlowVolume,0.00,,G
02/21/2020 22:05:00,PT Level,-0.00,in,G
02/21/2020 22:05:00,Flow_cfs,0.00,,G
02/21/2020 22:05:00,FlowVolume,0.00,,G
02/21/2020 22:10:00,PT Level,0.00,in,G
02/21/2020 22:10:00,Flow_cfs,0.00,,G
02/21/2020 22:10:00,FlowVolume,0.00,,G
02/21/2020 22:15:00,PT Level,0.00,in,G
02/21/2020 22:15:00,Flow_cfs,0.00,,G
02/21/2020 22:15:00,FlowVolume,0.00,,G
02/21/2020 22:20:00,PT Level,-0.00,in,G
02/21/2020 22:20:00,Flow_cfs,0.00,,G
02/21/2020 22:20:00,FlowVolume,0.00,,G
02/21/2020 22:25:00,PT Level,0.00,in,G
02/21/2020 22:25:00,Flow_cfs,0.00,,G
02/21/2020 22:25:00,FlowVolume,0.00,,G
02/21/2020 22:30:00,PT Level,0.00,in,G
02/21/2020 22:30:00,Flow_cfs,0.00,,G
02/21/2020 22:30:00,FlowVolume,0.00,,G
02/21/2020 22:35:00,PT Level,0.00,in,G
02/21/2020 22:35:00,Flow_cfs,0.00,,G
02/21/2020 22:35:00,FlowVolume,0.00,,G
02/21/2020 22:40:00,PT Level,-0.00,in,G
02/21/2020 22:40:00,Flow_cfs,0.00,,G
02/21/2020 22:40:00,FlowVolume,0.00,,G
02/21/2020 22:45:00,PT Level,-0.00,in,G
02/21/2020 22:45:00,Flow_cfs,0.00,,G
02/21/2020 22:45:00,FlowVolume,0.00,,G
02/21/2020 22:50:00,PT Level,-0.00,in,G
02/21/2020 22:50:00,Flow_cfs,0.00,,G
02/21/2020 22:50:00,FlowVolume,0.00,,G
02/21/2020 22:55:00,PT Level,-0.00,in,G
02/21/2020 22:55:00,Flow_cfs,0.00,,G
02/21/2020 22:55:00,FlowVolume,0.00,,G
02/21/2020 23:00:00,PT Level,-0.00,in,G
02/21/2020 23:00:00,Flow_cfs,0.00,,G
02/21/2020 23:00:00,FlowVolume,0.00,,G
02/21/2020 23:05:00,PT Level,-0.00,in,G
02/21/2020 23:05:00,Flow_cfs,0.00,,G
02/21/2020 23:05:00,FlowVolume,0.00,,G
02/21/2020 23:10:00,PT Level,-0.00,in,G
02/21/2020 23:10:00,Flow_cfs,0.00,,G
02/21/2020 23:10:00,FlowVolume,0.00,,G
02/21/2020 23:15:00,PT Level,0.00,in,G
02/21/2020 23:15:00,Flow_cfs,0.00,,G
02/21/2020 23:15:00,FlowVolume,0.00,,G
02/21/2020 23:20:00,PT Level,0.00,in,G
02/21/2020 23:20:00,Flow_cfs,0.00,,G
02/21/2020 23:20:00,FlowVolume,0.00,,G
02/21/2020 23:25:00,PT Level,-0.00,in,G
02/21/2020 23:25:00,Flow_cfs,0.00,,G
02/21/2020 23:25:00,FlowVolume,0.00,,G
02/21/2020 23:30:00,PT Level,-0.00,in,G
02/21/2020 23:30:00,Flow_cfs,0.00,,G
02/21/2020 23:30:00,FlowVolume,0.00,,G
02/21/2020 23:35:00,PT Level,-0.00,in,G
02/21/2020 23:35:00,Flow_cfs,0.00,,G
02/21/2020 23:35:00,FlowVolume,0.00,,G
02/21/2020 23:40:00,PT Level,0.00,in,G
02/21/2020 23:40:00,Flow_cfs,0.00,,G
02/21/2020 23:40:00,FlowVolume,0.00,,G
02/21/2020 23:45:00,PT Level,0.00,in,G
02/21/2020 23:45:00,Flow_cfs,0.00,,G
02/21/2020 23:45:00,FlowVolume,0.00,,G
02/21/2020 23:50:00,PT Level,0.00,in,G
02/21/2020 23:50:00,Flow_cfs,0.00,,G
02/21/2020 23:50:00,FlowVolume,0.00,,G
02/21/2020 23:55:00,PT Level,0.00,in,G
02/21/2020 23:55:00,Flow_cfs,0.00,,G
02/21/2020 23:55:00,FlowVolume,0.00,,G
02/22/2020 00:00:00,PT Level,0.00,in,G
02/22/2020 00:00:00,Flow_cfs,0.00,,G
02/22/2020 00:00:00,FlowVolume,0.00,,G
02/22/2020 00:05:00,PT Level,0.00,in,G
02/22/2020 00:05:00,Flow_cfs,0.00,,G
02/22/2020 00:05:00,FlowVolume,0.00,,G
02/22/2020 00:10:00,PT Level,0.00,in,G
02/22/2020 00:10:00,Flow_cfs,0.00,,G
02/22/2020 00:10:00,FlowVolume,0.00,,G
02/22/2020 00:15:00,PT Level,-0.00,in,G
02/22/2020 00:15:00,Flow_cfs,0.00,,G
02/22/2020 00:15:00,FlowVolume,0.00,,G
02/22/2020 00:20:00,PT Level,0.00,in,G
02/22/2020 00:20:00,Flow_cfs,0.00,,G
02/22/2020 00:20:00,FlowVolume,0.00,,G
02/22/2020 00:25:00,PT Level,0.00,in,G
02/22/2020 00:25:00,Flow_cfs,0.00,,G
02/22/2020 00:25:00,FlowVolume,0.00,,G
02/22/2020 00:30:00,PT Level,-0.00,in,G
02/22/2020 00:30:00,Flow_cfs,0.00,,G
02/22/2020 00:30:00,FlowVolume,0.00,,G
02/22/2020 00:35:00,PT Level,-0.00,in,G
02/22/2020 00:35:00,Flow_cfs,0.00,,G
02/22/2020 00:35:00,FlowVolume,0.00,,G
02/22/2020 00:40:00,PT Level,0.00,in,G
02/22/2020 00:40:00,Flow_cfs,0.00,,G
02/22/2020 00:40:00,FlowVolume,0.00,,G
02/22/2020 00:45:00,PT Level,-0.00,in,G
02/22/2020 00:45:00,Flow_cfs,0.00,,G
02/22/2020 00:45:00,FlowVolume,0.00,,G
02/22/2020 00:50:00,PT Level,0.00,in,G
02/22/2020 00:50:00,Flow_cfs,0.00,,G
02/22/2020 00:50:00,FlowVolume,0.00,,G
02/22/2020 00:55:00,PT Level,0.00,in,G
02/22/2020 00:55:00,Flow_cfs,0.00,,G
02/22/2020 00:55:00,FlowVolume,0.00,,G
02/22/2020 01:00:00,PT Level,-0.00,in,G
02/22/2020 01:00:00,Flow_cfs,0.00,,G
02/22/2020 01:00:00,FlowVolume,0.00,,G
02/22/2020 01:05:00,PT Level,-0.00,in,G
02/22/2020 01:05:00,Flow_cfs,0.00,,G
02/22/2020 01:05:00,FlowVolume,0.00,,G
02/22/2020 01:10:00,PT Level,-0.00,in,G
02/22/2020 01:10:00,Flow_cfs,0.00,,G
02/22/2020 01:10:00,FlowVolume,0.00,,G
02/22/2020 01:15:00,PT Level,0.00,in,G
02/22/2020 01:15:00,Flow_cfs,0.00,,G
02/22/2020 01:15:00,FlowVolume,0.00,,G
02/22/2020 01:20:00,PT Level,0.00,in,G
02/22/2020 01:20:00,Flow_cfs,0.00,,G
02/22/2020 01:20:00,FlowVolume,0.00,,G
02/22/2020 01:25:00,PT Level,0.00,in,G
02/22/2020 01:25:00,Flow_cfs,0.00,,G
02/22/2020 01:25:00,FlowVolume,0.00,,G
02/22/2020 01:30:00,PT Level,0.00,in,G
02/22/2020 01:30:00,Flow_cfs,0.00,,G
02/22/2020 01:30:00,FlowVolume,0.00,,G
02/22/2020 01:35:00,PT Level,0.00,in,G
02/22/2020 01:35:00,Flow_cfs,0.00,,G
02/22/2020 01:35:00,FlowVolume,0.00,,G
02/22/2020 01:40:00,PT Level,-0.00,in,G
02/22/2020 01:40:00,Flow_cfs,0.00,,G
02/22/2020 01:40:00,FlowVolume,0.00,,G
02/22/2020 01:45:00,PT Level,-0.00,in,G
02/22/2020 01:45:00,Flow_cfs,0.00,,G
02/22/2020 01:45:00,FlowVolume,0.00,,G
02/22/2020 01:50:00,PT Level,0.00,in,G
02/22/2020 01:50:00,Flow_cfs,0.00,,G
02/22/2020 01:50:00,FlowVolume,0.00,,G
02/22/2020 01:55:00,PT Level,-0.00,in,G
02/22/2020 01:55:00,Flow_cfs,0.00,,G
02/22/2020 01:55:00,FlowVolume,0.00,,G
02/22/2020 02:00:00,PT Level,0.00,in,G
02/22/2020 02:00:00,Flow_cfs,0.00,,G
02/22/2020 02:00:00,FlowVolume,0.00,,G
02/22/2020 02:05:00,PT Level,0.00,in,G
02/22/2020 02:05:00,Flow_cfs,0.00,,G
02/22/2020 02:05:00,FlowVolume,0.00,,G
02/22/2020 02:10:00,PT Level,0.00,in,G
02/22/2020 02:10:00,Flow_cfs,0.00,,G
02/22/2020 02:10:00,FlowVolume,0.00,,G
02/22/2020 02:15:00,PT Level,0.00,in,G
02/22/2020 02:15:00,Flow_cfs,0.00,,G
02/22/2020 02:15:00,FlowVolume,0.00,,G
02/22/2020 02:20:00,PT Level,0.00,in,G
02/22/2020 02:20:00,Flow_cfs,0.00,,G
02/22/2020 02:20:00,FlowVolume,0.00,,G
02/22/2020 02:25:00,PT Level,0.00,in,G
02/22/2020 02:25:00,Flow_cfs,0.00,,G
02/22/2020 02:25:00,FlowVolume,0.00,,G
02/22/2020 02:30:00,PT Level,0.00,in,G
02/22/2020 02:30:00,Flow_cfs,0.00,,G
02/22/2020 02:30:00,FlowVolume,0.00,,G
02/22/2020 02:35:00,PT Level,0.00,in,G
02/22/2020 02:35:00,Flow_cfs,0.00,,G
02/22/2020 02:35:00,FlowVolume,0.00,,G
02/22/2020 02:40:00,PT Level,0.00,in,G
02/22/2020 02:40:00,Flow_cfs,0.00,,G
02/22/2020 02:40:00,FlowVolume,0.00,,G
02/22/2020 02:45:00,PT Level,0.00,in,G
02/22/2020 02:45:00,Flow_cfs,0.00,,G
02/22/2020 02:45:00,FlowVolume,0.00,,G
02/22/2020 02:50:00,PT Level,0.00,in,G
02/22/2020 02:50:00,Flow_cfs,0.00,,G
02/22/2020 02:50:00,FlowVolume,0.00,,G
02/22/2020 02:55:00,PT Level,0.00,in,G
02/22/2020 02:55:00,Flow_cfs,0.00,,G
02/22/2020 02:55:00,FlowVolume,0.00,,G
02/22/2020 03:00:00,PT Level,-0.00,in,G
02/22/2020 03:00:00,Flow_cfs,0.00,,G
02/22/2020 03:00:00,FlowVolume,0.00,,G
02/22/2020 03:05:00,PT Level,0.00,in,G
02/22/2020 03:05:00,Flow_cfs,0.00,,G
02/22/2020 03:05:00,FlowVolume,0.00,,G
02/22/2020 03:10:00,PT Level,0.00,in,G
02/22/2020 03:10:00,Flow_cfs,0.00,,G
02/22/2020 03:10:00,FlowVolume,0.00,,G
02/22/2020 03:15:00,PT Level,0.00,in,G
02/22/2020 03:15:00,Flow_cfs,0.00,,G
02/22/2020 03:15:00,FlowVolume,0.00,,G
02/22/2020 03:20:00,PT Level,0.00,in,G
02/22/2020 03:20:00,Flow_cfs,0.00,,G
02/22/2020 03:20:00,FlowVolume,0.00,,G
02/22/2020 03:25:00,PT Level,-0.00,in,G
02/22/2020 03:25:00,Flow_cfs,0.00,,G
02/22/2020 03:25:00,FlowVolume,0.00,,G
02/22/2020 03:30:00,PT Level,0.00,in,G
02/22/2020 03:30:00,Flow_cfs,0.00,,G
02/22/2020 03:30:00,FlowVolume,0.00,,G
02/22/2020 03:35:00,PT Level,0.00,in,G
02/22/2020 03:35:00,Flow_cfs,0.00,,G
02/22/2020 03:35:00,FlowVolume,0.00,,G
02/22/2020 03:40:00,PT Level,0.00,in,G
02/22/2020 03:40:00,Flow_cfs,0.00,,G
02/22/2020 03:40:00,FlowVolume,0.00,,G
02/22/2020 03:45:00,PT Level,-0.00,in,G
02/22/2020 03:45:00,Flow_cfs,0.00,,G
02/22/2020 03:45:00,FlowVolume,0.00,,G
02/22/2020 03:50:00,PT Level,0.00,in,G
02/22/2020 03:50:00,Flow_cfs,0.00,,G
02/22/2020 03:50:00,FlowVolume,0.00,,G
02/22/2020 03:55:00,PT Level,0.00,in,G
02/22/2020 03:55:00,Flow_cfs,0.00,,G
02/22/2020 03:55:00,FlowVolume,0.00,,G
02/22/2020 04:00:00,PT Level,0.00,in,G
02/22/2020 04:00:00,Flow_cfs,0.00,,G
02/22/2020 04:00:00,FlowVolume,0.00,,G
02/22/2020 04:05:00,PT Level,-0.00,in,G
02/22/2020 04:05:00,Flow_cfs,0.00,,G
02/22/2020 04:05:00,FlowVolume,0.00,,G
02/22/2020 04:10:00,PT Level,0.00,in,G
02/22/2020 04:10:00,Flow_cfs,0.00,,G
02/22/2020 04:10:00,FlowVolume,0.00,,G
02/22/2020 04:15:00,PT Level,0.00,in,G
02/22/2020 04:15:00,Flow_cfs,0.00,,G
02/22/2020 04:15:00,FlowVolume,0.00,,G
02/22/2020 04:20:00,PT Level,0.00,in,G
02/22/2020 04:20:00,Flow_cfs,0.00,,G
02/22/2020 04:20:00,FlowVolume,0.00,,G
02/22/2020 04:25:00,PT Level,0.00,in,G
02/22/2020 04:25:00,Flow_cfs,0.00,,G
02/22/2020 04:25:00,FlowVolume,0.00,,G
02/22/2020 04:30:00,PT Level,0.00,in,G
02/22/2020 04:30:00,Flow_cfs,0.00,,G
02/22/2020 04:30:00,FlowVolume,0.00,,G
02/22/2020 04:35:00,PT Level,-0.00,in,G
02/22/2020 04:35:00,Flow_cfs,0.00,,G
02/22/2020 04:35:00,FlowVolume,0.00,,G
02/22/2020 04:40:00,PT Level,0.00,in,G
02/22/2020 04:40:00,Flow_cfs,0.00,,G
02/22/2020 04:40:00,FlowVolume,0.00,,G
02/22/2020 04:45:00,PT Level,-0.00,in,G
02/22/2020 04:45:00,Flow_cfs,0.00,,G
02/22/2020 04:45:00,FlowVolume,0.00,,G
02/22/2020 04:50:00,PT Level,0.00,in,G
02/22/2020 04:50:00,Flow_cfs,0.00,,G
02/22/2020 04:50:00,FlowVolume,0.00,,G
02/22/2020 04:55:00,PT Level,0.00,in,G
02/22/2020 04:55:00,Flow_cfs,0.00,,G
02/22/2020 04:55:00,FlowVolume,0.00,,G
02/22/2020 05:00:00,PT Level,-0.00,in,G
02/22/2020 05:00:00,Flow_cfs,0.00,,G
02/22/2020 05:00:00,FlowVolume,0.00,,G
02/22/2020 05:05:00,PT Level,-0.00,in,G
02/22/2020 05:05:00,Flow_cfs,0.00,,G
02/22/2020 05:05:00,FlowVolume,0.00,,G
02/22/2020 05:10:00,PT Level,0.00,in,G
02/22/2020 05:10:00,Flow_cfs,0.00,,G
02/22/2020 05:10:00,FlowVolume,0.00,,G
02/22/2020 05:15:00,PT Level,0.00,in,G
02/22/2020 05:15:00,Flow_cfs,0.00,,G
02/22/2020 05:15:00,FlowVolume,0.00,,G
02/22/2020 05:20:00,PT Level,-0.00,in,G
02/22/2020 05:20:00,Flow_cfs,0.00,,G
02/22/2020 05:20:00,FlowVolume,0.00,,G
02/22/2020 05:25:00,PT Level,0.00,in,G
02/22/2020 05:25:00,Flow_cfs,0.00,,G
02/22/2020 05:25:00,FlowVolume,0.00,,G
02/22/2020 05:30:00,PT Level,0.00,in,G
02/22/2020 05:30:00,Flow_cfs,0.00,,G
02/22/2020 05:30:00,FlowVolume,0.00,,G
02/22/2020 05:35:00,PT Level,0.00,in,G
02/22/2020 05:35:00,Flow_cfs,0.00,,G
02/22/2020 05:35:00,FlowVolume,0.00,,G
02/22/2020 05:40:00,PT Level,0.00,in,G
02/22/2020 05:40:00,Flow_cfs,0.00,,G
02/22/2020 05:40:00,FlowVolume,0.00,,G
02/22/2020 05:45:00,PT Level,0.00,in,G
02/22/2020 05:45:00,Flow_cfs,0.00,,G
02/22/2020 05:45:00,FlowVolume,0.00,,G
02/22/2020 05:50:00,PT Level,0.00,in,G
02/22/2020 05:50:00,Flow_cfs,0.00,,G
02/22/2020 05:50:00,FlowVolume,0.00,,G
02/22/2020 05:55:00,PT Level,0.00,in,G
02/22/2020 05:55:00,Flow_cfs,0.00,,G
02/22/2020 05:55:00,FlowVolume,0.00,,G
02/22/2020 06:00:00,PT Level,0.00,in,G
02/22/2020 06:00:00,Flow_cfs,0.00,,G
02/22/2020 06:00:00,FlowVolume,0.00,,G
02/22/2020 06:05:00,PT Level,0.00,in,G
02/22/2020 06:05:00,Flow_cfs,0.00,,G
02/22/2020 06:05:00,FlowVolume,0.00,,G
02/22/2020 06:10:00,PT Level,0.00,in,G
02/22/2020 06:10:00,Flow_cfs,0.00,,G
02/22/2020 06:10:00,FlowVolume,0.00,,G
02/22/2020 06:15:00,PT Level,0.00,in,G
02/22/2020 06:15:00,Flow_cfs,0.00,,G
02/22/2020 06:15:00,FlowVolume,0.00,,G
02/22/2020 06:20:00,PT Level,0.00,in,G
02/22/2020 06:20:00,Flow_cfs,0.00,,G
02/22/2020 06:20:00,FlowVolume,0.00,,G
02/22/2020 06:25:00,PT Level,0.00,in,G
02/22/2020 06:25:00,Flow_cfs,0.00,,G
02/22/2020 06:25:00,FlowVolume,0.00,,G
02/22/2020 06:30:00,PT Level,0.00,in,G
02/22/2020 06:30:00,Flow_cfs,0.00,,G
02/22/2020 06:30:00,FlowVolume,0.00,,G
02/22/2020 06:35:00,PT Level,0.00,in,G
02/22/2020 06:35:00,Flow_cfs,0.00,,G
02/22/2020 06:35:00,FlowVolume,0.00,,G
02/22/2020 06:40:00,PT Level,0.00,in,G
02/22/2020 06:40:00,Flow_cfs,0.00,,G
02/22/2020 06:40:00,FlowVolume,0.00,,G
02/22/2020 06:45:00,PT Level,0.00,in,G
02/22/2020 06:45:00,Flow_cfs,0.00,,G
02/22/2020 06:45:00,FlowVolume,0.00,,G
02/22/2020 06:50:00,PT Level,-0.00,in,G
02/22/2020 06:50:00,Flow_cfs,0.00,,G
02/22/2020 06:50:00,FlowVolume,0.00,,G
02/22/2020 06:55:00,PT Level,-0.00,in,G
02/22/2020 06:55:00,Flow_cfs,0.00,,G
02/22/2020 06:55:00,FlowVolume,0.00,,G
02/22/2020 07:00:00,PT Level,0.00,in,G
02/22/2020 07:00:00,Flow_cfs,0.00,,G
02/22/2020 07:00:00,FlowVolume,0.00,,G
02/22/2020 07:05:00,PT Level,0.00,in,G
02/22/2020 07:05:00,Flow_cfs,0.00,,G
02/22/2020 07:05:00,FlowVolume,0.00,,G
02/22/2020 07:10:00,PT Level,0.00,in,G
02/22/2020 07:10:00,Flow_cfs,0.00,,G
02/22/2020 07:10:00,FlowVolume,0.00,,G
02/22/2020 07:15:00,PT Level,-0.00,in,G
02/22/2020 07:15:00,Flow_cfs,0.00,,G
02/22/2020 07:15:00,FlowVolume,0.00,,G
02/22/2020 07:20:00,PT Level,-0.00,in,G
02/22/2020 07:20:00,Flow_cfs,0.00,,G
02/22/2020 07:20:00,FlowVolume,0.00,,G
02/22/2020 07:25:00,PT Level,-0.00,in,G
02/22/2020 07:25:00,Flow_cfs,0.00,,G
02/22/2020 07:25:00,FlowVolume,0.00,,G
02/22/2020 07:30:00,PT Level,-0.00,in,G
02/22/2020 07:30:00,Flow_cfs,0.00,,G
02/22/2020 07:30:00,FlowVolume,0.00,,G
02/22/2020 07:35:00,PT Level,-0.00,in,G
02/22/2020 07:35:00,Flow_cfs,0.00,,G
02/22/2020 07:35:00,FlowVolume,0.00,,G
02/22/2020 07:40:00,PT Level,-0.00,in,G
02/22/2020 07:40:00,Flow_cfs,0.00,,G
02/22/2020 07:40:00,FlowVolume,0.00,,G
02/22/2020 07:45:00,PT Level,-0.00,in,G
02/22/2020 07:45:00,Flow_cfs,0.00,,G
02/22/2020 07:45:00,FlowVolume,0.00,,G
02/22/2020 07:50:00,PT Level,-0.00,in,G
02/22/2020 07:50:00,Flow_cfs,0.00,,G
02/22/2020 07:50:00,FlowVolume,0.00,,G
02/22/2020 07:55:00,PT Level,-0.00,in,G
02/22/2020 07:55:00,Flow_cfs,0.00,,G
02/22/2020 07:55:00,FlowVolume,0.00,,G
02/22/2020 08:00:00,PT Level,-0.00,in,G
02/22/2020 08:00:00,Flow_cfs,0.00,,G
02/22/2020 08:00:00,FlowVolume,0.00,,G
02/22/2020 08:05:00,PT Level,0.00,in,G
02/22/2020 08:05:00,Flow_cfs,0.00,,G
02/22/2020 08:05:00,FlowVolume,0.00,,G
02/22/2020 08:10:00,PT Level,0.00,in,G
02/22/2020 08:10:00,Flow_cfs,0.00,,G
02/22/2020 08:10:00,FlowVolume,0.00,,G
02/22/2020 08:15:00,PT Level,0.00,in,G
02/22/2020 08:15:00,Flow_cfs,0.00,,G
02/22/2020 08:15:00,FlowVolume,0.00,,G
02/22/2020 08:20:00,PT Level,0.00,in,G
02/22/2020 08:20:00,Flow_cfs,0.00,,G
02/22/2020 08:20:00,FlowVolume,0.00,,G
02/22/2020 08:25:00,PT Level,0.00,in,G
02/22/2020 08:25:00,Flow_cfs,0.00,,G
02/22/2020 08:25:00,FlowVolume,0.00,,G
02/22/2020 08:30:00,PT Level,0.00,in,G
02/22/2020 08:30:00,Flow_cfs,0.00,,G
02/22/2020 08:30:00,FlowVolume,0.00,,G
02/22/2020 08:35:00,PT Level,0.00,in,G
02/22/2020 08:35:00,Flow_cfs,0.00,,G
02/22/2020 08:35:00,FlowVolume,0.00,,G
02/22/2020 08:40:00,PT Level,0.00,in,G
02/22/2020 08:40:00,Flow_cfs,0.00,,G
02/22/2020 08:40:00,FlowVolume,0.00,,G
02/22/2020 08:45:00,PT Level,0.00,in,G
02/22/2020 08:45:00,Flow_cfs,0.00,,G
02/22/2020 08:45:00,FlowVolume,0.00,,G
02/22/2020 08:50:00,PT Level,-0.00,in,G
02/22/2020 08:50:00,Flow_cfs,0.00,,G
02/22/2020 08:50:00,FlowVolume,0.00,,G
02/22/2020 08:55:00,PT Level,0.00,in,G
02/22/2020 08:55:00,Flow_cfs,0.00,,G
02/22/2020 08:55:00,FlowVolume,0.00,,G
02/22/2020 09:00:00,PT Level,0.00,in,G
02/22/2020 09:00:00,Flow_cfs,0.00,,G
02/22/2020 09:00:00,FlowVolume,0.00,,G
02/22/2020 09:05:00,PT Level,0.00,in,G
02/22/2020 09:05:00,Flow_cfs,0.00,,G
02/22/2020 09:05:00,FlowVolume,0.00,,G
02/22/2020 09:10:00,PT Level,0.00,in,G
02/22/2020 09:10:00,Flow_cfs,0.00,,G
02/22/2020 09:10:00,FlowVolume,0.00,,G
02/22/2020 09:15:00,PT Level,0.00,in,G
02/22/2020 09:15:00,Flow_cfs,0.00,,G
02/22/2020 09:15:00,FlowVolume,0.00,,G
02/22/2020 09:20:00,PT Level,-0.00,in,G
02/22/2020 09:20:00,Flow_cfs,0.00,,G
02/22/2020 09:20:00,FlowVolume,0.00,,G
02/22/2020 09:25:00,PT Level,-0.00,in,G
02/22/2020 09:25:00,Flow_cfs,0.00,,G
02/22/2020 09:25:00,FlowVolume,0.00,,G
02/22/2020 09:30:00,PT Level,-0.00,in,G
02/22/2020 09:30:00,Flow_cfs,0.00,,G
02/22/2020 09:30:00,FlowVolume,0.00,,G
02/22/2020 09:35:00,PT Level,-0.00,in,G
02/22/2020 09:35:00,Flow_cfs,0.00,,G
02/22/2020 09:35:00,FlowVolume,0.00,,G
02/22/2020 09:40:00,PT Level,-0.00,in,G
02/22/2020 09:40:00,Flow_cfs,0.00,,G
02/22/2020 09:40:00,FlowVolume,0.00,,G
02/22/2020 09:45:00,PT Level,0.00,in,G
02/22/2020 09:45:00,Flow_cfs,0.00,,G
02/22/2020 09:45:00,FlowVolume,0.00,,G
02/22/2020 09:50:00,PT Level,-0.00,in,G
02/22/2020 09:50:00,Flow_cfs,0.00,,G
02/22/2020 09:50:00,FlowVolume,0.00,,G
02/22/2020 09:55:00,PT Level,0.00,in,G
02/22/2020 09:55:00,Flow_cfs,0.00,,G
02/22/2020 09:55:00,FlowVolume,0.00,,G
02/22/2020 10:00:00,PT Level,-0.00,in,G
02/22/2020 10:00:00,Flow_cfs,0.00,,G
02/22/2020 10:00:00,FlowVolume,0.00,,G
02/22/2020 10:05:00,PT Level,-0.00,in,G
02/22/2020 10:05:00,Flow_cfs,0.00,,G
02/22/2020 10:05:00,FlowVolume,0.00,,G
02/22/2020 10:10:00,PT Level,-0.00,in,G
02/22/2020 10:10:00,Flow_cfs,0.00,,G
02/22/2020 10:10:00,FlowVolume,0.00,,G
02/22/2020 10:15:00,PT Level,0.00,in,G
02/22/2020 10:15:00,Flow_cfs,0.00,,G
02/22/2020 10:15:00,FlowVolume,0.00,,G
02/22/2020 10:20:00,PT Level,-0.00,in,G
02/22/2020 10:20:00,Flow_cfs,0.00,,G
02/22/2020 10:20:00,FlowVolume,0.00,,G
02/22/2020 10:25:00,PT Level,0.00,in,G
02/22/2020 10:25:00,Flow_cfs,0.00,,G
02/22/2020 10:25:00,FlowVolume,0.00,,G
02/22/2020 10:30:00,PT Level,0.00,in,G
02/22/2020 10:30:00,Flow_cfs,0.00,,G
02/22/2020 10:30:00,FlowVolume,0.00,,G
02/22/2020 10:35:00,PT Level,-0.00,in,G
02/22/2020 10:35:00,Flow_cfs,0.00,,G
02/22/2020 10:35:00,FlowVolume,0.00,,G
02/22/2020 10:40:00,PT Level,-0.00,in,G
02/22/2020 10:40:00,Flow_cfs,0.00,,G
02/22/2020 10:40:00,FlowVolume,0.00,,G
02/22/2020 10:45:00,PT Level,0.00,in,G
02/22/2020 10:45:00,Flow_cfs,0.00,,G
02/22/2020 10:45:00,FlowVolume,0.00,,G
02/22/2020 10:50:00,PT Level,0.00,in,G
02/22/2020 10:50:00,Flow_cfs,0.00,,G
02/22/2020 10:50:00,FlowVolume,0.00,,G
02/22/2020 10:55:00,PT Level,-0.00,in,G
02/22/2020 10:55:00,Flow_cfs,0.00,,G
02/22/2020 10:55:00,FlowVolume,0.00,,G
02/22/2020 11:00:00,PT Level,0.00,in,G
02/22/2020 11:00:00,Flow_cfs,0.00,,G
02/22/2020 11:00:00,FlowVolume,0.00,,G
02/22/2020 11:05:00,PT Level,0.00,in,G
02/22/2020 11:05:00,Flow_cfs,0.00,,G
02/22/2020 11:05:00,FlowVolume,0.00,,G
02/22/2020 11:10:00,PT Level,0.00,in,G
02/22/2020 11:10:00,Flow_cfs,0.00,,G
02/22/2020 11:10:00,FlowVolume,0.00,,G
02/22/2020 11:15:00,PT Level,0.00,in,G
02/22/2020 11:15:00,Flow_cfs,0.00,,G
02/22/2020 11:15:00,FlowVolume,0.00,,G
02/22/2020 11:20:00,PT Level,0.00,in,G
02/22/2020 11:20:00,Flow_cfs,0.00,,G
02/22/2020 11:20:00,FlowVolume,0.00,,G
02/22/2020 11:25:00,PT Level,-0.00,in,G
02/22/2020 11:25:00,Flow_cfs,0.00,,G
02/22/2020 11:25:00,FlowVolume,0.00,,G
02/22/2020 11:30:00,PT Level,0.00,in,G
02/22/2020 11:30:00,Flow_cfs,0.00,,G
02/22/2020 11:30:00,FlowVolume,0.00,,G
02/22/2020 11:35:00,PT Level,0.00,in,G
02/22/2020 11:35:00,Flow_cfs,0.00,,G
02/22/2020 11:35:00,FlowVolume,0.00,,G
02/22/2020 11:40:00,PT Level,0.00,in,G
02/22/2020 11:40:00,Flow_cfs,0.00,,G
02/22/2020 11:40:00,FlowVolume,0.00,,G
02/22/2020 11:45:00,PT Level,0.00,in,G
02/22/2020 11:45:00,Flow_cfs,0.00,,G
02/22/2020 11:45:00,FlowVolume,0.00,,G
02/22/2020 11:50:00,PT Level,0.00,in,G
02/22/2020 11:50:00,Flow_cfs,0.00,,G
02/22/2020 11:50:00,FlowVolume,0.00,,G
02/22/2020 11:55:00,PT Level,0.00,in,G
02/22/2020 11:55:00,Flow_cfs,0.00,,G
02/22/2020 11:55:00,FlowVolume,0.00,,G
02/22/2020 12:00:00,PT Level,0.00,in,G
02/22/2020 12:00:00,Flow_cfs,0.00,,G
02/22/2020 12:00:00,FlowVolume,0.00,,G
02/22/2020 12:05:00,PT Level,0.00,in,G
02/22/2020 12:05:00,Flow_cfs,0.00,,G
02/22/2020 12:05:00,FlowVolume,0.00,,G
02/22/2020 12:10:00,PT Level,0.00,in,G
02/22/2020 12:10:00,Flow_cfs,0.00,,G
02/22/2020 12:10:00,FlowVolume,0.00,,G
02/22/2020 12:15:00,PT Level,0.00,in,G
02/22/2020 12:15:00,Flow_cfs,0.00,,G
02/22/2020 12:15:00,FlowVolume,0.00,,G
02/22/2020 12:20:00,PT Level,0.00,in,G
02/22/2020 12:20:00,Flow_cfs,0.00,,G
02/22/2020 12:20:00,FlowVolume,0.00,,G
02/22/2020 12:25:00,PT Level,-0.00,in,G
02/22/2020 12:25:00,Flow_cfs,0.00,,G
02/22/2020 12:25:00,FlowVolume,0.00,,G
02/22/2020 12:30:00,PT Level,0.00,in,G
02/22/2020 12:30:00,Flow_cfs,0.00,,G
02/22/2020 12:30:00,FlowVolume,0.00,,G
02/22/2020 12:35:00,PT Level,0.00,in,G
02/22/2020 12:35:00,Flow_cfs,0.00,,G
02/22/2020 12:35:00,FlowVolume,0.00,,G
02/22/2020 12:40:00,PT Level,0.00,in,G
02/22/2020 12:40:00,Flow_cfs,0.00,,G
02/22/2020 12:40:00,FlowVolume,0.00,,G
02/22/2020 12:45:00,PT Level,-0.00,in,G
02/22/2020 12:45:00,Flow_cfs,0.00,,G
02/22/2020 12:45:00,FlowVolume,0.00,,G
02/22/2020 12:50:00,PT Level,0.00,in,G
02/22/2020 12:50:00,Flow_cfs,0.00,,G
02/22/2020 12:50:00,FlowVolume,0.00,,G
02/22/2020 12:55:00,PT Level,0.00,in,G
02/22/2020 12:55:00,Flow_cfs,0.00,,G
02/22/2020 12:55:00,FlowVolume,0.00,,G
02/22/2020 13:00:00,PT Level,0.00,in,G
02/22/2020 13:00:00,Flow_cfs,0.00,,G
02/22/2020 13:00:00,FlowVolume,0.00,,G
02/22/2020 13:05:00,PT Level,0.00,in,G
02/22/2020 13:05:00,Flow_cfs,0.00,,G
02/22/2020 13:05:00,FlowVolume,0.00,,G
02/22/2020 13:10:00,PT Level,0.00,in,G
02/22/2020 13:10:00,Flow_cfs,0.00,,G
02/22/2020 13:10:00,FlowVolume,0.00,,G
02/22/2020 13:15:00,PT Level,-0.00,in,G
02/22/2020 13:15:00,Flow_cfs,0.00,,G
02/22/2020 13:15:00,FlowVolume,0.00,,G
02/22/2020 13:20:00,PT Level,0.00,in,G
02/22/2020 13:20:00,Flow_cfs,0.00,,G
02/22/2020 13:20:00,FlowVolume,0.00,,G
02/22/2020 13:25:00,PT Level,0.00,in,G
02/22/2020 13:25:00,Flow_cfs,0.00,,G
02/22/2020 13:25:00,FlowVolume,0.00,,G
02/22/2020 13:30:00,PT Level,-0.00,in,G
02/22/2020 13:30:00,Flow_cfs,0.00,,G
02/22/2020 13:30:00,FlowVolume,0.00,,G
02/22/2020 13:35:00,PT Level,0.00,in,G
02/22/2020 13:35:00,Flow_cfs,0.00,,G
02/22/2020 13:35:00,FlowVolume,0.00,,G
02/22/2020 13:40:00,PT Level,0.00,in,G
02/22/2020 13:40:00,Flow_cfs,0.00,,G
02/22/2020 13:40:00,FlowVolume,0.00,,G
02/22/2020 13:45:00,PT Level,0.00,in,G
02/22/2020 13:45:00,Flow_cfs,0.00,,G
02/22/2020 13:45:00,FlowVolume,0.00,,G
02/22/2020 13:50:00,PT Level,-0.00,in,G
02/22/2020 13:50:00,Flow_cfs,0.00,,G
02/22/2020 13:50:00,FlowVolume,0.00,,G
02/22/2020 13:55:00,PT Level,0.00,in,G
02/22/2020 13:55:00,Flow_cfs,0.00,,G
02/22/2020 13:55:00,FlowVolume,0.00,,G
02/22/2020 14:00:00,PT Level,0.00,in,G
02/22/2020 14:00:00,Flow_cfs,0.00,,G
02/22/2020 14:00:00,FlowVolume,0.00,,G
02/22/2020 14:05:00,PT Level,-0.00,in,G
02/22/2020 14:05:00,Flow_cfs,0.00,,G
02/22/2020 14:05:00,FlowVolume,0.00,,G
02/22/2020 14:10:00,PT Level,0.00,in,G
02/22/2020 14:10:00,Flow_cfs,0.00,,G
02/22/2020 14:10:00,FlowVolume,0.00,,G
02/22/2020 14:15:00,PT Level,0.00,in,G
02/22/2020 14:15:00,Flow_cfs,0.00,,G
02/22/2020 14:15:00,FlowVolume,0.00,,G
02/22/2020 14:20:00,PT Level,0.00,in,G
02/22/2020 14:20:00,Flow_cfs,0.00,,G
02/22/2020 14:20:00,FlowVolume,0.00,,G
02/22/2020 14:25:00,PT Level,0.00,in,G
02/22/2020 14:25:00,Flow_cfs,0.00,,G
02/22/2020 14:25:00,FlowVolume,0.00,,G
02/22/2020 14:30:00,PT Level,0.00,in,G
02/22/2020 14:30:00,Flow_cfs,0.00,,G
02/22/2020 14:30:00,FlowVolume,0.00,,G
02/22/2020 14:35:00,PT Level,0.00,in,G
02/22/2020 14:35:00,Flow_cfs,0.00,,G
02/22/2020 14:35:00,FlowVolume,0.00,,G
02/22/2020 14:40:00,PT Level,0.00,in,G
02/22/2020 14:40:00,Flow_cfs,0.00,,G
02/22/2020 14:40:00,FlowVolume,0.00,,G
02/22/2020 14:45:00,PT Level,0.00,in,G
02/22/2020 14:45:00,Flow_cfs,0.00,,G
02/22/2020 14:45:00,FlowVolume,0.00,,G
02/22/2020 14:50:00,PT Level,0.00,in,G
02/22/2020 14:50:00,Flow_cfs,0.00,,G
02/22/2020 14:50:00,FlowVolume,0.00,,G
02/22/2020 14:55:00,PT Level,0.00,in,G
02/22/2020 14:55:00,Flow_cfs,0.00,,G
02/22/2020 14:55:00,FlowVolume,0.00,,G
02/22/2020 15:00:00,PT Level,-0.00,in,G
02/22/2020 15:00:00,Flow_cfs,0.00,,G
02/22/2020 15:00:00,FlowVolume,0.00,,G
02/22/2020 15:05:00,PT Level,0.00,in,G
02/22/2020 15:05:00,Flow_cfs,0.00,,G
02/22/2020 15:05:00,FlowVolume,0.00,,G
02/22/2020 15:10:00,PT Level,0.00,in,G
02/22/2020 15:10:00,Flow_cfs,0.00,,G
02/22/2020 15:10:00,FlowVolume,0.00,,G
02/22/2020 15:15:00,PT Level,-0.00,in,G
02/22/2020 15:15:00,Flow_cfs,0.00,,G
02/22/2020 15:15:00,FlowVolume,0.00,,G
02/22/2020 15:20:00,PT Level,0.00,in,G
02/22/2020 15:20:00,Flow_cfs,0.00,,G
02/22/2020 15:20:00,FlowVolume,0.00,,G
02/22/2020 15:25:00,PT Level,0.00,in,G
02/22/2020 15:25:00,Flow_cfs,0.00,,G
02/22/2020 15:25:00,FlowVolume,0.00,,G
02/22/2020 15:30:00,PT Level,-0.00,in,G
02/22/2020 15:30:00,Flow_cfs,0.00,,G
02/22/2020 15:30:00,FlowVolume,0.00,,G
02/22/2020 15:35:00,PT Level,-0.00,in,G
02/22/2020 15:35:00,Flow_cfs,0.00,,G
02/22/2020 15:35:00,FlowVolume,0.00,,G
02/22/2020 15:40:00,PT Level,0.00,in,G
02/22/2020 15:40:00,Flow_cfs,0.00,,G
02/22/2020 15:40:00,FlowVolume,0.00,,G
02/22/2020 15:45:00,PT Level,0.00,in,G
02/22/2020 15:45:00,Flow_cfs,0.00,,G
02/22/2020 15:45:00,FlowVolume,0.00,,G
02/22/2020 15:50:00,PT Level,0.00,in,G
02/22/2020 15:50:00,Flow_cfs,0.00,,G
02/22/2020 15:50:00,FlowVolume,0.00,,G
02/22/2020 15:55:00,PT Level,0.00,in,G
02/22/2020 15:55:00,Flow_cfs,0.00,,G
02/22/2020 15:55:00,FlowVolume,0.00,,G
02/22/2020 16:00:00,PT Level,0.00,in,G
02/22/2020 16:00:00,Flow_cfs,0.00,,G
02/22/2020 16:00:00,FlowVolume,0.00,,G
02/22/2020 16:05:00,PT Level,-0.00,in,G
02/22/2020 16:05:00,Flow_cfs,0.00,,G
02/22/2020 16:05:00,FlowVolume,0.00,,G
02/22/2020 16:10:00,PT Level,-0.00,in,G
02/22/2020 16:10:00,Flow_cfs,0.00,,G
02/22/2020 16:10:00,FlowVolume,0.00,,G
02/22/2020 16:15:00,PT Level,-0.00,in,G
02/22/2020 16:15:00,Flow_cfs,0.00,,G
02/22/2020 16:15:00,FlowVolume,0.00,,G
02/22/2020 16:20:00,PT Level,0.00,in,G
02/22/2020 16:20:00,Flow_cfs,0.00,,G
02/22/2020 16:20:00,FlowVolume,0.00,,G
02/22/2020 16:25:00,PT Level,0.00,in,G
02/22/2020 16:25:00,Flow_cfs,0.00,,G
02/22/2020 16:25:00,FlowVolume,0.00,,G
02/22/2020 16:30:00,PT Level,0.00,in,G
02/22/2020 16:30:00,Flow_cfs,0.00,,G
02/22/2020 16:30:00,FlowVolume,0.00,,G
02/22/2020 16:35:00,PT Level,0.00,in,G
02/22/2020 16:35:00,Flow_cfs,0.00,,G
02/22/2020 16:35:00,FlowVolume,0.00,,G
02/22/2020 16:40:00,PT Level,0.00,in,G
02/22/2020 16:40:00,Flow_cfs,0.00,,G
02/22/2020 16:40:00,FlowVolume,0.00,,G
02/22/2020 16:45:00,PT Level,0.00,in,G
02/22/2020 16:45:00,Flow_cfs,0.00,,G
02/22/2020 16:45:00,FlowVolume,0.00,,G
02/22/2020 16:50:00,PT Level,0.00,in,G
02/22/2020 16:50:00,Flow_cfs,0.00,,G
02/22/2020 16:50:00,FlowVolume,0.00,,G
02/22/2020 16:55:00,PT Level,0.00,in,G
02/22/2020 16:55:00,Flow_cfs,0.00,,G
02/22/2020 16:55:00,FlowVolume,0.00,,G
02/22/2020 17:00:00,PT Level,0.00,in,G
02/22/2020 17:00:00,Flow_cfs,0.00,,G
02/22/2020 17:00:00,FlowVolume,0.00,,G
02/22/2020 17:05:00,PT Level,0.00,in,G
02/22/2020 17:05:00,Flow_cfs,0.01,,G
02/22/2020 17:05:00,FlowVolume,0.00,,G
02/22/2020 17:10:00,PT Level,0.00,in,G
02/22/2020 17:10:00,Flow_cfs,0.00,,G
02/22/2020 17:10:00,FlowVolume,0.00,,G
02/22/2020 17:15:00,PT Level,0.00,in,G
02/22/2020 17:15:00,Flow_cfs,0.00,,G
02/22/2020 17:15:00,FlowVolume,0.00,,G
02/22/2020 17:20:00,PT Level,0.00,in,G
02/22/2020 17:20:00,Flow_cfs,0.00,,G
02/22/2020 17:20:00,FlowVolume,0.00,,G
02/22/2020 17:25:00,PT Level,0.00,in,G
02/22/2020 17:25:00,Flow_cfs,0.00,,G
02/22/2020 17:25:00,FlowVolume,0.00,,G
02/22/2020 17:30:00,PT Level,0.00,in,G
02/22/2020 17:30:00,Flow_cfs,0.00,,G
02/22/2020 17:30:00,FlowVolume,0.00,,G
02/22/2020 17:35:00,PT Level,0.00,in,G
02/22/2020 17:35:00,Flow_cfs,0.01,,G
02/22/2020 17:35:00,FlowVolume,0.00,,G
02/22/2020 17:40:00,PT Level,0.00,in,G
02/22/2020 17:40:00,Flow_cfs,0.00,,G
02/22/2020 17:40:00,FlowVolume,0.00,,G
02/22/2020 17:45:00,PT Level,0.00,in,G
02/22/2020 17:45:00,Flow_cfs,0.00,,G
02/22/2020 17:45:00,FlowVolume,0.00,,G
02/22/2020 17:50:00,PT Level,0.00,in,G
02/22/2020 17:50:00,Flow_cfs,0.00,,G
02/22/2020 17:50:00,FlowVolume,0.00,,G
02/22/2020 17:55:00,PT Level,0.00,in,G
02/22/2020 17:55:00,Flow_cfs,0.00,,G
02/22/2020 17:55:00,FlowVolume,0.00,,G
02/22/2020 18:00:00,PT Level,0.00,in,G
02/22/2020 18:00:00,Flow_cfs,0.00,,G
02/22/2020 18:00:00,FlowVolume,0.00,,G
02/22/2020 18:05:00,PT Level,0.00,in,G
02/22/2020 18:05:00,Flow_cfs,0.00,,G
02/22/2020 18:05:00,FlowVolume,0.00,,G
02/22/2020 18:10:00,PT Level,0.00,in,G
02/22/2020 18:10:00,Flow_cfs,0.00,,G
02/22/2020 18:10:00,FlowVolume,0.00,,G
02/22/2020 18:15:00,PT Level,0.00,in,G
02/22/2020 18:15:00,Flow_cfs,0.00,,G
02/22/2020 18:15:00,FlowVolume,0.00,,G
02/22/2020 18:20:00,PT Level,0.00,in,G
02/22/2020 18:20:00,Flow_cfs,0.00,,G
02/22/2020 18:20:00,FlowVolume,0.00,,G
02/22/2020 18:25:00,PT Level,0.00,in,G
02/22/2020 18:25:00,Flow_cfs,0.00,,G
02/22/2020 18:25:00,FlowVolume,0.00,,G
02/22/2020 18:30:00,PT Level,0.00,in,G
02/22/2020 18:30:00,Flow_cfs,0.00,,G
02/22/2020 18:30:00,FlowVolume,0.00,,G
02/22/2020 18:35:00,PT Level,0.00,in,G
02/22/2020 18:35:00,Flow_cfs,0.00,,G
02/22/2020 18:35:00,FlowVolume,0.00,,G
02/22/2020 18:40:00,PT Level,0.00,in,G
02/22/2020 18:40:00,Flow_cfs,0.01,,G
02/22/2020 18:40:00,FlowVolume,0.00,,G
02/22/2020 18:45:00,PT Level,0.00,in,G
02/22/2020 18:45:00,Flow_cfs,0.00,,G
02/22/2020 18:45:00,FlowVolume,0.00,,G
02/22/2020 18:50:00,PT Level,0.00,in,G
02/22/2020 18:50:00,Flow_cfs,0.00,,G
02/22/2020 18:50:00,FlowVolume,0.00,,G
02/22/2020 18:55:00,PT Level,0.00,in,G
02/22/2020 18:55:00,Flow_cfs,0.00,,G
02/22/2020 18:55:00,FlowVolume,0.00,,G
02/22/2020 19:00:00,PT Level,0.00,in,G
02/22/2020 19:00:00,Flow_cfs,0.00,,G
02/22/2020 19:00:00,FlowVolume,0.00,,G
02/22/2020 19:05:00,PT Level,0.00,in,G
02/22/2020 19:05:00,Flow_cfs,0.00,,G
02/22/2020 19:05:00,FlowVolume,0.00,,G
02/22/2020 19:10:00,PT Level,0.00,in,G
02/22/2020 19:10:00,Flow_cfs,0.00,,G
02/22/2020 19:10:00,FlowVolume,0.00,,G
02/22/2020 19:15:00,PT Level,0.00,in,G
02/22/2020 19:15:00,Flow_cfs,0.00,,G
02/22/2020 19:15:00,FlowVolume,0.00,,G
02/22/2020 19:20:00,PT Level,0.00,in,G
02/22/2020 19:20:00,Flow_cfs,0.00,,G
02/22/2020 19:20:00,FlowVolume,0.00,,G
02/22/2020 19:25:00,PT Level,0.00,in,G
02/22/2020 19:25:00,Flow_cfs,0.00,,G
02/22/2020 19:25:00,FlowVolume,0.00,,G
02/22/2020 19:30:00,PT Level,0.00,in,G
02/22/2020 19:30:00,Flow_cfs,0.00,,G
02/22/2020 19:30:00,FlowVolume,0.00,,G
02/22/2020 19:35:00,PT Level,0.00,in,G
02/22/2020 19:35:00,Flow_cfs,0.00,,G
02/22/2020 19:35:00,FlowVolume,0.00,,G
02/22/2020 19:40:00,PT Level,0.00,in,G
02/22/2020 19:40:00,Flow_cfs,0.00,,G
02/22/2020 19:40:00,FlowVolume,0.00,,G
02/22/2020 19:45:00,PT Level,0.00,in,G
02/22/2020 19:45:00,Flow_cfs,0.01,,G
02/22/2020 19:45:00,FlowVolume,0.00,,G
02/22/2020 19:50:00,PT Level,0.00,in,G
02/22/2020 19:50:00,Flow_cfs,0.01,,G
02/22/2020 19:50:00,FlowVolume,0.00,,G
02/22/2020 19:55:00,PT Level,0.00,in,G
02/22/2020 19:55:00,Flow_cfs,0.00,,G
02/22/2020 19:55:00,FlowVolume,0.00,,G
02/22/2020 20:00:00,PT Level,0.00,in,G
02/22/2020 20:00:00,Flow_cfs,0.00,,G
02/22/2020 20:00:00,FlowVolume,0.00,,G
02/22/2020 20:05:00,PT Level,0.00,in,G
02/22/2020 20:05:00,Flow_cfs,0.00,,G
02/22/2020 20:05:00,FlowVolume,0.00,,G
02/22/2020 20:10:00,PT Level,0.00,in,G
02/22/2020 20:10:00,Flow_cfs,0.00,,G
02/22/2020 20:10:00,FlowVolume,0.00,,G
02/22/2020 20:15:00,PT Level,0.00,in,G
02/22/2020 20:15:00,Flow_cfs,0.00,,G
02/22/2020 20:15:00,FlowVolume,0.00,,G
02/22/2020 20:20:00,PT Level,0.00,in,G
02/22/2020 20:20:00,Flow_cfs,0.01,,G
02/22/2020 20:20:00,FlowVolume,0.00,,G
02/22/2020 20:25:00,PT Level,0.00,in,G
02/22/2020 20:25:00,Flow_cfs,0.00,,G
02/22/2020 20:25:00,FlowVolume,0.00,,G
02/22/2020 20:30:00,PT Level,0.00,in,G
02/22/2020 20:30:00,Flow_cfs,0.00,,G
02/22/2020 20:30:00,FlowVolume,0.00,,G
02/22/2020 20:35:00,PT Level,0.00,in,G
02/22/2020 20:35:00,Flow_cfs,0.00,,G
02/22/2020 20:35:00,FlowVolume,0.00,,G
02/22/2020 20:40:00,PT Level,0.00,in,G
02/22/2020 20:40:00,Flow_cfs,0.00,,G
02/22/2020 20:40:00,FlowVolume,0.00,,G
02/22/2020 20:45:00,PT Level,0.00,in,G
02/22/2020 20:45:00,Flow_cfs,0.00,,G
02/22/2020 20:45:00,FlowVolume,0.00,,G
02/22/2020 20:50:00,PT Level,-0.00,in,G
02/22/2020 20:50:00,Flow_cfs,0.00,,G
02/22/2020 20:50:00,FlowVolume,0.00,,G
02/22/2020 20:55:00,PT Level,-0.00,in,G
02/22/2020 20:55:00,Flow_cfs,0.00,,G
02/22/2020 20:55:00,FlowVolume,0.00,,G
02/22/2020 21:00:00,PT Level,0.00,in,G
02/22/2020 21:00:00,Flow_cfs,0.00,,G
02/22/2020 21:00:00,FlowVolume,0.00,,G
02/22/2020 21:05:00,PT Level,0.00,in,G
02/22/2020 21:05:00,Flow_cfs,0.00,,G
02/22/2020 21:05:00,FlowVolume,0.00,,G
02/22/2020 21:10:00,PT Level,0.00,in,G
02/22/2020 21:10:00,Flow_cfs,0.00,,G
02/22/2020 21:10:00,FlowVolume,0.00,,G
02/22/2020 21:15:00,PT Level,0.00,in,G
02/22/2020 21:15:00,Flow_cfs,0.01,,G
02/22/2020 21:15:00,FlowVolume,0.00,,G
02/22/2020 21:20:00,PT Level,0.00,in,G
02/22/2020 21:20:00,Flow_cfs,0.00,,G
02/22/2020 21:20:00,FlowVolume,0.00,,G
02/22/2020 21:25:00,PT Level,0.00,in,G
02/22/2020 21:25:00,Flow_cfs,0.00,,G
02/22/2020 21:25:00,FlowVolume,0.00,,G
02/22/2020 21:30:00,PT Level,0.00,in,G
02/22/2020 21:30:00,Flow_cfs,0.00,,G
02/22/2020 21:30:00,FlowVolume,0.00,,G
02/22/2020 21:35:00,PT Level,0.00,in,G
02/22/2020 21:35:00,Flow_cfs,0.01,,G
02/22/2020 21:35:00,FlowVolume,0.00,,G
02/22/2020 21:40:00,PT Level,0.00,in,G
02/22/2020 21:40:00,Flow_cfs,0.00,,G
02/22/2020 21:40:00,FlowVolume,0.00,,G
02/22/2020 21:45:00,PT Level,0.00,in,G
02/22/2020 21:45:00,Flow_cfs,0.00,,G
02/22/2020 21:45:00,FlowVolume,0.00,,G
02/22/2020 21:50:00,PT Level,0.00,in,G
02/22/2020 21:50:00,Flow_cfs,0.01,,G
02/22/2020 21:50:00,FlowVolume,0.00,,G
02/22/2020 21:55:00,PT Level,0.00,in,G
02/22/2020 21:55:00,Flow_cfs,0.00,,G
02/22/2020 21:55:00,FlowVolume,0.00,,G
02/22/2020 22:00:00,PT Level,0.00,in,G
02/22/2020 22:00:00,Flow_cfs,0.00,,G
02/22/2020 22:00:00,FlowVolume,0.00,,G
02/22/2020 22:05:00,PT Level,0.00,in,G
02/22/2020 22:05:00,Flow_cfs,0.00,,G
02/22/2020 22:05:00,FlowVolume,0.00,,G
02/22/2020 22:10:00,PT Level,-0.00,in,G
02/22/2020 22:10:00,Flow_cfs,0.00,,G
02/22/2020 22:10:00,FlowVolume,0.00,,G
02/22/2020 22:15:00,PT Level,-0.00,in,G
02/22/2020 22:15:00,Flow_cfs,0.00,,G
02/22/2020 22:15:00,FlowVolume,0.00,,G
02/22/2020 22:20:00,PT Level,0.00,in,G
02/22/2020 22:20:00,Flow_cfs,0.00,,G
02/22/2020 22:20:00,FlowVolume,0.00,,G
02/22/2020 22:25:00,PT Level,0.00,in,G
02/22/2020 22:25:00,Flow_cfs,0.00,,G
02/22/2020 22:25:00,FlowVolume,0.00,,G
02/22/2020 22:30:00,PT Level,-0.00,in,G
02/22/2020 22:30:00,Flow_cfs,0.00,,G
02/22/2020 22:30:00,FlowVolume,0.00,,G
02/22/2020 22:35:00,PT Level,-0.00,in,G
02/22/2020 22:35:00,Flow_cfs,0.00,,G
02/22/2020 22:35:00,FlowVolume,0.00,,G
02/22/2020 22:40:00,PT Level,0.00,in,G
02/22/2020 22:40:00,Flow_cfs,0.00,,G
02/22/2020 22:40:00,FlowVolume,0.00,,G
02/22/2020 22:45:00,PT Level,0.00,in,G
02/22/2020 22:45:00,Flow_cfs,0.00,,G
02/22/2020 22:45:00,FlowVolume,0.00,,G
02/22/2020 22:50:00,PT Level,0.00,in,G
02/22/2020 22:50:00,Flow_cfs,0.00,,G
02/22/2020 22:50:00,FlowVolume,0.00,,G
02/22/2020 22:55:00,PT Level,0.00,in,G
02/22/2020 22:55:00,Flow_cfs,0.00,,G
02/22/2020 22:55:00,FlowVolume,0.00,,G
02/22/2020 23:00:00,PT Level,0.00,in,G
02/22/2020 23:00:00,Flow_cfs,0.00,,G
02/22/2020 23:00:00,FlowVolume,0.00,,G
02/22/2020 23:05:00,PT Level,0.00,in,G
02/22/2020 23:05:00,Flow_cfs,0.00,,G
02/22/2020 23:05:00,FlowVolume,0.00,,G
02/22/2020 23:10:00,PT Level,0.00,in,G
02/22/2020 23:10:00,Flow_cfs,0.00,,G
02/22/2020 23:10:00,FlowVolume,0.00,,G
02/22/2020 23:15:00,PT Level,0.00,in,G
02/22/2020 23:15:00,Flow_cfs,0.00,,G
02/22/2020 23:15:00,FlowVolume,0.00,,G
02/22/2020 23:20:00,PT Level,0.00,in,G
02/22/2020 23:20:00,Flow_cfs,0.00,,G
02/22/2020 23:20:00,FlowVolume,0.00,,G
02/22/2020 23:25:00,PT Level,0.00,in,G
02/22/2020 23:25:00,Flow_cfs,0.00,,G
02/22/2020 23:25:00,FlowVolume,0.00,,G
02/22/2020 23:30:00,PT Level,0.00,in,G
02/22/2020 23:30:00,Flow_cfs,0.00,,G
02/22/2020 23:30:00,FlowVolume,0.00,,G
02/22/2020 23:35:00,PT Level,0.00,in,G
02/22/2020 23:35:00,Flow_cfs,0.00,,G
02/22/2020 23:35:00,FlowVolume,0.00,,G
02/22/2020 23:40:00,PT Level,0.00,in,G
02/22/2020 23:40:00,Flow_cfs,0.00,,G
02/22/2020 23:40:00,FlowVolume,0.00,,G
02/22/2020 23:45:00,PT Level,0.00,in,G
02/22/2020 23:45:00,Flow_cfs,0.00,,G
02/22/2020 23:45:00,FlowVolume,0.00,,G
02/22/2020 23:50:00,PT Level,0.00,in,G
02/22/2020 23:50:00,Flow_cfs,0.00,,G
02/22/2020 23:50:00,FlowVolume,0.00,,G
02/22/2020 23:55:00,PT Level,0.00,in,G
02/22/2020 23:55:00,Flow_cfs,0.00,,G
02/22/2020 23:55:00,FlowVolume,0.00,,G
02/23/2020 00:00:00,PT Level,-0.00,in,G
02/23/2020 00:00:00,Flow_cfs,0.00,,G
02/23/2020 00:00:00,FlowVolume,0.00,,G
02/23/2020 00:05:00,PT Level,0.00,in,G
02/23/2020 00:05:00,Flow_cfs,0.00,,G
02/23/2020 00:05:00,FlowVolume,0.00,,G
02/23/2020 00:10:00,PT Level,0.00,in,G
02/23/2020 00:10:00,Flow_cfs,0.00,,G
02/23/2020 00:10:00,FlowVolume,0.00,,G
02/23/2020 00:15:00,PT Level,0.00,in,G
02/23/2020 00:15:00,Flow_cfs,0.00,,G
02/23/2020 00:15:00,FlowVolume,0.00,,G
02/23/2020 00:20:00,PT Level,0.00,in,G
02/23/2020 00:20:00,Flow_cfs,0.00,,G
02/23/2020 00:20:00,FlowVolume,0.00,,G
02/23/2020 00:25:00,PT Level,-0.00,in,G
02/23/2020 00:25:00,Flow_cfs,0.00,,G
02/23/2020 00:25:00,FlowVolume,0.00,,G
02/23/2020 00:30:00,PT Level,0.00,in,G
02/23/2020 00:30:00,Flow_cfs,0.00,,G
02/23/2020 00:30:00,FlowVolume,0.00,,G
02/23/2020 00:35:00,PT Level,0.00,in,G
02/23/2020 00:35:00,Flow_cfs,0.00,,G
02/23/2020 00:35:00,FlowVolume,0.00,,G
02/23/2020 00:40:00,PT Level,-0.00,in,G
02/23/2020 00:40:00,Flow_cfs,0.00,,G
02/23/2020 00:40:00,FlowVolume,0.00,,G
02/23/2020 00:45:00,PT Level,0.00,in,G
02/23/2020 00:45:00,Flow_cfs,0.00,,G
02/23/2020 00:45:00,FlowVolume,0.00,,G
02/23/2020 00:50:00,PT Level,0.00,in,G
02/23/2020 00:50:00,Flow_cfs,0.00,,G
02/23/2020 00:50:00,FlowVolume,0.00,,G
02/23/2020 00:55:00,PT Level,-0.00,in,G
02/23/2020 00:55:00,Flow_cfs,0.00,,G
02/23/2020 00:55:00,FlowVolume,0.00,,G
02/23/2020 01:00:00,PT Level,-0.00,in,G
02/23/2020 01:00:00,Flow_cfs,0.00,,G
02/23/2020 01:00:00,FlowVolume,0.00,,G
02/23/2020 01:05:00,PT Level,0.00,in,G
02/23/2020 01:05:00,Flow_cfs,0.00,,G
02/23/2020 01:05:00,FlowVolume,0.00,,G
02/23/2020 01:10:00,PT Level,0.00,in,G
02/23/2020 01:10:00,Flow_cfs,0.00,,G
02/23/2020 01:10:00,FlowVolume,0.00,,G
02/23/2020 01:15:00,PT Level,0.00,in,G
02/23/2020 01:15:00,Flow_cfs,0.00,,G
02/23/2020 01:15:00,FlowVolume,0.00,,G
02/23/2020 01:20:00,PT Level,0.00,in,G
02/23/2020 01:20:00,Flow_cfs,0.00,,G
02/23/2020 01:20:00,FlowVolume,0.00,,G
02/23/2020 01:25:00,PT Level,0.00,in,G
02/23/2020 01:25:00,Flow_cfs,0.00,,G
02/23/2020 01:25:00,FlowVolume,0.00,,G
02/23/2020 01:30:00,PT Level,0.00,in,G
02/23/2020 01:30:00,Flow_cfs,0.00,,G
02/23/2020 01:30:00,FlowVolume,0.00,,G
02/23/2020 01:35:00,PT Level,0.00,in,G
02/23/2020 01:35:00,Flow_cfs,0.00,,G
02/23/2020 01:35:00,FlowVolume,0.00,,G
02/23/2020 01:40:00,PT Level,0.00,in,G
02/23/2020 01:40:00,Flow_cfs,0.00,,G
02/23/2020 01:40:00,FlowVolume,0.00,,G
02/23/2020 01:45:00,PT Level,0.00,in,G
02/23/2020 01:45:00,Flow_cfs,0.00,,G
02/23/2020 01:45:00,FlowVolume,0.00,,G
02/23/2020 01:50:00,PT Level,0.00,in,G
02/23/2020 01:50:00,Flow_cfs,0.00,,G
02/23/2020 01:50:00,FlowVolume,0.00,,G
02/23/2020 01:55:00,PT Level,0.00,in,G
02/23/2020 01:55:00,Flow_cfs,0.00,,G
02/23/2020 01:55:00,FlowVolume,0.00,,G
02/23/2020 02:00:00,PT Level,0.00,in,G
02/23/2020 02:00:00,Flow_cfs,0.00,,G
02/23/2020 02:00:00,FlowVolume,0.00,,G
02/23/2020 02:05:00,PT Level,0.00,in,G
02/23/2020 02:05:00,Flow_cfs,0.00,,G
02/23/2020 02:05:00,FlowVolume,0.00,,G
02/23/2020 02:10:00,PT Level,0.00,in,G
02/23/2020 02:10:00,Flow_cfs,0.00,,G
02/23/2020 02:10:00,FlowVolume,0.00,,G
02/23/2020 02:15:00,PT Level,0.00,in,G
02/23/2020 02:15:00,Flow_cfs,0.00,,G
02/23/2020 02:15:00,FlowVolume,0.00,,G
02/23/2020 02:20:00,PT Level,0.00,in,G
02/23/2020 02:20:00,Flow_cfs,0.00,,G
02/23/2020 02:20:00,FlowVolume,0.00,,G
02/23/2020 02:25:00,PT Level,0.00,in,G
02/23/2020 02:25:00,Flow_cfs,0.00,,G
02/23/2020 02:25:00,FlowVolume,0.00,,G
02/23/2020 02:30:00,PT Level,0.00,in,G
02/23/2020 02:30:00,Flow_cfs,0.00,,G
02/23/2020 02:30:00,FlowVolume,0.00,,G
02/23/2020 02:35:00,PT Level,0.00,in,G
02/23/2020 02:35:00,Flow_cfs,0.00,,G
02/23/2020 02:35:00,FlowVolume,0.00,,G
02/23/2020 02:40:00,PT Level,0.00,in,G
02/23/2020 02:40:00,Flow_cfs,0.00,,G
02/23/2020 02:40:00,FlowVolume,0.00,,G
02/23/2020 02:45:00,PT Level,0.00,in,G
02/23/2020 02:45:00,Flow_cfs,0.00,,G
02/23/2020 02:45:00,FlowVolume,0.00,,G
02/23/2020 02:50:00,PT Level,0.00,in,G
02/23/2020 02:50:00,Flow_cfs,0.00,,G
02/23/2020 02:50:00,FlowVolume,0.00,,G
02/23/2020 02:55:00,PT Level,0.00,in,G
02/23/2020 02:55:00,Flow_cfs,0.00,,G
02/23/2020 02:55:00,FlowVolume,0.00,,G
02/23/2020 03:00:00,PT Level,0.00,in,G
02/23/2020 03:00:00,Flow_cfs,0.00,,G
02/23/2020 03:00:00,FlowVolume,0.00,,G
02/23/2020 03:05:00,PT Level,0.00,in,G
02/23/2020 03:05:00,Flow_cfs,0.00,,G
02/23/2020 03:05:00,FlowVolume,0.00,,G
02/23/2020 03:10:00,PT Level,0.00,in,G
02/23/2020 03:10:00,Flow_cfs,0.00,,G
02/23/2020 03:10:00,FlowVolume,0.00,,G
02/23/2020 03:15:00,PT Level,0.00,in,G
02/23/2020 03:15:00,Flow_cfs,0.00,,G
02/23/2020 03:15:00,FlowVolume,0.00,,G
02/23/2020 03:20:00,PT Level,0.00,in,G
02/23/2020 03:20:00,Flow_cfs,0.00,,G
02/23/2020 03:20:00,FlowVolume,0.00,,G
02/23/2020 03:25:00,PT Level,0.00,in,G
02/23/2020 03:25:00,Flow_cfs,0.00,,G
02/23/2020 03:25:00,FlowVolume,0.00,,G
02/23/2020 03:30:00,PT Level,0.00,in,G
02/23/2020 03:30:00,Flow_cfs,0.00,,G
02/23/2020 03:30:00,FlowVolume,0.00,,G
02/23/2020 03:35:00,PT Level,0.00,in,G
02/23/2020 03:35:00,Flow_cfs,0.00,,G
02/23/2020 03:35:00,FlowVolume,0.00,,G
02/23/2020 03:40:00,PT Level,0.00,in,G
02/23/2020 03:40:00,Flow_cfs,0.00,,G
02/23/2020 03:40:00,FlowVolume,0.00,,G
02/23/2020 03:45:00,PT Level,0.00,in,G
02/23/2020 03:45:00,Flow_cfs,0.00,,G
02/23/2020 03:45:00,FlowVolume,0.00,,G
02/23/2020 03:50:00,PT Level,0.00,in,G
02/23/2020 03:50:00,Flow_cfs,0.00,,G
02/23/2020 03:50:00,FlowVolume,0.00,,G
02/23/2020 03:55:00,PT Level,0.00,in,G
02/23/2020 03:55:00,Flow_cfs,0.00,,G
02/23/2020 03:55:00,FlowVolume,0.00,,G
02/23/2020 04:00:00,PT Level,0.00,in,G
02/23/2020 04:00:00,Flow_cfs,0.00,,G
02/23/2020 04:00:00,FlowVolume,0.00,,G
02/23/2020 04:05:00,PT Level,0.00,in,G
02/23/2020 04:05:00,Flow_cfs,0.00,,G
02/23/2020 04:05:00,FlowVolume,0.00,,G
02/23/2020 04:10:00,PT Level,0.00,in,G
02/23/2020 04:10:00,Flow_cfs,0.00,,G
02/23/2020 04:10:00,FlowVolume,0.00,,G
02/23/2020 04:15:00,PT Level,0.00,in,G
02/23/2020 04:15:00,Flow_cfs,0.00,,G
02/23/2020 04:15:00,FlowVolume,0.00,,G
02/23/2020 04:20:00,PT Level,0.00,in,G
02/23/2020 04:20:00,Flow_cfs,0.00,,G
02/23/2020 04:20:00,FlowVolume,0.00,,G
02/23/2020 04:25:00,PT Level,0.00,in,G
02/23/2020 04:25:00,Flow_cfs,0.00,,G
02/23/2020 04:25:00,FlowVolume,0.00,,G
02/23/2020 04:30:00,PT Level,0.00,in,G
02/23/2020 04:30:00,Flow_cfs,0.00,,G
02/23/2020 04:30:00,FlowVolume,0.00,,G
02/23/2020 04:35:00,PT Level,0.00,in,G
02/23/2020 04:35:00,Flow_cfs,0.00,,G
02/23/2020 04:35:00,FlowVolume,0.00,,G
02/23/2020 04:40:00,PT Level,0.00,in,G
02/23/2020 04:40:00,Flow_cfs,0.00,,G
02/23/2020 04:40:00,FlowVolume,0.00,,G
02/23/2020 04:45:00,PT Level,0.00,in,G
02/23/2020 04:45:00,Flow_cfs,0.00,,G
02/23/2020 04:45:00,FlowVolume,0.00,,G
02/23/2020 04:50:00,PT Level,0.00,in,G
02/23/2020 04:50:00,Flow_cfs,0.00,,G
02/23/2020 04:50:00,FlowVolume,0.00,,G
02/23/2020 04:55:00,PT Level,0.00,in,G
02/23/2020 04:55:00,Flow_cfs,0.00,,G
02/23/2020 04:55:00,FlowVolume,0.00,,G
02/23/2020 05:00:00,PT Level,0.00,in,G
02/23/2020 05:00:00,Flow_cfs,0.00,,G
02/23/2020 05:00:00,FlowVolume,0.00,,G
02/23/2020 05:05:00,PT Level,0.00,in,G
02/23/2020 05:05:00,Flow_cfs,0.00,,G
02/23/2020 05:05:00,FlowVolume,0.00,,G
02/23/2020 05:10:00,PT Level,0.00,in,G
02/23/2020 05:10:00,Flow_cfs,0.00,,G
02/23/2020 05:10:00,FlowVolume,0.00,,G
02/23/2020 05:15:00,PT Level,0.00,in,G
02/23/2020 05:15:00,Flow_cfs,0.00,,G
02/23/2020 05:15:00,FlowVolume,0.00,,G
02/23/2020 05:20:00,PT Level,0.00,in,G
02/23/2020 05:20:00,Flow_cfs,0.00,,G
02/23/2020 05:20:00,FlowVolume,0.00,,G
02/23/2020 05:25:00,PT Level,0.00,in,G
02/23/2020 05:25:00,Flow_cfs,0.00,,G
02/23/2020 05:25:00,FlowVolume,0.00,,G
02/23/2020 05:30:00,PT Level,0.00,in,G
02/23/2020 05:30:00,Flow_cfs,0.00,,G
02/23/2020 05:30:00,FlowVolume,0.00,,G
02/23/2020 05:35:00,PT Level,0.00,in,G
02/23/2020 05:35:00,Flow_cfs,0.00,,G
02/23/2020 05:35:00,FlowVolume,0.00,,G
02/23/2020 05:40:00,PT Level,0.00,in,G
02/23/2020 05:40:00,Flow_cfs,0.00,,G
02/23/2020 05:40:00,FlowVolume,0.00,,G
02/23/2020 05:45:00,PT Level,0.00,in,G
02/23/2020 05:45:00,Flow_cfs,0.00,,G
02/23/2020 05:45:00,FlowVolume,0.00,,G
02/23/2020 05:50:00,PT Level,0.00,in,G
02/23/2020 05:50:00,Flow_cfs,0.00,,G
02/23/2020 05:50:00,FlowVolume,0.00,,G
02/23/2020 05:55:00,PT Level,0.00,in,G
02/23/2020 05:55:00,Flow_cfs,0.00,,G
02/23/2020 05:55:00,FlowVolume,0.00,,G
02/23/2020 06:00:00,PT Level,0.00,in,G
02/23/2020 06:00:00,Flow_cfs,0.00,,G
02/23/2020 06:00:00,FlowVolume,0.00,,G
02/23/2020 06:05:00,PT Level,0.00,in,G
02/23/2020 06:05:00,Flow_cfs,0.00,,G
02/23/2020 06:05:00,FlowVolume,0.00,,G
02/23/2020 06:10:00,PT Level,0.00,in,G
02/23/2020 06:10:00,Flow_cfs,0.00,,G
02/23/2020 06:10:00,FlowVolume,0.00,,G
02/23/2020 06:15:00,PT Level,0.00,in,G
02/23/2020 06:15:00,Flow_cfs,0.00,,G
02/23/2020 06:15:00,FlowVolume,0.00,,G
02/23/2020 06:20:00,PT Level,0.00,in,G
02/23/2020 06:20:00,Flow_cfs,0.00,,G
02/23/2020 06:20:00,FlowVolume,0.00,,G
02/23/2020 06:25:00,PT Level,0.00,in,G
02/23/2020 06:25:00,Flow_cfs,0.00,,G
02/23/2020 06:25:00,FlowVolume,0.00,,G
02/23/2020 06:30:00,PT Level,0.00,in,G
02/23/2020 06:30:00,Flow_cfs,0.00,,G
02/23/2020 06:30:00,FlowVolume,0.00,,G
02/23/2020 06:35:00,PT Level,0.00,in,G
02/23/2020 06:35:00,Flow_cfs,0.00,,G
02/23/2020 06:35:00,FlowVolume,0.00,,G
02/23/2020 06:40:00,PT Level,0.00,in,G
02/23/2020 06:40:00,Flow_cfs,0.00,,G
02/23/2020 06:40:00,FlowVolume,0.00,,G
02/23/2020 06:45:00,PT Level,0.00,in,G
02/23/2020 06:45:00,Flow_cfs,0.00,,G
02/23/2020 06:45:00,FlowVolume,0.00,,G
02/23/2020 06:50:00,PT Level,0.00,in,G
02/23/2020 06:50:00,Flow_cfs,0.00,,G
02/23/2020 06:50:00,FlowVolume,0.00,,G
02/23/2020 06:55:00,PT Level,0.00,in,G
02/23/2020 06:55:00,Flow_cfs,0.00,,G
02/23/2020 06:55:00,FlowVolume,0.00,,G
02/23/2020 07:00:00,PT Level,0.00,in,G
02/23/2020 07:00:00,Flow_cfs,0.00,,G
02/23/2020 07:00:00,FlowVolume,0.00,,G
02/23/2020 07:05:00,PT Level,0.00,in,G
02/23/2020 07:05:00,Flow_cfs,0.00,,G
02/23/2020 07:05:00,FlowVolume,0.00,,G
02/23/2020 07:10:00,PT Level,0.00,in,G
02/23/2020 07:10:00,Flow_cfs,0.00,,G
02/23/2020 07:10:00,FlowVolume,0.00,,G
02/23/2020 07:15:00,PT Level,0.00,in,G
02/23/2020 07:15:00,Flow_cfs,0.00,,G
02/23/2020 07:15:00,FlowVolume,0.00,,G
02/23/2020 07:20:00,PT Level,0.00,in,G
02/23/2020 07:20:00,Flow_cfs,0.00,,G
02/23/2020 07:20:00,FlowVolume,0.00,,G
02/23/2020 07:25:00,PT Level,0.00,in,G
02/23/2020 07:25:00,Flow_cfs,0.00,,G
02/23/2020 07:25:00,FlowVolume,0.00,,G
02/23/2020 07:30:00,PT Level,0.00,in,G
02/23/2020 07:30:00,Flow_cfs,0.00,,G
02/23/2020 07:30:00,FlowVolume,0.00,,G
02/23/2020 07:35:00,PT Level,0.00,in,G
02/23/2020 07:35:00,Flow_cfs,0.00,,G
02/23/2020 07:35:00,FlowVolume,0.00,,G
02/23/2020 07:40:00,PT Level,0.00,in,G
02/23/2020 07:40:00,Flow_cfs,0.00,,G
02/23/2020 07:40:00,FlowVolume,0.00,,G
02/23/2020 07:45:00,PT Level,-0.00,in,G
02/23/2020 07:45:00,Flow_cfs,0.00,,G
02/23/2020 07:45:00,FlowVolume,0.00,,G
02/23/2020 07:50:00,PT Level,0.00,in,G
02/23/2020 07:50:00,Flow_cfs,0.00,,G
02/23/2020 07:50:00,FlowVolume,0.00,,G
02/23/2020 07:55:00,PT Level,0.00,in,G
02/23/2020 07:55:00,Flow_cfs,0.00,,G
02/23/2020 07:55:00,FlowVolume,0.00,,G
02/23/2020 08:00:00,PT Level,0.00,in,G
02/23/2020 08:00:00,Flow_cfs,0.00,,G
02/23/2020 08:00:00,FlowVolume,0.00,,G
02/23/2020 08:05:00,PT Level,0.00,in,G
02/23/2020 08:05:00,Flow_cfs,0.00,,G
02/23/2020 08:05:00,FlowVolume,0.00,,G
02/23/2020 08:10:00,PT Level,0.00,in,G
02/23/2020 08:10:00,Flow_cfs,0.00,,G
02/23/2020 08:10:00,FlowVolume,0.00,,G
02/23/2020 08:15:00,PT Level,0.00,in,G
02/23/2020 08:15:00,Flow_cfs,0.00,,G
02/23/2020 08:15:00,FlowVolume,0.00,,G
02/23/2020 08:20:00,PT Level,0.00,in,G
02/23/2020 08:20:00,Flow_cfs,0.00,,G
02/23/2020 08:20:00,FlowVolume,0.00,,G
02/23/2020 08:25:00,PT Level,0.00,in,G
02/23/2020 08:25:00,Flow_cfs,0.00,,G
02/23/2020 08:25:00,FlowVolume,0.00,,G
02/23/2020 08:30:00,PT Level,0.00,in,G
02/23/2020 08:30:00,Flow_cfs,0.00,,G
02/23/2020 08:30:00,FlowVolume,0.00,,G
02/23/2020 08:35:00,PT Level,0.00,in,G
02/23/2020 08:35:00,Flow_cfs,0.00,,G
02/23/2020 08:35:00,FlowVolume,0.00,,G
02/23/2020 08:40:00,PT Level,0.00,in,G
02/23/2020 08:40:00,Flow_cfs,0.00,,G
02/23/2020 08:40:00,FlowVolume,0.00,,G
02/23/2020 08:45:00,PT Level,0.00,in,G
02/23/2020 08:45:00,Flow_cfs,0.00,,G
02/23/2020 08:45:00,FlowVolume,0.00,,G
02/23/2020 08:50:00,PT Level,0.00,in,G
02/23/2020 08:50:00,Flow_cfs,0.00,,G
02/23/2020 08:50:00,FlowVolume,0.00,,G
02/23/2020 08:55:00,PT Level,0.00,in,G
02/23/2020 08:55:00,Flow_cfs,0.00,,G
02/23/2020 08:55:00,FlowVolume,0.00,,G
02/23/2020 09:00:00,PT Level,0.00,in,G
02/23/2020 09:00:00,Flow_cfs,0.00,,G
02/23/2020 09:00:00,FlowVolume,0.00,,G
02/23/2020 09:05:00,PT Level,0.00,in,G
02/23/2020 09:05:00,Flow_cfs,0.00,,G
02/23/2020 09:05:00,FlowVolume,0.00,,G
02/23/2020 09:10:00,PT Level,0.00,in,G
02/23/2020 09:10:00,Flow_cfs,0.00,,G
02/23/2020 09:10:00,FlowVolume,0.00,,G
02/23/2020 09:15:00,PT Level,-0.00,in,G
02/23/2020 09:15:00,Flow_cfs,0.00,,G
02/23/2020 09:15:00,FlowVolume,0.00,,G
02/23/2020 09:20:00,PT Level,0.00,in,G
02/23/2020 09:20:00,Flow_cfs,0.00,,G
02/23/2020 09:20:00,FlowVolume,0.00,,G
02/23/2020 09:25:00,PT Level,0.00,in,G
02/23/2020 09:25:00,Flow_cfs,0.00,,G
02/23/2020 09:25:00,FlowVolume,0.00,,G
02/23/2020 09:30:00,PT Level,0.00,in,G
02/23/2020 09:30:00,Flow_cfs,0.00,,G
02/23/2020 09:30:00,FlowVolume,0.00,,G
02/23/2020 09:35:00,PT Level,0.00,in,G
02/23/2020 09:35:00,Flow_cfs,0.00,,G
02/23/2020 09:35:00,FlowVolume,0.00,,G
02/23/2020 09:40:00,PT Level,0.00,in,G
02/23/2020 09:40:00,Flow_cfs,0.00,,G
02/23/2020 09:40:00,FlowVolume,0.00,,G
02/23/2020 09:45:00,PT Level,0.00,in,G
02/23/2020 09:45:00,Flow_cfs,0.00,,G
02/23/2020 09:45:00,FlowVolume,0.00,,G
02/23/2020 09:50:00,PT Level,0.00,in,G
02/23/2020 09:50:00,Flow_cfs,0.00,,G
02/23/2020 09:50:00,FlowVolume,0.00,,G
02/23/2020 09:55:00,PT Level,0.00,in,G
02/23/2020 09:55:00,Flow_cfs,0.00,,G
02/23/2020 09:55:00,FlowVolume,0.00,,G
02/23/2020 10:00:00,PT Level,0.00,in,G
02/23/2020 10:00:00,Flow_cfs,0.00,,G
02/23/2020 10:00:00,FlowVolume,0.00,,G
02/23/2020 10:05:00,PT Level,0.00,in,G
02/23/2020 10:05:00,Flow_cfs,0.00,,G
02/23/2020 10:05:00,FlowVolume,0.00,,G
02/23/2020 10:10:00,PT Level,0.00,in,G
02/23/2020 10:10:00,Flow_cfs,0.00,,G
02/23/2020 10:10:00,FlowVolume,0.00,,G
02/23/2020 10:15:00,PT Level,0.00,in,G
02/23/2020 10:15:00,Flow_cfs,0.00,,G
02/23/2020 10:15:00,FlowVolume,0.00,,G
02/23/2020 10:20:00,PT Level,0.00,in,G
02/23/2020 10:20:00,Flow_cfs,0.00,,G
02/23/2020 10:20:00,FlowVolume,0.00,,G
02/23/2020 10:25:00,PT Level,0.00,in,G
02/23/2020 10:25:00,Flow_cfs,0.00,,G
02/23/2020 10:25:00,FlowVolume,0.00,,G
02/23/2020 10:30:00,PT Level,0.00,in,G
02/23/2020 10:30:00,Flow_cfs,0.00,,G
02/23/2020 10:30:00,FlowVolume,0.00,,G
02/23/2020 10:35:00,PT Level,0.00,in,G
02/23/2020 10:35:00,Flow_cfs,0.00,,G
02/23/2020 10:35:00,FlowVolume,0.00,,G
02/23/2020 10:40:00,PT Level,0.00,in,G
02/23/2020 10:40:00,Flow_cfs,0.00,,G
02/23/2020 10:40:00,FlowVolume,0.00,,G
02/23/2020 10:45:00,PT Level,0.00,in,G
02/23/2020 10:45:00,Flow_cfs,0.00,,G
02/23/2020 10:45:00,FlowVolume,0.00,,G
02/23/2020 10:50:00,PT Level,0.00,in,G
02/23/2020 10:50:00,Flow_cfs,0.00,,G
02/23/2020 10:50:00,FlowVolume,0.00,,G
02/23/2020 10:55:00,PT Level,0.00,in,G
02/23/2020 10:55:00,Flow_cfs,0.00,,G
02/23/2020 10:55:00,FlowVolume,0.00,,G
02/23/2020 11:00:00,PT Level,0.00,in,G
02/23/2020 11:00:00,Flow_cfs,0.00,,G
02/23/2020 11:00:00,FlowVolume,0.00,,G
02/23/2020 11:05:00,PT Level,0.00,in,G
02/23/2020 11:05:00,Flow_cfs,0.00,,G
02/23/2020 11:05:00,FlowVolume,0.00,,G
02/23/2020 11:10:00,PT Level,0.00,in,G
02/23/2020 11:10:00,Flow_cfs,0.00,,G
02/23/2020 11:10:00,FlowVolume,0.00,,G
02/23/2020 11:15:00,PT Level,0.00,in,G
02/23/2020 11:15:00,Flow_cfs,0.00,,G
02/23/2020 11:15:00,FlowVolume,0.00,,G
02/23/2020 11:20:00,PT Level,0.00,in,G
02/23/2020 11:20:00,Flow_cfs,0.00,,G
02/23/2020 11:20:00,FlowVolume,0.00,,G
02/23/2020 11:25:00,PT Level,-0.00,in,G
02/23/2020 11:25:00,Flow_cfs,0.00,,G
02/23/2020 11:25:00,FlowVolume,0.00,,G
02/23/2020 11:30:00,PT Level,0.00,in,G
02/23/2020 11:30:00,Flow_cfs,0.00,,G
02/23/2020 11:30:00,FlowVolume,0.00,,G
02/23/2020 11:35:00,PT Level,0.00,in,G
02/23/2020 11:35:00,Flow_cfs,0.00,,G
02/23/2020 11:35:00,FlowVolume,0.00,,G
02/23/2020 11:40:00,PT Level,0.00,in,G
02/23/2020 11:40:00,Flow_cfs,0.00,,G
02/23/2020 11:40:00,FlowVolume,0.00,,G
02/23/2020 11:45:00,PT Level,0.00,in,G
02/23/2020 11:45:00,Flow_cfs,0.00,,G
02/23/2020 11:45:00,FlowVolume,0.00,,G
02/23/2020 11:50:00,PT Level,0.00,in,G
02/23/2020 11:50:00,Flow_cfs,0.00,,G
02/23/2020 11:50:00,FlowVolume,0.00,,G
02/23/2020 11:55:00,PT Level,0.00,in,G
02/23/2020 11:55:00,Flow_cfs,0.00,,G
02/23/2020 11:55:00,FlowVolume,0.00,,G
02/23/2020 12:00:00,PT Level,0.00,in,G
02/23/2020 12:00:00,Flow_cfs,0.00,,G
02/23/2020 12:00:00,FlowVolume,0.00,,G
02/23/2020 12:05:00,PT Level,0.00,in,G
02/23/2020 12:05:00,Flow_cfs,0.00,,G
02/23/2020 12:05:00,FlowVolume,0.00,,G
02/23/2020 12:10:00,PT Level,0.00,in,G
02/23/2020 12:10:00,Flow_cfs,0.00,,G
02/23/2020 12:10:00,FlowVolume,0.00,,G
02/23/2020 12:15:00,PT Level,0.00,in,G
02/23/2020 12:15:00,Flow_cfs,0.00,,G
02/23/2020 12:15:00,FlowVolume,0.00,,G
02/23/2020 12:20:00,PT Level,0.00,in,G
02/23/2020 12:20:00,Flow_cfs,0.00,,G
02/23/2020 12:20:00,FlowVolume,0.00,,G
02/23/2020 12:25:00,PT Level,0.00,in,G
02/23/2020 12:25:00,Flow_cfs,0.00,,G
02/23/2020 12:25:00,FlowVolume,0.00,,G
02/23/2020 12:30:00,PT Level,-0.00,in,G
02/23/2020 12:30:00,Flow_cfs,0.00,,G
02/23/2020 12:30:00,FlowVolume,0.00,,G
02/23/2020 12:35:00,PT Level,0.00,in,G
02/23/2020 12:35:00,Flow_cfs,0.00,,G
02/23/2020 12:35:00,FlowVolume,0.00,,G
02/23/2020 12:40:00,PT Level,0.00,in,G
02/23/2020 12:40:00,Flow_cfs,0.00,,G
02/23/2020 12:40:00,FlowVolume,0.00,,G
02/23/2020 12:45:00,PT Level,0.00,in,G
02/23/2020 12:45:00,Flow_cfs,0.00,,G
02/23/2020 12:45:00,FlowVolume,0.00,,G
02/23/2020 12:50:00,PT Level,0.00,in,G
02/23/2020 12:50:00,Flow_cfs,0.00,,G
02/23/2020 12:50:00,FlowVolume,0.00,,G
02/23/2020 12:55:00,PT Level,0.00,in,G
02/23/2020 12:55:00,Flow_cfs,0.00,,G
02/23/2020 12:55:00,FlowVolume,0.00,,G
02/23/2020 13:00:00,PT Level,0.00,in,G
02/23/2020 13:00:00,Flow_cfs,0.00,,G
02/23/2020 13:00:00,FlowVolume,0.00,,G
02/23/2020 13:05:00,PT Level,0.00,in,G
02/23/2020 13:05:00,Flow_cfs,0.00,,G
02/23/2020 13:05:00,FlowVolume,0.00,,G
02/23/2020 13:10:00,PT Level,0.00,in,G
02/23/2020 13:10:00,Flow_cfs,0.00,,G
02/23/2020 13:10:00,FlowVolume,0.00,,G
02/23/2020 13:15:00,PT Level,0.00,in,G
02/23/2020 13:15:00,Flow_cfs,0.00,,G
02/23/2020 13:15:00,FlowVolume,0.00,,G
02/23/2020 13:20:00,PT Level,0.00,in,G
02/23/2020 13:20:00,Flow_cfs,0.00,,G
02/23/2020 13:20:00,FlowVolume,0.00,,G
02/23/2020 13:25:00,PT Level,0.00,in,G
02/23/2020 13:25:00,Flow_cfs,0.00,,G
02/23/2020 13:25:00,FlowVolume,0.00,,G
02/23/2020 13:30:00,PT Level,0.00,in,G
02/23/2020 13:30:00,Flow_cfs,0.00,,G
02/23/2020 13:30:00,FlowVolume,0.00,,G
02/23/2020 13:35:00,PT Level,0.00,in,G
02/23/2020 13:35:00,Flow_cfs,0.00,,G
02/23/2020 13:35:00,FlowVolume,0.00,,G
02/23/2020 13:40:00,PT Level,0.00,in,G
02/23/2020 13:40:00,Flow_cfs,0.00,,G
02/23/2020 13:40:00,FlowVolume,0.00,,G
02/23/2020 13:45:00,PT Level,0.00,in,G
02/23/2020 13:45:00,Flow_cfs,0.00,,G
02/23/2020 13:45:00,FlowVolume,0.00,,G
02/23/2020 13:50:00,PT Level,-0.00,in,G
02/23/2020 13:50:00,Flow_cfs,0.00,,G
02/23/2020 13:50:00,FlowVolume,0.00,,G
02/23/2020 13:55:00,PT Level,0.00,in,G
02/23/2020 13:55:00,Flow_cfs,0.00,,G
02/23/2020 13:55:00,FlowVolume,0.00,,G
02/23/2020 14:00:00,PT Level,0.00,in,G
02/23/2020 14:00:00,Flow_cfs,0.00,,G
02/23/2020 14:00:00,FlowVolume,0.00,,G
02/23/2020 14:05:00,PT Level,-0.00,in,G
02/23/2020 14:05:00,Flow_cfs,0.00,,G
02/23/2020 14:05:00,FlowVolume,0.00,,G
02/23/2020 14:10:00,PT Level,0.00,in,G
02/23/2020 14:10:00,Flow_cfs,0.00,,G
02/23/2020 14:10:00,FlowVolume,0.00,,G
02/23/2020 14:15:00,PT Level,0.00,in,G
02/23/2020 14:15:00,Flow_cfs,0.00,,G
02/23/2020 14:15:00,FlowVolume,0.00,,G
02/23/2020 14:20:00,PT Level,0.00,in,G
02/23/2020 14:20:00,Flow_cfs,0.00,,G
02/23/2020 14:20:00,FlowVolume,0.00,,G
02/23/2020 14:25:00,PT Level,0.00,in,G
02/23/2020 14:25:00,Flow_cfs,0.00,,G
02/23/2020 14:25:00,FlowVolume,0.00,,G
02/23/2020 14:30:00,PT Level,0.00,in,G
02/23/2020 14:30:00,Flow_cfs,0.00,,G
02/23/2020 14:30:00,FlowVolume,0.00,,G
02/23/2020 14:35:00,PT Level,0.00,in,G
02/23/2020 14:35:00,Flow_cfs,0.00,,G
02/23/2020 14:35:00,FlowVolume,0.00,,G
02/23/2020 14:40:00,PT Level,0.00,in,G
02/23/2020 14:40:00,Flow_cfs,0.00,,G
02/23/2020 14:40:00,FlowVolume,0.00,,G
02/23/2020 14:45:00,PT Level,0.00,in,G
02/23/2020 14:45:00,Flow_cfs,0.00,,G
02/23/2020 14:45:00,FlowVolume,0.00,,G
02/23/2020 14:50:00,PT Level,0.00,in,G
02/23/2020 14:50:00,Flow_cfs,0.00,,G
02/23/2020 14:50:00,FlowVolume,0.00,,G
02/23/2020 14:55:00,PT Level,0.00,in,G
02/23/2020 14:55:00,Flow_cfs,0.00,,G
02/23/2020 14:55:00,FlowVolume,0.00,,G
02/23/2020 15:00:00,PT Level,0.00,in,G
02/23/2020 15:00:00,Flow_cfs,0.00,,G
02/23/2020 15:00:00,FlowVolume,0.00,,G
02/23/2020 15:05:00,PT Level,0.00,in,G
02/23/2020 15:05:00,Flow_cfs,0.00,,G
02/23/2020 15:05:00,FlowVolume,0.00,,G
02/23/2020 15:10:00,PT Level,0.00,in,G
02/23/2020 15:10:00,Flow_cfs,0.00,,G
02/23/2020 15:10:00,FlowVolume,0.00,,G
02/23/2020 15:15:00,PT Level,0.00,in,G
02/23/2020 15:15:00,Flow_cfs,0.00,,G
02/23/2020 15:15:00,FlowVolume,0.00,,G
02/23/2020 15:20:00,PT Level,0.00,in,G
02/23/2020 15:20:00,Flow_cfs,0.00,,G
02/23/2020 15:20:00,FlowVolume,0.00,,G
02/23/2020 15:25:00,PT Level,0.00,in,G
02/23/2020 15:25:00,Flow_cfs,0.00,,G
02/23/2020 15:25:00,FlowVolume,0.00,,G
02/23/2020 15:30:00,PT Level,-0.00,in,G
02/23/2020 15:30:00,Flow_cfs,0.00,,G
02/23/2020 15:30:00,FlowVolume,0.00,,G
02/23/2020 15:35:00,PT Level,0.00,in,G
02/23/2020 15:35:00,Flow_cfs,0.00,,G
02/23/2020 15:35:00,FlowVolume,0.00,,G
02/23/2020 15:40:00,PT Level,0.00,in,G
02/23/2020 15:40:00,Flow_cfs,0.00,,G
02/23/2020 15:40:00,FlowVolume,0.00,,G
02/23/2020 15:45:00,PT Level,0.00,in,G
02/23/2020 15:45:00,Flow_cfs,0.00,,G
02/23/2020 15:45:00,FlowVolume,0.00,,G
02/23/2020 15:50:00,PT Level,0.00,in,G
02/23/2020 15:50:00,Flow_cfs,0.00,,G
02/23/2020 15:50:00,FlowVolume,0.00,,G
02/23/2020 15:55:00,PT Level,0.00,in,G
02/23/2020 15:55:00,Flow_cfs,0.00,,G
02/23/2020 15:55:00,FlowVolume,0.00,,G
02/23/2020 16:00:00,PT Level,-0.00,in,G
02/23/2020 16:00:00,Flow_cfs,0.00,,G
02/23/2020 16:00:00,FlowVolume,0.00,,G
02/23/2020 16:05:00,PT Level,-0.00,in,G
02/23/2020 16:05:00,Flow_cfs,0.00,,G
02/23/2020 16:05:00,FlowVolume,0.00,,G
02/23/2020 16:10:00,PT Level,0.00,in,G
02/23/2020 16:10:00,Flow_cfs,0.00,,G
02/23/2020 16:10:00,FlowVolume,0.00,,G
02/23/2020 16:15:00,PT Level,0.00,in,G
02/23/2020 16:15:00,Flow_cfs,0.00,,G
02/23/2020 16:15:00,FlowVolume,0.00,,G
02/23/2020 16:20:00,PT Level,0.00,in,G
02/23/2020 16:20:00,Flow_cfs,0.00,,G
02/23/2020 16:20:00,FlowVolume,0.00,,G
02/23/2020 16:25:00,PT Level,0.00,in,G
02/23/2020 16:25:00,Flow_cfs,0.00,,G
02/23/2020 16:25:00,FlowVolume,0.00,,G
02/23/2020 16:30:00,PT Level,0.00,in,G
02/23/2020 16:30:00,Flow_cfs,0.00,,G
02/23/2020 16:30:00,FlowVolume,0.00,,G
02/23/2020 16:35:00,PT Level,-0.00,in,G
02/23/2020 16:35:00,Flow_cfs,0.00,,G
02/23/2020 16:35:00,FlowVolume,0.00,,G
02/23/2020 16:40:00,PT Level,0.00,in,G
02/23/2020 16:40:00,Flow_cfs,0.00,,G
02/23/2020 16:40:00,FlowVolume,0.00,,G
02/23/2020 16:45:00,PT Level,0.00,in,G
02/23/2020 16:45:00,Flow_cfs,0.00,,G
02/23/2020 16:45:00,FlowVolume,0.00,,G
02/23/2020 16:50:00,PT Level,0.00,in,G
02/23/2020 16:50:00,Flow_cfs,0.00,,G
02/23/2020 16:50:00,FlowVolume,0.00,,G
02/23/2020 16:55:00,PT Level,-0.00,in,G
02/23/2020 16:55:00,Flow_cfs,0.00,,G
02/23/2020 16:55:00,FlowVolume,0.00,,G
02/23/2020 17:00:00,PT Level,0.00,in,G
02/23/2020 17:00:00,Flow_cfs,0.00,,G
02/23/2020 17:00:00,FlowVolume,0.00,,G
02/23/2020 17:05:00,PT Level,-0.00,in,G
02/23/2020 17:05:00,Flow_cfs,0.00,,G
02/23/2020 17:05:00,FlowVolume,0.00,,G
02/23/2020 17:10:00,PT Level,0.00,in,G
02/23/2020 17:10:00,Flow_cfs,0.00,,G
02/23/2020 17:10:00,FlowVolume,0.00,,G
02/23/2020 17:15:00,PT Level,-0.00,in,G
02/23/2020 17:15:00,Flow_cfs,0.00,,G
02/23/2020 17:15:00,FlowVolume,0.00,,G
02/23/2020 17:20:00,PT Level,0.00,in,G
02/23/2020 17:20:00,Flow_cfs,0.00,,G
02/23/2020 17:20:00,FlowVolume,0.00,,G
02/23/2020 17:25:00,PT Level,0.00,in,G
02/23/2020 17:25:00,Flow_cfs,0.00,,G
02/23/2020 17:25:00,FlowVolume,0.00,,G
02/23/2020 17:30:00,PT Level,-0.00,in,G
02/23/2020 17:30:00,Flow_cfs,0.00,,G
02/23/2020 17:30:00,FlowVolume,0.00,,G
02/23/2020 17:35:00,PT Level,-0.00,in,G
02/23/2020 17:35:00,Flow_cfs,0.00,,G
02/23/2020 17:35:00,FlowVolume,0.00,,G
02/23/2020 17:40:00,PT Level,-0.00,in,G
02/23/2020 17:40:00,Flow_cfs,0.00,,G
02/23/2020 17:40:00,FlowVolume,0.00,,G
02/23/2020 17:45:00,PT Level,-0.00,in,G
02/23/2020 17:45:00,Flow_cfs,0.00,,G
02/23/2020 17:45:00,FlowVolume,0.00,,G
02/23/2020 17:50:00,PT Level,-0.00,in,G
02/23/2020 17:50:00,Flow_cfs,0.00,,G
02/23/2020 17:50:00,FlowVolume,0.00,,G
02/23/2020 17:55:00,PT Level,0.00,in,G
02/23/2020 17:55:00,Flow_cfs,0.00,,G
02/23/2020 17:55:00,FlowVolume,0.00,,G
02/23/2020 18:00:00,PT Level,-0.00,in,G
02/23/2020 18:00:00,Flow_cfs,0.00,,G
02/23/2020 18:00:00,FlowVolume,0.00,,G
02/23/2020 18:05:00,PT Level,0.00,in,G
02/23/2020 18:05:00,Flow_cfs,0.00,,G
02/23/2020 18:05:00,FlowVolume,0.00,,G
02/23/2020 18:10:00,PT Level,-0.00,in,G
02/23/2020 18:10:00,Flow_cfs,0.00,,G
02/23/2020 18:10:00,FlowVolume,0.00,,G
02/23/2020 18:15:00,PT Level,0.00,in,G
02/23/2020 18:15:00,Flow_cfs,0.00,,G
02/23/2020 18:15:00,FlowVolume,0.00,,G
02/23/2020 18:20:00,PT Level,0.00,in,G
02/23/2020 18:20:00,Flow_cfs,0.00,,G
02/23/2020 18:20:00,FlowVolume,0.00,,G
02/23/2020 18:25:00,PT Level,-0.00,in,G
02/23/2020 18:25:00,Flow_cfs,0.00,,G
02/23/2020 18:25:00,FlowVolume,0.00,,G
02/23/2020 18:30:00,PT Level,0.00,in,G
02/23/2020 18:30:00,Flow_cfs,0.00,,G
02/23/2020 18:30:00,FlowVolume,0.00,,G
02/23/2020 18:35:00,PT Level,0.00,in,G
02/23/2020 18:35:00,Flow_cfs,0.00,,G
02/23/2020 18:35:00,FlowVolume,0.00,,G
02/23/2020 18:40:00,PT Level,0.00,in,G
02/23/2020 18:40:00,Flow_cfs,0.00,,G
02/23/2020 18:40:00,FlowVolume,0.00,,G
02/23/2020 18:45:00,PT Level,0.00,in,G
02/23/2020 18:45:00,Flow_cfs,0.00,,G
02/23/2020 18:45:00,FlowVolume,0.00,,G
02/23/2020 18:50:00,PT Level,0.00,in,G
02/23/2020 18:50:00,Flow_cfs,0.00,,G
02/23/2020 18:50:00,FlowVolume,0.00,,G
02/23/2020 18:55:00,PT Level,0.00,in,G
02/23/2020 18:55:00,Flow_cfs,0.00,,G
02/23/2020 18:55:00,FlowVolume,0.00,,G
02/23/2020 19:00:00,PT Level,0.00,in,G
02/23/2020 19:00:00,Flow_cfs,0.00,,G
02/23/2020 19:00:00,FlowVolume,0.00,,G
02/23/2020 19:05:00,PT Level,0.00,in,G
02/23/2020 19:05:00,Flow_cfs,0.00,,G
02/23/2020 19:05:00,FlowVolume,0.00,,G
02/23/2020 19:10:00,PT Level,0.00,in,G
02/23/2020 19:10:00,Flow_cfs,0.00,,G
02/23/2020 19:10:00,FlowVolume,0.00,,G
02/23/2020 19:15:00,PT Level,0.00,in,G
02/23/2020 19:15:00,Flow_cfs,0.00,,G
02/23/2020 19:15:00,FlowVolume,0.00,,G
02/23/2020 19:20:00,PT Level,0.00,in,G
02/23/2020 19:20:00,Flow_cfs,0.00,,G
02/23/2020 19:20:00,FlowVolume,0.00,,G
02/23/2020 19:25:00,PT Level,0.00,in,G
02/23/2020 19:25:00,Flow_cfs,0.00,,G
02/23/2020 19:25:00,FlowVolume,0.00,,G
02/23/2020 19:30:00,PT Level,0.00,in,G
02/23/2020 19:30:00,Flow_cfs,0.00,,G
02/23/2020 19:30:00,FlowVolume,0.00,,G
02/23/2020 19:35:00,PT Level,-0.00,in,G
02/23/2020 19:35:00,Flow_cfs,0.00,,G
02/23/2020 19:35:00,FlowVolume,0.00,,G
02/23/2020 19:40:00,PT Level,-0.00,in,G
02/23/2020 19:40:00,Flow_cfs,0.00,,G
02/23/2020 19:40:00,FlowVolume,0.00,,G
02/23/2020 19:45:00,PT Level,0.00,in,G
02/23/2020 19:45:00,Flow_cfs,0.00,,G
02/23/2020 19:45:00,FlowVolume,0.00,,G
02/23/2020 19:50:00,PT Level,0.00,in,G
02/23/2020 19:50:00,Flow_cfs,0.00,,G
02/23/2020 19:50:00,FlowVolume,0.00,,G
02/23/2020 19:55:00,PT Level,0.00,in,G
02/23/2020 19:55:00,Flow_cfs,0.00,,G
02/23/2020 19:55:00,FlowVolume,0.00,,G
02/23/2020 20:00:00,PT Level,0.00,in,G
02/23/2020 20:00:00,Flow_cfs,0.00,,G
02/23/2020 20:00:00,FlowVolume,0.00,,G
02/23/2020 20:05:00,PT Level,-0.00,in,G
02/23/2020 20:05:00,Flow_cfs,0.00,,G
02/23/2020 20:05:00,FlowVolume,0.00,,G
02/23/2020 20:10:00,PT Level,0.00,in,G
02/23/2020 20:10:00,Flow_cfs,0.00,,G
02/23/2020 20:10:00,FlowVolume,0.00,,G
02/23/2020 20:15:00,PT Level,-0.00,in,G
02/23/2020 20:15:00,Flow_cfs,0.00,,G
02/23/2020 20:15:00,FlowVolume,0.00,,G
02/23/2020 20:20:00,PT Level,0.00,in,G
02/23/2020 20:20:00,Flow_cfs,0.00,,G
02/23/2020 20:20:00,FlowVolume,0.00,,G
02/23/2020 20:25:00,PT Level,0.00,in,G
02/23/2020 20:25:00,Flow_cfs,0.00,,G
02/23/2020 20:25:00,FlowVolume,0.00,,G
02/23/2020 20:30:00,PT Level,0.00,in,G
02/23/2020 20:30:00,Flow_cfs,0.00,,G
02/23/2020 20:30:00,FlowVolume,0.00,,G
02/23/2020 20:35:00,PT Level,0.00,in,G
02/23/2020 20:35:00,Flow_cfs,0.00,,G
02/23/2020 20:35:00,FlowVolume,0.00,,G
02/23/2020 20:40:00,PT Level,0.00,in,G
02/23/2020 20:40:00,Flow_cfs,0.00,,G
02/23/2020 20:40:00,FlowVolume,0.00,,G
02/23/2020 20:45:00,PT Level,0.00,in,G
02/23/2020 20:45:00,Flow_cfs,0.00,,G
02/23/2020 20:45:00,FlowVolume,0.00,,G
02/23/2020 20:50:00,PT Level,0.00,in,G
02/23/2020 20:50:00,Flow_cfs,0.00,,G
02/23/2020 20:50:00,FlowVolume,0.00,,G
02/23/2020 20:55:00,PT Level,0.00,in,G
02/23/2020 20:55:00,Flow_cfs,0.00,,G
02/23/2020 20:55:00,FlowVolume,0.00,,G
02/23/2020 21:00:00,PT Level,0.00,in,G
02/23/2020 21:00:00,Flow_cfs,0.00,,G
02/23/2020 21:00:00,FlowVolume,0.00,,G
02/23/2020 21:05:00,PT Level,0.00,in,G
02/23/2020 21:05:00,Flow_cfs,0.00,,G
02/23/2020 21:05:00,FlowVolume,0.00,,G
02/23/2020 21:10:00,PT Level,0.00,in,G
02/23/2020 21:10:00,Flow_cfs,0.00,,G
02/23/2020 21:10:00,FlowVolume,0.00,,G
02/23/2020 21:15:00,PT Level,0.00,in,G
02/23/2020 21:15:00,Flow_cfs,0.00,,G
02/23/2020 21:15:00,FlowVolume,0.00,,G
02/23/2020 21:20:00,PT Level,0.00,in,G
02/23/2020 21:20:00,Flow_cfs,0.00,,G
02/23/2020 21:20:00,FlowVolume,0.00,,G
02/23/2020 21:25:00,PT Level,0.00,in,G
02/23/2020 21:25:00,Flow_cfs,0.00,,G
02/23/2020 21:25:00,FlowVolume,0.00,,G
02/23/2020 21:30:00,PT Level,0.00,in,G
02/23/2020 21:30:00,Flow_cfs,0.00,,G
02/23/2020 21:30:00,FlowVolume,0.00,,G
02/23/2020 21:35:00,PT Level,0.00,in,G
02/23/2020 21:35:00,Flow_cfs,0.00,,G
02/23/2020 21:35:00,FlowVolume,0.00,,G
02/23/2020 21:40:00,PT Level,0.00,in,G
02/23/2020 21:40:00,Flow_cfs,0.00,,G
02/23/2020 21:40:00,FlowVolume,0.00,,G
02/23/2020 21:45:00,PT Level,0.00,in,G
02/23/2020 21:45:00,Flow_cfs,0.00,,G
02/23/2020 21:45:00,FlowVolume,0.00,,G
02/23/2020 21:50:00,PT Level,0.00,in,G
02/23/2020 21:50:00,Flow_cfs,0.00,,G
02/23/2020 21:50:00,FlowVolume,0.00,,G
02/23/2020 21:55:00,PT Level,0.00,in,G
02/23/2020 21:55:00,Flow_cfs,0.00,,G
02/23/2020 21:55:00,FlowVolume,0.00,,G
02/23/2020 22:00:00,PT Level,-0.00,in,G
02/23/2020 22:00:00,Flow_cfs,0.00,,G
02/23/2020 22:00:00,FlowVolume,0.00,,G
02/23/2020 22:05:00,PT Level,0.00,in,G
02/23/2020 22:05:00,Flow_cfs,0.00,,G
02/23/2020 22:05:00,FlowVolume,0.00,,G
02/23/2020 22:10:00,PT Level,0.00,in,G
02/23/2020 22:10:00,Flow_cfs,0.00,,G
02/23/2020 22:10:00,FlowVolume,0.00,,G
02/23/2020 22:15:00,PT Level,0.00,in,G
02/23/2020 22:15:00,Flow_cfs,0.00,,G
02/23/2020 22:15:00,FlowVolume,0.00,,G
02/23/2020 22:20:00,PT Level,-0.00,in,G
02/23/2020 22:20:00,Flow_cfs,0.00,,G
02/23/2020 22:20:00,FlowVolume,0.00,,G
02/23/2020 22:25:00,PT Level,0.00,in,G
02/23/2020 22:25:00,Flow_cfs,0.00,,G
02/23/2020 22:25:00,FlowVolume,0.00,,G
02/23/2020 22:30:00,PT Level,0.00,in,G
02/23/2020 22:30:00,Flow_cfs,0.00,,G
02/23/2020 22:30:00,FlowVolume,0.00,,G
02/23/2020 22:35:00,PT Level,0.00,in,G
02/23/2020 22:35:00,Flow_cfs,0.00,,G
02/23/2020 22:35:00,FlowVolume,0.00,,G
02/23/2020 22:40:00,PT Level,0.00,in,G
02/23/2020 22:40:00,Flow_cfs,0.00,,G
02/23/2020 22:40:00,FlowVolume,0.00,,G
02/23/2020 22:45:00,PT Level,0.00,in,G
02/23/2020 22:45:00,Flow_cfs,0.00,,G
02/23/2020 22:45:00,FlowVolume,0.00,,G
02/23/2020 22:50:00,PT Level,0.00,in,G
02/23/2020 22:50:00,Flow_cfs,0.01,,G
02/23/2020 22:50:00,FlowVolume,0.00,,G
02/23/2020 22:55:00,PT Level,0.00,in,G
02/23/2020 22:55:00,Flow_cfs,0.00,,G
02/23/2020 22:55:00,FlowVolume,0.00,,G
02/23/2020 23:00:00,PT Level,0.00,in,G
02/23/2020 23:00:00,Flow_cfs,0.00,,G
02/23/2020 23:00:00,FlowVolume,0.00,,G
02/23/2020 23:05:00,PT Level,0.00,in,G
02/23/2020 23:05:00,Flow_cfs,0.01,,G
02/23/2020 23:05:00,FlowVolume,0.00,,G
02/23/2020 23:10:00,PT Level,0.00,in,G
02/23/2020 23:10:00,Flow_cfs,0.00,,G
02/23/2020 23:10:00,FlowVolume,0.00,,G
02/23/2020 23:15:00,PT Level,0.00,in,G
02/23/2020 23:15:00,Flow_cfs,0.00,,G
02/23/2020 23:15:00,FlowVolume,0.00,,G
02/23/2020 23:20:00,PT Level,0.00,in,G
02/23/2020 23:20:00,Flow_cfs,0.00,,G
02/23/2020 23:20:00,FlowVolume,0.00,,G
02/23/2020 23:25:00,PT Level,0.00,in,G
02/23/2020 23:25:00,Flow_cfs,0.00,,G
02/23/2020 23:25:00,FlowVolume,0.00,,G
02/23/2020 23:30:00,PT Level,0.00,in,G
02/23/2020 23:30:00,Flow_cfs,0.00,,G
02/23/2020 23:30:00,FlowVolume,0.00,,G
02/23/2020 23:35:00,PT Level,0.00,in,G
02/23/2020 23:35:00,Flow_cfs,0.00,,G
02/23/2020 23:35:00,FlowVolume,0.00,,G
02/23/2020 23:40:00,PT Level,0.00,in,G
02/23/2020 23:40:00,Flow_cfs,0.00,,G
02/23/2020 23:40:00,FlowVolume,0.00,,G
02/23/2020 23:45:00,PT Level,0.00,in,G
02/23/2020 23:45:00,Flow_cfs,0.00,,G
02/23/2020 23:45:00,FlowVolume,0.00,,G
02/23/2020 23:50:00,PT Level,0.00,in,G
02/23/2020 23:50:00,Flow_cfs,0.00,,G
02/23/2020 23:50:00,FlowVolume,0.00,,G
02/23/2020 23:55:00,PT Level,0.00,in,G
02/23/2020 23:55:00,Flow_cfs,0.00,,G
02/23/2020 23:55:00,FlowVolume,0.00,,G
02/24/2020 00:00:00,PT Level,0.00,in,G
02/24/2020 00:00:00,Flow_cfs,0.00,,G
02/24/2020 00:00:00,FlowVolume,0.00,,G
02/24/2020 00:05:00,PT Level,0.00,in,G
02/24/2020 00:05:00,Flow_cfs,0.00,,G
02/24/2020 00:05:00,FlowVolume,0.00,,G
02/24/2020 00:10:00,PT Level,0.00,in,G
02/24/2020 00:10:00,Flow_cfs,0.00,,G
02/24/2020 00:10:00,FlowVolume,0.00,,G
02/24/2020 00:15:00,PT Level,0.00,in,G
02/24/2020 00:15:00,Flow_cfs,0.00,,G
02/24/2020 00:15:00,FlowVolume,0.00,,G
02/24/2020 00:20:00,PT Level,0.00,in,G
02/24/2020 00:20:00,Flow_cfs,0.00,,G
02/24/2020 00:20:00,FlowVolume,0.00,,G
02/24/2020 00:25:00,PT Level,0.00,in,G
02/24/2020 00:25:00,Flow_cfs,0.00,,G
02/24/2020 00:25:00,FlowVolume,0.00,,G
02/24/2020 00:30:00,PT Level,0.00,in,G
02/24/2020 00:30:00,Flow_cfs,0.00,,G
02/24/2020 00:30:00,FlowVolume,0.00,,G
02/24/2020 00:35:00,PT Level,0.00,in,G
02/24/2020 00:35:00,Flow_cfs,0.00,,G
02/24/2020 00:35:00,FlowVolume,0.00,,G
02/24/2020 00:40:00,PT Level,0.00,in,G
02/24/2020 00:40:00,Flow_cfs,0.00,,G
02/24/2020 00:40:00,FlowVolume,0.00,,G
02/24/2020 00:45:00,PT Level,0.00,in,G
02/24/2020 00:45:00,Flow_cfs,0.00,,G
02/24/2020 00:45:00,FlowVolume,0.00,,G
02/24/2020 00:50:00,PT Level,0.00,in,G
02/24/2020 00:50:00,Flow_cfs,0.00,,G
02/24/2020 00:50:00,FlowVolume,0.00,,G
02/24/2020 00:55:00,PT Level,0.00,in,G
02/24/2020 00:55:00,Flow_cfs,0.00,,G
02/24/2020 00:55:00,FlowVolume,0.00,,G
02/24/2020 01:00:00,PT Level,0.00,in,G
02/24/2020 01:00:00,Flow_cfs,0.00,,G
02/24/2020 01:00:00,FlowVolume,0.00,,G
02/24/2020 01:05:00,PT Level,0.00,in,G
02/24/2020 01:05:00,Flow_cfs,0.00,,G
02/24/2020 01:05:00,FlowVolume,0.00,,G
02/24/2020 01:10:00,PT Level,0.00,in,G
02/24/2020 01:10:00,Flow_cfs,0.00,,G
02/24/2020 01:10:00,FlowVolume,0.00,,G
02/24/2020 01:15:00,PT Level,0.00,in,G
02/24/2020 01:15:00,Flow_cfs,0.00,,G
02/24/2020 01:15:00,FlowVolume,0.00,,G
02/24/2020 01:20:00,PT Level,0.00,in,G
02/24/2020 01:20:00,Flow_cfs,0.00,,G
02/24/2020 01:20:00,FlowVolume,0.00,,G
02/24/2020 01:25:00,PT Level,0.00,in,G
02/24/2020 01:25:00,Flow_cfs,0.00,,G
02/24/2020 01:25:00,FlowVolume,0.00,,G
02/24/2020 01:30:00,PT Level,0.00,in,G
02/24/2020 01:30:00,Flow_cfs,0.00,,G
02/24/2020 01:30:00,FlowVolume,0.00,,G
02/24/2020 01:35:00,PT Level,0.00,in,G
02/24/2020 01:35:00,Flow_cfs,0.00,,G
02/24/2020 01:35:00,FlowVolume,0.00,,G
02/24/2020 01:40:00,PT Level,0.00,in,G
02/24/2020 01:40:00,Flow_cfs,0.00,,G
02/24/2020 01:40:00,FlowVolume,0.00,,G
02/24/2020 01:45:00,PT Level,0.00,in,G
02/24/2020 01:45:00,Flow_cfs,0.00,,G
02/24/2020 01:45:00,FlowVolume,0.00,,G
02/24/2020 01:50:00,PT Level,0.00,in,G
02/24/2020 01:50:00,Flow_cfs,0.00,,G
02/24/2020 01:50:00,FlowVolume,0.00,,G
02/24/2020 01:55:00,PT Level,0.00,in,G
02/24/2020 01:55:00,Flow_cfs,0.00,,G
02/24/2020 01:55:00,FlowVolume,0.00,,G
02/24/2020 02:00:00,PT Level,0.00,in,G
02/24/2020 02:00:00,Flow_cfs,0.00,,G
02/24/2020 02:00:00,FlowVolume,0.00,,G
02/24/2020 02:05:00,PT Level,0.00,in,G
02/24/2020 02:05:00,Flow_cfs,0.00,,G
02/24/2020 02:05:00,FlowVolume,0.00,,G
02/24/2020 02:10:00,PT Level,0.00,in,G
02/24/2020 02:10:00,Flow_cfs,0.00,,G
02/24/2020 02:10:00,FlowVolume,0.00,,G
02/24/2020 02:15:00,PT Level,0.00,in,G
02/24/2020 02:15:00,Flow_cfs,0.00,,G
02/24/2020 02:15:00,FlowVolume,0.00,,G
02/24/2020 02:20:00,PT Level,0.00,in,G
02/24/2020 02:20:00,Flow_cfs,0.00,,G
02/24/2020 02:20:00,FlowVolume,0.00,,G
02/24/2020 02:25:00,PT Level,0.00,in,G
02/24/2020 02:25:00,Flow_cfs,0.00,,G
02/24/2020 02:25:00,FlowVolume,0.00,,G
02/24/2020 02:30:00,PT Level,0.00,in,G
02/24/2020 02:30:00,Flow_cfs,0.00,,G
02/24/2020 02:30:00,FlowVolume,0.00,,G
02/24/2020 02:35:00,PT Level,0.00,in,G
02/24/2020 02:35:00,Flow_cfs,0.00,,G
02/24/2020 02:35:00,FlowVolume,0.00,,G
02/24/2020 02:40:00,PT Level,0.00,in,G
02/24/2020 02:40:00,Flow_cfs,0.00,,G
02/24/2020 02:40:00,FlowVolume,0.00,,G
02/24/2020 02:45:00,PT Level,0.00,in,G
02/24/2020 02:45:00,Flow_cfs,0.00,,G
02/24/2020 02:45:00,FlowVolume,0.00,,G
02/24/2020 02:50:00,PT Level,0.00,in,G
02/24/2020 02:50:00,Flow_cfs,0.00,,G
02/24/2020 02:50:00,FlowVolume,0.00,,G
02/24/2020 02:55:00,PT Level,0.00,in,G
02/24/2020 02:55:00,Flow_cfs,0.00,,G
02/24/2020 02:55:00,FlowVolume,0.00,,G
02/24/2020 03:00:00,PT Level,0.00,in,G
02/24/2020 03:00:00,Flow_cfs,0.00,,G
02/24/2020 03:00:00,FlowVolume,0.00,,G
02/24/2020 03:05:00,PT Level,0.00,in,G
02/24/2020 03:05:00,Flow_cfs,0.00,,G
02/24/2020 03:05:00,FlowVolume,0.00,,G
02/24/2020 03:10:00,PT Level,0.00,in,G
02/24/2020 03:10:00,Flow_cfs,0.00,,G
02/24/2020 03:10:00,FlowVolume,0.00,,G
02/24/2020 03:15:00,PT Level,0.00,in,G
02/24/2020 03:15:00,Flow_cfs,0.00,,G
02/24/2020 03:15:00,FlowVolume,0.00,,G
02/24/2020 03:20:00,PT Level,0.00,in,G
02/24/2020 03:20:00,Flow_cfs,0.00,,G
02/24/2020 03:20:00,FlowVolume,0.00,,G
02/24/2020 03:25:00,PT Level,0.00,in,G
02/24/2020 03:25:00,Flow_cfs,0.00,,G
02/24/2020 03:25:00,FlowVolume,0.00,,G
02/24/2020 03:30:00,PT Level,0.00,in,G
02/24/2020 03:30:00,Flow_cfs,0.00,,G
02/24/2020 03:30:00,FlowVolume,0.00,,G
02/24/2020 03:35:00,PT Level,0.00,in,G
02/24/2020 03:35:00,Flow_cfs,0.00,,G
02/24/2020 03:35:00,FlowVolume,0.00,,G
02/24/2020 03:40:00,PT Level,0.00,in,G
02/24/2020 03:40:00,Flow_cfs,0.00,,G
02/24/2020 03:40:00,FlowVolume,0.00,,G
02/24/2020 03:45:00,PT Level,0.00,in,G
02/24/2020 03:45:00,Flow_cfs,0.00,,G
02/24/2020 03:45:00,FlowVolume,0.00,,G
02/24/2020 03:50:00,PT Level,0.00,in,G
02/24/2020 03:50:00,Flow_cfs,0.00,,G
02/24/2020 03:50:00,FlowVolume,0.00,,G
02/24/2020 03:55:00,PT Level,0.00,in,G
02/24/2020 03:55:00,Flow_cfs,0.00,,G
02/24/2020 03:55:00,FlowVolume,0.00,,G
02/24/2020 04:00:00,PT Level,0.00,in,G
02/24/2020 04:00:00,Flow_cfs,0.00,,G
02/24/2020 04:00:00,FlowVolume,0.00,,G
02/24/2020 04:05:00,PT Level,0.00,in,G
02/24/2020 04:05:00,Flow_cfs,0.00,,G
02/24/2020 04:05:00,FlowVolume,0.00,,G
02/24/2020 04:10:00,PT Level,0.00,in,G
02/24/2020 04:10:00,Flow_cfs,0.00,,G
02/24/2020 04:10:00,FlowVolume,0.00,,G
02/24/2020 04:15:00,PT Level,0.00,in,G
02/24/2020 04:15:00,Flow_cfs,0.00,,G
02/24/2020 04:15:00,FlowVolume,0.00,,G
02/24/2020 04:20:00,PT Level,0.00,in,G
02/24/2020 04:20:00,Flow_cfs,0.00,,G
02/24/2020 04:20:00,FlowVolume,0.00,,G
02/24/2020 04:25:00,PT Level,0.00,in,G
02/24/2020 04:25:00,Flow_cfs,0.00,,G
02/24/2020 04:25:00,FlowVolume,0.00,,G
02/24/2020 04:30:00,PT Level,0.00,in,G
02/24/2020 04:30:00,Flow_cfs,0.00,,G
02/24/2020 04:30:00,FlowVolume,0.00,,G
02/24/2020 04:35:00,PT Level,0.00,in,G
02/24/2020 04:35:00,Flow_cfs,0.00,,G
02/24/2020 04:35:00,FlowVolume,0.00,,G
02/24/2020 04:40:00,PT Level,0.00,in,G
02/24/2020 04:40:00,Flow_cfs,0.00,,G
02/24/2020 04:40:00,FlowVolume,0.00,,G
02/24/2020 04:45:00,PT Level,0.00,in,G
02/24/2020 04:45:00,Flow_cfs,0.00,,G
02/24/2020 04:45:00,FlowVolume,0.00,,G
02/24/2020 04:50:00,PT Level,0.00,in,G
02/24/2020 04:50:00,Flow_cfs,0.00,,G
02/24/2020 04:50:00,FlowVolume,0.00,,G
02/24/2020 04:55:00,PT Level,0.00,in,G
02/24/2020 04:55:00,Flow_cfs,0.00,,G
02/24/2020 04:55:00,FlowVolume,0.00,,G
02/24/2020 05:00:00,PT Level,0.00,in,G
02/24/2020 05:00:00,Flow_cfs,0.00,,G
02/24/2020 05:00:00,FlowVolume,0.00,,G
02/24/2020 05:05:00,PT Level,0.00,in,G
02/24/2020 05:05:00,Flow_cfs,0.00,,G
02/24/2020 05:05:00,FlowVolume,0.00,,G
02/24/2020 05:10:00,PT Level,0.00,in,G
02/24/2020 05:10:00,Flow_cfs,0.00,,G
02/24/2020 05:10:00,FlowVolume,0.00,,G
02/24/2020 05:15:00,PT Level,0.00,in,G
02/24/2020 05:15:00,Flow_cfs,0.00,,G
02/24/2020 05:15:00,FlowVolume,0.00,,G
02/24/2020 05:20:00,PT Level,0.00,in,G
02/24/2020 05:20:00,Flow_cfs,0.00,,G
02/24/2020 05:20:00,FlowVolume,0.00,,G
02/24/2020 05:25:00,PT Level,0.00,in,G
02/24/2020 05:25:00,Flow_cfs,0.00,,G
02/24/2020 05:25:00,FlowVolume,0.00,,G
02/24/2020 05:30:00,PT Level,0.00,in,G
02/24/2020 05:30:00,Flow_cfs,0.00,,G
02/24/2020 05:30:00,FlowVolume,0.00,,G
02/24/2020 05:35:00,PT Level,0.00,in,G
02/24/2020 05:35:00,Flow_cfs,0.00,,G
02/24/2020 05:35:00,FlowVolume,0.00,,G
02/24/2020 05:40:00,PT Level,0.00,in,G
02/24/2020 05:40:00,Flow_cfs,0.00,,G
02/24/2020 05:40:00,FlowVolume,0.00,,G
02/24/2020 05:45:00,PT Level,0.00,in,G
02/24/2020 05:45:00,Flow_cfs,0.00,,G
02/24/2020 05:45:00,FlowVolume,0.00,,G
02/24/2020 05:50:00,PT Level,0.00,in,G
02/24/2020 05:50:00,Flow_cfs,0.00,,G
02/24/2020 05:50:00,FlowVolume,0.00,,G
02/24/2020 05:55:00,PT Level,0.00,in,G
02/24/2020 05:55:00,Flow_cfs,0.00,,G
02/24/2020 05:55:00,FlowVolume,0.00,,G
02/24/2020 06:00:00,PT Level,0.00,in,G
02/24/2020 06:00:00,Flow_cfs,0.00,,G
02/24/2020 06:00:00,FlowVolume,0.00,,G
02/24/2020 06:05:00,PT Level,0.00,in,G
02/24/2020 06:05:00,Flow_cfs,0.00,,G
02/24/2020 06:05:00,FlowVolume,0.00,,G
02/24/2020 06:10:00,PT Level,0.00,in,G
02/24/2020 06:10:00,Flow_cfs,0.00,,G
02/24/2020 06:10:00,FlowVolume,0.00,,G
02/24/2020 06:15:00,PT Level,0.00,in,G
02/24/2020 06:15:00,Flow_cfs,0.00,,G
02/24/2020 06:15:00,FlowVolume,0.00,,G
02/24/2020 06:20:00,PT Level,0.00,in,G
02/24/2020 06:20:00,Flow_cfs,0.00,,G
02/24/2020 06:20:00,FlowVolume,0.00,,G
02/24/2020 06:25:00,PT Level,0.00,in,G
02/24/2020 06:25:00,Flow_cfs,0.00,,G
02/24/2020 06:25:00,FlowVolume,0.00,,G
02/24/2020 06:30:00,PT Level,0.00,in,G
02/24/2020 06:30:00,Flow_cfs,0.00,,G
02/24/2020 06:30:00,FlowVolume,0.00,,G
02/24/2020 06:35:00,PT Level,0.00,in,G
02/24/2020 06:35:00,Flow_cfs,0.00,,G
02/24/2020 06:35:00,FlowVolume,0.00,,G
02/24/2020 06:40:00,PT Level,0.00,in,G
02/24/2020 06:40:00,Flow_cfs,0.00,,G
02/24/2020 06:40:00,FlowVolume,0.00,,G
02/24/2020 06:45:00,PT Level,0.00,in,G
02/24/2020 06:45:00,Flow_cfs,0.00,,G
02/24/2020 06:45:00,FlowVolume,0.00,,G
02/24/2020 06:50:00,PT Level,0.00,in,G
02/24/2020 06:50:00,Flow_cfs,0.00,,G
02/24/2020 06:50:00,FlowVolume,0.00,,G
02/24/2020 06:55:00,PT Level,0.00,in,G
02/24/2020 06:55:00,Flow_cfs,0.00,,G
02/24/2020 06:55:00,FlowVolume,0.00,,G
02/24/2020 07:00:00,PT Level,0.00,in,G
02/24/2020 07:00:00,Flow_cfs,0.00,,G
02/24/2020 07:00:00,FlowVolume,0.00,,G
02/24/2020 07:05:00,PT Level,0.00,in,G
02/24/2020 07:05:00,Flow_cfs,0.00,,G
02/24/2020 07:05:00,FlowVolume,0.00,,G
02/24/2020 07:10:00,PT Level,0.00,in,G
02/24/2020 07:10:00,Flow_cfs,0.00,,G
02/24/2020 07:10:00,FlowVolume,0.00,,G
02/24/2020 07:15:00,PT Level,0.00,in,G
02/24/2020 07:15:00,Flow_cfs,0.00,,G
02/24/2020 07:15:00,FlowVolume,0.00,,G
02/24/2020 07:20:00,PT Level,0.00,in,G
02/24/2020 07:20:00,Flow_cfs,0.00,,G
02/24/2020 07:20:00,FlowVolume,0.00,,G
02/24/2020 07:25:00,PT Level,0.00,in,G
02/24/2020 07:25:00,Flow_cfs,0.00,,G
02/24/2020 07:25:00,FlowVolume,0.00,,G
02/24/2020 07:30:00,PT Level,0.00,in,G
02/24/2020 07:30:00,Flow_cfs,0.00,,G
02/24/2020 07:30:00,FlowVolume,0.00,,G
02/24/2020 07:35:00,PT Level,0.00,in,G
02/24/2020 07:35:00,Flow_cfs,0.00,,G
02/24/2020 07:35:00,FlowVolume,0.00,,G
02/24/2020 07:40:00,PT Level,0.00,in,G
02/24/2020 07:40:00,Flow_cfs,0.00,,G
02/24/2020 07:40:00,FlowVolume,0.00,,G
02/24/2020 07:45:00,PT Level,0.00,in,G
02/24/2020 07:45:00,Flow_cfs,0.00,,G
02/24/2020 07:45:00,FlowVolume,0.00,,G
02/24/2020 07:50:00,PT Level,0.00,in,G
02/24/2020 07:50:00,Flow_cfs,0.00,,G
02/24/2020 07:50:00,FlowVolume,0.00,,G
02/24/2020 07:55:00,PT Level,0.00,in,G
02/24/2020 07:55:00,Flow_cfs,0.00,,G
02/24/2020 07:55:00,FlowVolume,0.00,,G
02/24/2020 08:00:00,PT Level,0.00,in,G
02/24/2020 08:00:00,Flow_cfs,0.00,,G
02/24/2020 08:00:00,FlowVolume,0.00,,G
02/24/2020 08:05:00,PT Level,0.00,in,G
02/24/2020 08:05:00,Flow_cfs,0.00,,G
02/24/2020 08:05:00,FlowVolume,0.00,,G
02/24/2020 08:10:00,PT Level,0.00,in,G
02/24/2020 08:10:00,Flow_cfs,0.00,,G
02/24/2020 08:10:00,FlowVolume,0.00,,G
02/24/2020 08:15:00,PT Level,0.00,in,G
02/24/2020 08:15:00,Flow_cfs,0.00,,G
02/24/2020 08:15:00,FlowVolume,0.00,,G
02/24/2020 08:20:00,PT Level,0.00,in,G
02/24/2020 08:20:00,Flow_cfs,0.00,,G
02/24/2020 08:20:00,FlowVolume,0.00,,G
02/24/2020 08:25:00,PT Level,0.00,in,G
02/24/2020 08:25:00,Flow_cfs,0.00,,G
02/24/2020 08:25:00,FlowVolume,0.00,,G
02/24/2020 08:30:00,PT Level,0.00,in,G
02/24/2020 08:30:00,Flow_cfs,0.00,,G
02/24/2020 08:30:00,FlowVolume,0.00,,G
02/24/2020 08:35:00,PT Level,0.00,in,G
02/24/2020 08:35:00,Flow_cfs,0.00,,G
02/24/2020 08:35:00,FlowVolume,0.00,,G
02/24/2020 08:40:00,PT Level,0.00,in,G
02/24/2020 08:40:00,Flow_cfs,0.00,,G
02/24/2020 08:40:00,FlowVolume,0.00,,G
02/24/2020 08:45:00,PT Level,0.00,in,G
02/24/2020 08:45:00,Flow_cfs,0.00,,G
02/24/2020 08:45:00,FlowVolume,0.00,,G
02/24/2020 08:50:00,PT Level,0.00,in,G
02/24/2020 08:50:00,Flow_cfs,0.00,,G
02/24/2020 08:50:00,FlowVolume,0.00,,G
02/24/2020 08:55:00,PT Level,0.00,in,G
02/24/2020 08:55:00,Flow_cfs,0.00,,G
02/24/2020 08:55:00,FlowVolume,0.00,,G
02/24/2020 09:00:00,PT Level,0.00,in,G
02/24/2020 09:00:00,Flow_cfs,0.00,,G
02/24/2020 09:00:00,FlowVolume,0.00,,G
02/24/2020 09:05:00,PT Level,0.00,in,G
02/24/2020 09:05:00,Flow_cfs,0.00,,G
02/24/2020 09:05:00,FlowVolume,0.00,,G
02/24/2020 09:10:00,PT Level,0.00,in,G
02/24/2020 09:10:00,Flow_cfs,0.01,,G
02/24/2020 09:10:00,FlowVolume,0.00,,G
02/24/2020 09:15:00,PT Level,0.00,in,G
02/24/2020 09:15:00,Flow_cfs,0.00,,G
02/24/2020 09:15:00,FlowVolume,0.00,,G
02/24/2020 09:20:00,PT Level,0.00,in,G
02/24/2020 09:20:00,Flow_cfs,0.00,,G
02/24/2020 09:20:00,FlowVolume,0.00,,G
02/24/2020 09:25:00,PT Level,0.00,in,G
02/24/2020 09:25:00,Flow_cfs,0.00,,G
02/24/2020 09:25:00,FlowVolume,0.00,,G
02/24/2020 09:30:00,PT Level,0.00,in,G
02/24/2020 09:30:00,Flow_cfs,0.00,,G
02/24/2020 09:30:00,FlowVolume,0.00,,G
02/24/2020 09:35:00,PT Level,0.00,in,G
02/24/2020 09:35:00,Flow_cfs,0.00,,G
02/24/2020 09:35:00,FlowVolume,0.00,,G
02/24/2020 09:40:00,PT Level,0.00,in,G
02/24/2020 09:40:00,Flow_cfs,0.00,,G
02/24/2020 09:40:00,FlowVolume,0.00,,G
02/24/2020 09:45:00,PT Level,0.00,in,G
02/24/2020 09:45:00,Flow_cfs,0.00,,G
02/24/2020 09:45:00,FlowVolume,0.00,,G
02/24/2020 09:50:00,PT Level,0.00,in,G
02/24/2020 09:50:00,Flow_cfs,0.00,,G
02/24/2020 09:50:00,FlowVolume,0.00,,G
02/24/2020 09:55:00,PT Level,0.00,in,G
02/24/2020 09:55:00,Flow_cfs,0.00,,G
02/24/2020 09:55:00,FlowVolume,0.00,,G
02/24/2020 10:00:00,PT Level,0.00,in,G
02/24/2020 10:00:00,Flow_cfs,0.00,,G
02/24/2020 10:00:00,FlowVolume,0.00,,G
02/24/2020 10:05:00,PT Level,0.00,in,G
02/24/2020 10:05:00,Flow_cfs,0.00,,G
02/24/2020 10:05:00,FlowVolume,0.00,,G
02/24/2020 10:10:00,PT Level,0.00,in,G
02/24/2020 10:10:00,Flow_cfs,0.00,,G
02/24/2020 10:10:00,FlowVolume,0.00,,G
02/24/2020 10:15:00,PT Level,0.00,in,G
02/24/2020 10:15:00,Flow_cfs,0.00,,G
02/24/2020 10:15:00,FlowVolume,0.00,,G
02/24/2020 10:20:00,PT Level,0.00,in,G
02/24/2020 10:20:00,Flow_cfs,0.00,,G
02/24/2020 10:20:00,FlowVolume,0.00,,G
02/24/2020 10:25:00,PT Level,0.00,in,G
02/24/2020 10:25:00,Flow_cfs,0.00,,G
02/24/2020 10:25:00,FlowVolume,0.00,,G
02/24/2020 10:30:00,PT Level,0.00,in,G
02/24/2020 10:30:00,Flow_cfs,0.00,,G
02/24/2020 10:30:00,FlowVolume,0.00,,G
02/24/2020 10:35:00,PT Level,0.00,in,G
02/24/2020 10:35:00,Flow_cfs,0.00,,G
02/24/2020 10:35:00,FlowVolume,0.00,,G
02/24/2020 10:40:00,PT Level,0.00,in,G
02/24/2020 10:40:00,Flow_cfs,0.00,,G
02/24/2020 10:40:00,FlowVolume,0.00,,G
02/24/2020 10:45:00,PT Level,0.00,in,G
02/24/2020 10:45:00,Flow_cfs,0.00,,G
02/24/2020 10:45:00,FlowVolume,0.00,,G
02/24/2020 10:50:00,PT Level,0.00,in,G
02/24/2020 10:50:00,Flow_cfs,0.00,,G
02/24/2020 10:50:00,FlowVolume,0.00,,G
02/24/2020 10:55:00,PT Level,0.00,in,G
02/24/2020 10:55:00,Flow_cfs,0.00,,G
02/24/2020 10:55:00,FlowVolume,0.00,,G
02/24/2020 11:00:00,PT Level,0.00,in,G
02/24/2020 11:00:00,Flow_cfs,0.00,,G
02/24/2020 11:00:00,FlowVolume,0.00,,G
02/24/2020 11:05:00,PT Level,0.00,in,G
02/24/2020 11:05:00,Flow_cfs,0.00,,G
02/24/2020 11:05:00,FlowVolume,0.00,,G
02/24/2020 11:10:00,PT Level,0.00,in,G
02/24/2020 11:10:00,Flow_cfs,0.00,,G
02/24/2020 11:10:00,FlowVolume,0.00,,G
02/24/2020 11:15:00,PT Level,0.00,in,G
02/24/2020 11:15:00,Flow_cfs,0.00,,G
02/24/2020 11:15:00,FlowVolume,0.00,,G
02/24/2020 11:20:00,PT Level,0.00,in,G
02/24/2020 11:20:00,Flow_cfs,0.00,,G
02/24/2020 11:20:00,FlowVolume,0.00,,G
02/24/2020 11:25:00,PT Level,0.00,in,G
02/24/2020 11:25:00,Flow_cfs,0.00,,G
02/24/2020 11:25:00,FlowVolume,0.00,,G
02/24/2020 11:30:00,PT Level,0.00,in,G
02/24/2020 11:30:00,Flow_cfs,0.00,,G
02/24/2020 11:30:00,FlowVolume,0.00,,G
02/24/2020 11:35:00,PT Level,0.00,in,G
02/24/2020 11:35:00,Flow_cfs,0.00,,G
02/24/2020 11:35:00,FlowVolume,0.00,,G
02/24/2020 11:40:00,PT Level,0.00,in,G
02/24/2020 11:40:00,Flow_cfs,0.00,,G
02/24/2020 11:40:00,FlowVolume,0.00,,G
02/24/2020 11:45:00,PT Level,0.00,in,G
02/24/2020 11:45:00,Flow_cfs,0.00,,G
02/24/2020 11:45:00,FlowVolume,0.00,,G
02/24/2020 11:50:00,PT Level,0.00,in,G
02/24/2020 11:50:00,Flow_cfs,0.01,,G
02/24/2020 11:50:00,FlowVolume,0.00,,G
02/24/2020 11:55:00,PT Level,0.00,in,G
02/24/2020 11:55:00,Flow_cfs,0.00,,G
02/24/2020 11:55:00,FlowVolume,0.00,,G
02/24/2020 12:00:00,PT Level,0.00,in,G
02/24/2020 12:00:00,Flow_cfs,0.00,,G
02/24/2020 12:00:00,FlowVolume,0.00,,G
02/24/2020 12:05:00,PT Level,0.00,in,G
02/24/2020 12:05:00,Flow_cfs,0.00,,G
02/24/2020 12:05:00,FlowVolume,0.00,,G
02/24/2020 12:10:00,PT Level,0.00,in,G
02/24/2020 12:10:00,Flow_cfs,0.00,,G
02/24/2020 12:10:00,FlowVolume,0.00,,G
02/24/2020 12:15:00,PT Level,0.00,in,G
02/24/2020 12:15:00,Flow_cfs,0.00,,G
02/24/2020 12:15:00,FlowVolume,0.00,,G
02/24/2020 12:20:00,PT Level,0.00,in,G
02/24/2020 12:20:00,Flow_cfs,0.00,,G
02/24/2020 12:20:00,FlowVolume,0.00,,G
02/24/2020 12:25:00,PT Level,0.00,in,G
02/24/2020 12:25:00,Flow_cfs,0.00,,G
02/24/2020 12:25:00,FlowVolume,0.00,,G
02/24/2020 12:30:00,PT Level,0.00,in,G
02/24/2020 12:30:00,Flow_cfs,0.00,,G
02/24/2020 12:30:00,FlowVolume,0.00,,G
02/24/2020 12:35:00,PT Level,0.00,in,G
02/24/2020 12:35:00,Flow_cfs,0.00,,G
02/24/2020 12:35:00,FlowVolume,0.00,,G
02/24/2020 12:40:00,PT Level,0.00,in,G
02/24/2020 12:40:00,Flow_cfs,0.00,,G
02/24/2020 12:40:00,FlowVolume,0.00,,G
02/24/2020 12:45:00,PT Level,0.00,in,G
02/24/2020 12:45:00,Flow_cfs,0.00,,G
02/24/2020 12:45:00,FlowVolume,0.00,,G
02/24/2020 12:50:00,PT Level,0.00,in,G
02/24/2020 12:50:00,Flow_cfs,0.00,,G
02/24/2020 12:50:00,FlowVolume,0.00,,G
02/24/2020 12:55:00,PT Level,0.00,in,G
02/24/2020 12:55:00,Flow_cfs,0.00,,G
02/24/2020 12:55:00,FlowVolume,0.00,,G
02/24/2020 13:00:00,PT Level,0.00,in,G
02/24/2020 13:00:00,Flow_cfs,0.00,,G
02/24/2020 13:00:00,FlowVolume,0.00,,G
02/24/2020 13:05:00,PT Level,0.00,in,G
02/24/2020 13:05:00,Flow_cfs,0.01,,G
02/24/2020 13:05:00,FlowVolume,0.00,,G
02/24/2020 13:10:00,PT Level,0.00,in,G
02/24/2020 13:10:00,Flow_cfs,0.00,,G
02/24/2020 13:10:00,FlowVolume,0.00,,G
02/24/2020 13:15:00,PT Level,0.00,in,G
02/24/2020 13:15:00,Flow_cfs,0.00,,G
02/24/2020 13:15:00,FlowVolume,0.00,,G
02/24/2020 13:20:00,PT Level,0.00,in,G
02/24/2020 13:20:00,Flow_cfs,0.00,,G
02/24/2020 13:20:00,FlowVolume,0.00,,G
02/24/2020 13:25:00,PT Level,0.00,in,G
02/24/2020 13:25:00,Flow_cfs,0.00,,G
02/24/2020 13:25:00,FlowVolume,0.00,,G
02/24/2020 13:30:00,PT Level,0.00,in,G
02/24/2020 13:30:00,Flow_cfs,0.00,,G
02/24/2020 13:30:00,FlowVolume,0.00,,G
02/24/2020 13:35:00,PT Level,0.00,in,G
02/24/2020 13:35:00,Flow_cfs,0.00,,G
02/24/2020 13:35:00,FlowVolume,0.00,,G
02/24/2020 13:40:00,PT Level,0.00,in,G
02/24/2020 13:40:00,Flow_cfs,0.00,,G
02/24/2020 13:40:00,FlowVolume,0.00,,G
02/24/2020 13:45:00,PT Level,0.00,in,G
02/24/2020 13:45:00,Flow_cfs,0.00,,G
02/24/2020 13:45:00,FlowVolume,0.00,,G
02/24/2020 13:50:00,PT Level,0.00,in,G
02/24/2020 13:50:00,Flow_cfs,0.00,,G
02/24/2020 13:50:00,FlowVolume,0.00,,G
02/24/2020 13:55:00,PT Level,0.00,in,G
02/24/2020 13:55:00,Flow_cfs,0.00,,G
02/24/2020 13:55:00,FlowVolume,0.00,,G
02/24/2020 14:00:00,PT Level,0.00,in,G
02/24/2020 14:00:00,Flow_cfs,0.00,,G
02/24/2020 14:00:00,FlowVolume,0.00,,G
02/24/2020 14:05:00,PT Level,0.00,in,G
02/24/2020 14:05:00,Flow_cfs,0.00,,G
02/24/2020 14:05:00,FlowVolume,0.00,,G
02/24/2020 14:10:00,PT Level,0.00,in,G
02/24/2020 14:10:00,Flow_cfs,0.00,,G
02/24/2020 14:10:00,FlowVolume,0.00,,G
02/24/2020 14:15:00,PT Level,0.00,in,G
02/24/2020 14:15:00,Flow_cfs,0.00,,G
02/24/2020 14:15:00,FlowVolume,0.00,,G
02/24/2020 14:20:00,PT Level,0.00,in,G
02/24/2020 14:20:00,Flow_cfs,0.00,,G
02/24/2020 14:20:00,FlowVolume,0.00,,G
02/24/2020 14:25:00,PT Level,0.00,in,G
02/24/2020 14:25:00,Flow_cfs,0.00,,G
02/24/2020 14:25:00,FlowVolume,0.00,,G
02/24/2020 14:30:00,PT Level,0.00,in,G
02/24/2020 14:30:00,Flow_cfs,0.00,,G
02/24/2020 14:30:00,FlowVolume,0.00,,G
02/24/2020 14:35:00,PT Level,0.00,in,G
02/24/2020 14:35:00,Flow_cfs,0.00,,G
02/24/2020 14:35:00,FlowVolume,0.00,,G
02/24/2020 14:40:00,PT Level,0.00,in,G
02/24/2020 14:40:00,Flow_cfs,0.00,,G
02/24/2020 14:40:00,FlowVolume,0.00,,G
02/24/2020 14:45:00,PT Level,0.00,in,G
02/24/2020 14:45:00,Flow_cfs,0.00,,G
02/24/2020 14:45:00,FlowVolume,0.00,,G
02/24/2020 14:50:00,PT Level,0.00,in,G
02/24/2020 14:50:00,Flow_cfs,0.00,,G
02/24/2020 14:50:00,FlowVolume,0.00,,G
02/24/2020 14:55:00,PT Level,0.00,in,G
02/24/2020 14:55:00,Flow_cfs,0.00,,G
02/24/2020 14:55:00,FlowVolume,0.00,,G
02/24/2020 15:00:00,PT Level,0.00,in,G
02/24/2020 15:00:00,Flow_cfs,0.00,,G
02/24/2020 15:00:00,FlowVolume,0.00,,G
02/24/2020 15:05:00,PT Level,0.00,in,G
02/24/2020 15:05:00,Flow_cfs,0.00,,G
02/24/2020 15:05:00,FlowVolume,0.00,,G
02/24/2020 15:10:00,PT Level,0.00,in,G
02/24/2020 15:10:00,Flow_cfs,0.00,,G
02/24/2020 15:10:00,FlowVolume,0.00,,G
02/24/2020 15:15:00,PT Level,0.00,in,G
02/24/2020 15:15:00,Flow_cfs,0.00,,G
02/24/2020 15:15:00,FlowVolume,0.00,,G
02/24/2020 15:20:00,PT Level,0.00,in,G
02/24/2020 15:20:00,Flow_cfs,0.00,,G
02/24/2020 15:20:00,FlowVolume,0.00,,G
02/24/2020 15:25:00,PT Level,0.00,in,G
02/24/2020 15:25:00,Flow_cfs,0.00,,G
02/24/2020 15:25:00,FlowVolume,0.00,,G
02/24/2020 15:30:00,PT Level,0.00,in,G
02/24/2020 15:30:00,Flow_cfs,0.00,,G
02/24/2020 15:30:00,FlowVolume,0.00,,G
02/24/2020 15:35:00,PT Level,-0.00,in,G
02/24/2020 15:35:00,Flow_cfs,0.00,,G
02/24/2020 15:35:00,FlowVolume,0.00,,G
02/24/2020 15:40:00,PT Level,0.00,in,G
02/24/2020 15:40:00,Flow_cfs,0.00,,G
02/24/2020 15:40:00,FlowVolume,0.00,,G
02/24/2020 15:45:00,PT Level,0.00,in,G
02/24/2020 15:45:00,Flow_cfs,0.00,,G
02/24/2020 15:45:00,FlowVolume,0.00,,G
02/24/2020 15:50:00,PT Level,0.00,in,G
02/24/2020 15:50:00,Flow_cfs,0.00,,G
02/24/2020 15:50:00,FlowVolume,0.00,,G
02/24/2020 15:55:00,PT Level,0.00,in,G
02/24/2020 15:55:00,Flow_cfs,0.00,,G
02/24/2020 15:55:00,FlowVolume,0.00,,G
02/24/2020 16:00:00,PT Level,0.00,in,G
02/24/2020 16:00:00,Flow_cfs,0.00,,G
02/24/2020 16:00:00,FlowVolume,0.00,,G
02/24/2020 16:05:00,PT Level,-0.00,in,G
02/24/2020 16:05:00,Flow_cfs,0.00,,G
02/24/2020 16:05:00,FlowVolume,0.00,,G
02/24/2020 16:10:00,PT Level,0.00,in,G
02/24/2020 16:10:00,Flow_cfs,0.00,,G
02/24/2020 16:10:00,FlowVolume,0.00,,G
02/24/2020 16:15:00,PT Level,-0.00,in,G
02/24/2020 16:15:00,Flow_cfs,0.00,,G
02/24/2020 16:15:00,FlowVolume,0.00,,G
02/24/2020 16:20:00,PT Level,-0.00,in,G
02/24/2020 16:20:00,Flow_cfs,0.00,,G
02/24/2020 16:20:00,FlowVolume,0.00,,G
02/24/2020 16:25:00,PT Level,0.00,in,G
02/24/2020 16:25:00,Flow_cfs,0.00,,G
02/24/2020 16:25:00,FlowVolume,0.00,,G
02/24/2020 16:30:00,PT Level,-0.00,in,G
02/24/2020 16:30:00,Flow_cfs,0.00,,G
02/24/2020 16:30:00,FlowVolume,0.00,,G
02/24/2020 16:35:00,PT Level,0.00,in,G
02/24/2020 16:35:00,Flow_cfs,0.00,,G
02/24/2020 16:35:00,FlowVolume,0.00,,G
02/24/2020 16:40:00,PT Level,0.00,in,G
02/24/2020 16:40:00,Flow_cfs,0.00,,G
02/24/2020 16:40:00,FlowVolume,0.00,,G
02/24/2020 16:45:00,PT Level,0.00,in,G
02/24/2020 16:45:00,Flow_cfs,0.00,,G
02/24/2020 16:45:00,FlowVolume,0.00,,G
02/24/2020 16:50:00,PT Level,0.00,in,G
02/24/2020 16:50:00,Flow_cfs,0.00,,G
02/24/2020 16:50:00,FlowVolume,0.00,,G
02/24/2020 16:55:00,PT Level,0.00,in,G
02/24/2020 16:55:00,Flow_cfs,0.00,,G
02/24/2020 16:55:00,FlowVolume,0.00,,G
02/24/2020 17:00:00,PT Level,0.00,in,G
02/24/2020 17:00:00,Flow_cfs,0.00,,G
02/24/2020 17:00:00,FlowVolume,0.00,,G
02/24/2020 17:05:00,PT Level,0.00,in,G
02/24/2020 17:05:00,Flow_cfs,0.00,,G
02/24/2020 17:05:00,FlowVolume,0.00,,G
02/24/2020 17:10:00,PT Level,-0.00,in,G
02/24/2020 17:10:00,Flow_cfs,0.00,,G
02/24/2020 17:10:00,FlowVolume,0.00,,G
02/24/2020 17:15:00,PT Level,-0.00,in,G
02/24/2020 17:15:00,Flow_cfs,0.00,,G
02/24/2020 17:15:00,FlowVolume,0.00,,G
02/24/2020 17:20:00,PT Level,-0.00,in,G
02/24/2020 17:20:00,Flow_cfs,0.00,,G
02/24/2020 17:20:00,FlowVolume,0.00,,G
02/24/2020 17:25:00,PT Level,0.00,in,G
02/24/2020 17:25:00,Flow_cfs,0.00,,G
02/24/2020 17:25:00,FlowVolume,0.00,,G
02/24/2020 17:30:00,PT Level,-0.00,in,G
02/24/2020 17:30:00,Flow_cfs,0.00,,G
02/24/2020 17:30:00,FlowVolume,0.00,,G
02/24/2020 17:35:00,PT Level,-0.00,in,G
02/24/2020 17:35:00,Flow_cfs,0.00,,G
02/24/2020 17:35:00,FlowVolume,0.00,,G
02/24/2020 17:40:00,PT Level,0.00,in,G
02/24/2020 17:40:00,Flow_cfs,0.00,,G
02/24/2020 17:40:00,FlowVolume,0.00,,G
02/24/2020 17:45:00,PT Level,0.00,in,G
02/24/2020 17:45:00,Flow_cfs,0.00,,G
02/24/2020 17:45:00,FlowVolume,0.00,,G
02/24/2020 17:50:00,PT Level,0.00,in,G
02/24/2020 17:50:00,Flow_cfs,0.00,,G
02/24/2020 17:50:00,FlowVolume,0.00,,G
02/24/2020 17:55:00,PT Level,0.00,in,G
02/24/2020 17:55:00,Flow_cfs,0.00,,G
02/24/2020 17:55:00,FlowVolume,0.00,,G
02/24/2020 18:00:00,PT Level,0.00,in,G
02/24/2020 18:00:00,Flow_cfs,0.00,,G
02/24/2020 18:00:00,FlowVolume,0.00,,G
02/24/2020 18:05:00,PT Level,0.00,in,G
02/24/2020 18:05:00,Flow_cfs,0.00,,G
02/24/2020 18:05:00,FlowVolume,0.00,,G
02/24/2020 18:10:00,PT Level,0.00,in,G
02/24/2020 18:10:00,Flow_cfs,0.00,,G
02/24/2020 18:10:00,FlowVolume,0.00,,G
02/24/2020 18:15:00,PT Level,0.00,in,G
02/24/2020 18:15:00,Flow_cfs,0.00,,G
02/24/2020 18:15:00,FlowVolume,0.00,,G
02/24/2020 18:20:00,PT Level,0.00,in,G
02/24/2020 18:20:00,Flow_cfs,0.00,,G
02/24/2020 18:20:00,FlowVolume,0.00,,G
02/24/2020 18:25:00,PT Level,0.00,in,G
02/24/2020 18:25:00,Flow_cfs,0.00,,G
02/24/2020 18:25:00,FlowVolume,0.00,,G
02/24/2020 18:30:00,PT Level,0.00,in,G
02/24/2020 18:30:00,Flow_cfs,0.00,,G
02/24/2020 18:30:00,FlowVolume,0.00,,G
02/24/2020 18:35:00,PT Level,0.00,in,G
02/24/2020 18:35:00,Flow_cfs,0.00,,G
02/24/2020 18:35:00,FlowVolume,0.00,,G
02/24/2020 18:40:00,PT Level,0.00,in,G
02/24/2020 18:40:00,Flow_cfs,0.00,,G
02/24/2020 18:40:00,FlowVolume,0.00,,G
02/24/2020 18:45:00,PT Level,0.00,in,G
02/24/2020 18:45:00,Flow_cfs,0.00,,G
02/24/2020 18:45:00,FlowVolume,0.00,,G
02/24/2020 18:50:00,PT Level,0.00,in,G
02/24/2020 18:50:00,Flow_cfs,0.00,,G
02/24/2020 18:50:00,FlowVolume,0.00,,G
02/24/2020 18:55:00,PT Level,0.00,in,G
02/24/2020 18:55:00,Flow_cfs,0.00,,G
02/24/2020 18:55:00,FlowVolume,0.00,,G
02/24/2020 19:00:00,PT Level,-0.00,in,G
02/24/2020 19:00:00,Flow_cfs,0.00,,G
02/24/2020 19:00:00,FlowVolume,0.00,,G
02/24/2020 19:05:00,PT Level,0.00,in,G
02/24/2020 19:05:00,Flow_cfs,0.00,,G
02/24/2020 19:05:00,FlowVolume,0.00,,G
02/24/2020 19:10:00,PT Level,0.00,in,G
02/24/2020 19:10:00,Flow_cfs,0.00,,G
02/24/2020 19:10:00,FlowVolume,0.00,,G
02/24/2020 19:15:00,PT Level,0.00,in,G
02/24/2020 19:15:00,Flow_cfs,0.00,,G
02/24/2020 19:15:00,FlowVolume,0.00,,G
02/24/2020 19:20:00,PT Level,0.00,in,G
02/24/2020 19:20:00,Flow_cfs,0.00,,G
02/24/2020 19:20:00,FlowVolume,0.00,,G
02/24/2020 19:25:00,PT Level,0.00,in,G
02/24/2020 19:25:00,Flow_cfs,0.00,,G
02/24/2020 19:25:00,FlowVolume,0.00,,G
02/24/2020 19:30:00,PT Level,0.00,in,G
02/24/2020 19:30:00,Flow_cfs,0.00,,G
02/24/2020 19:30:00,FlowVolume,0.00,,G
02/24/2020 19:35:00,PT Level,0.00,in,G
02/24/2020 19:35:00,Flow_cfs,0.00,,G
02/24/2020 19:35:00,FlowVolume,0.00,,G
02/24/2020 19:40:00,PT Level,0.00,in,G
02/24/2020 19:40:00,Flow_cfs,0.00,,G
02/24/2020 19:40:00,FlowVolume,0.00,,G
02/24/2020 19:45:00,PT Level,0.00,in,G
02/24/2020 19:45:00,Flow_cfs,0.00,,G
02/24/2020 19:45:00,FlowVolume,0.00,,G
02/24/2020 19:50:00,PT Level,0.00,in,G
02/24/2020 19:50:00,Flow_cfs,0.00,,G
02/24/2020 19:50:00,FlowVolume,0.00,,G
02/24/2020 19:55:00,PT Level,0.00,in,G
02/24/2020 19:55:00,Flow_cfs,0.00,,G
02/24/2020 19:55:00,FlowVolume,0.00,,G
02/24/2020 20:00:00,PT Level,0.00,in,G
02/24/2020 20:00:00,Flow_cfs,0.00,,G
02/24/2020 20:00:00,FlowVolume,0.00,,G
02/24/2020 20:05:00,PT Level,0.00,in,G
02/24/2020 20:05:00,Flow_cfs,0.00,,G
02/24/2020 20:05:00,FlowVolume,0.00,,G
02/24/2020 20:10:00,PT Level,-0.00,in,G
02/24/2020 20:10:00,Flow_cfs,0.00,,G
02/24/2020 20:10:00,FlowVolume,0.00,,G
02/24/2020 20:15:00,PT Level,0.00,in,G
02/24/2020 20:15:00,Flow_cfs,0.00,,G
02/24/2020 20:15:00,FlowVolume,0.00,,G
02/24/2020 20:20:00,PT Level,0.00,in,G
02/24/2020 20:20:00,Flow_cfs,0.00,,G
02/24/2020 20:20:00,FlowVolume,0.00,,G
02/24/2020 20:25:00,PT Level,0.00,in,G
02/24/2020 20:25:00,Flow_cfs,0.00,,G
02/24/2020 20:25:00,FlowVolume,0.00,,G
02/24/2020 20:30:00,PT Level,0.00,in,G
02/24/2020 20:30:00,Flow_cfs,0.00,,G
02/24/2020 20:30:00,FlowVolume,0.00,,G
02/24/2020 20:35:00,PT Level,0.00,in,G
02/24/2020 20:35:00,Flow_cfs,0.00,,G
02/24/2020 20:35:00,FlowVolume,0.00,,G
02/24/2020 20:40:00,PT Level,0.00,in,G
02/24/2020 20:40:00,Flow_cfs,0.00,,G
02/24/2020 20:40:00,FlowVolume,0.00,,G
02/24/2020 20:45:00,PT Level,0.00,in,G
02/24/2020 20:45:00,Flow_cfs,0.00,,G
02/24/2020 20:45:00,FlowVolume,0.00,,G
02/24/2020 20:50:00,PT Level,0.00,in,G
02/24/2020 20:50:00,Flow_cfs,0.00,,G
02/24/2020 20:50:00,FlowVolume,0.00,,G
02/24/2020 20:55:00,PT Level,0.00,in,G
02/24/2020 20:55:00,Flow_cfs,0.00,,G
02/24/2020 20:55:00,FlowVolume,0.00,,G
02/24/2020 21:00:00,PT Level,0.00,in,G
02/24/2020 21:00:00,Flow_cfs,0.00,,G
02/24/2020 21:00:00,FlowVolume,0.00,,G
02/24/2020 21:05:00,PT Level,0.00,in,G
02/24/2020 21:05:00,Flow_cfs,0.00,,G
02/24/2020 21:05:00,FlowVolume,0.00,,G
02/24/2020 21:10:00,PT Level,0.00,in,G
02/24/2020 21:10:00,Flow_cfs,0.00,,G
02/24/2020 21:10:00,FlowVolume,0.00,,G
02/24/2020 21:15:00,PT Level,0.00,in,G
02/24/2020 21:15:00,Flow_cfs,0.00,,G
02/24/2020 21:15:00,FlowVolume,0.00,,G
02/24/2020 21:20:00,PT Level,0.00,in,G
02/24/2020 21:20:00,Flow_cfs,0.00,,G
02/24/2020 21:20:00,FlowVolume,0.00,,G
02/24/2020 21:25:00,PT Level,0.00,in,G
02/24/2020 21:25:00,Flow_cfs,0.00,,G
02/24/2020 21:25:00,FlowVolume,0.00,,G
02/24/2020 21:30:00,PT Level,0.00,in,G
02/24/2020 21:30:00,Flow_cfs,0.00,,G
02/24/2020 21:30:00,FlowVolume,0.00,,G
02/24/2020 21:35:00,PT Level,0.00,in,G
02/24/2020 21:35:00,Flow_cfs,0.00,,G
02/24/2020 21:35:00,FlowVolume,0.00,,G
02/24/2020 21:40:00,PT Level,0.00,in,G
02/24/2020 21:40:00,Flow_cfs,0.00,,G
02/24/2020 21:40:00,FlowVolume,0.00,,G
02/24/2020 21:45:00,PT Level,0.00,in,G
02/24/2020 21:45:00,Flow_cfs,0.00,,G
02/24/2020 21:45:00,FlowVolume,0.00,,G
02/24/2020 21:50:00,PT Level,0.00,in,G
02/24/2020 21:50:00,Flow_cfs,0.00,,G
02/24/2020 21:50:00,FlowVolume,0.00,,G
02/24/2020 21:55:00,PT Level,0.00,in,G
02/24/2020 21:55:00,Flow_cfs,0.00,,G
02/24/2020 21:55:00,FlowVolume,0.00,,G
02/24/2020 22:00:00,PT Level,0.00,in,G
02/24/2020 22:00:00,Flow_cfs,0.00,,G
02/24/2020 22:00:00,FlowVolume,0.00,,G
02/24/2020 22:05:00,PT Level,0.00,in,G
02/24/2020 22:05:00,Flow_cfs,0.00,,G
02/24/2020 22:05:00,FlowVolume,0.00,,G
02/24/2020 22:10:00,PT Level,0.00,in,G
02/24/2020 22:10:00,Flow_cfs,0.00,,G
02/24/2020 22:10:00,FlowVolume,0.00,,G
02/24/2020 22:15:00,PT Level,0.00,in,G
02/24/2020 22:15:00,Flow_cfs,0.00,,G
02/24/2020 22:15:00,FlowVolume,0.00,,G
02/24/2020 22:20:00,PT Level,0.00,in,G
02/24/2020 22:20:00,Flow_cfs,0.00,,G
02/24/2020 22:20:00,FlowVolume,0.00,,G
02/24/2020 22:25:00,PT Level,0.00,in,G
02/24/2020 22:25:00,Flow_cfs,0.00,,G
02/24/2020 22:25:00,FlowVolume,0.00,,G
02/24/2020 22:30:00,PT Level,0.00,in,G
02/24/2020 22:30:00,Flow_cfs,0.00,,G
02/24/2020 22:30:00,FlowVolume,0.00,,G
02/24/2020 22:35:00,PT Level,0.00,in,G
02/24/2020 22:35:00,Flow_cfs,0.00,,G
02/24/2020 22:35:00,FlowVolume,0.00,,G
02/24/2020 22:40:00,PT Level,0.00,in,G
02/24/2020 22:40:00,Flow_cfs,0.00,,G
02/24/2020 22:40:00,FlowVolume,0.00,,G
02/24/2020 22:45:00,PT Level,0.00,in,G
02/24/2020 22:45:00,Flow_cfs,0.00,,G
02/24/2020 22:45:00,FlowVolume,0.00,,G
02/24/2020 22:50:00,PT Level,0.00,in,G
02/24/2020 22:50:00,Flow_cfs,0.00,,G
02/24/2020 22:50:00,FlowVolume,0.00,,G
02/24/2020 22:55:00,PT Level,0.00,in,G
02/24/2020 22:55:00,Flow_cfs,0.00,,G
02/24/2020 22:55:00,FlowVolume,0.00,,G
02/24/2020 23:00:00,PT Level,0.00,in,G
02/24/2020 23:00:00,Flow_cfs,0.00,,G
02/24/2020 23:00:00,FlowVolume,0.00,,G
02/24/2020 23:05:00,PT Level,0.00,in,G
02/24/2020 23:05:00,Flow_cfs,0.00,,G
02/24/2020 23:05:00,FlowVolume,0.00,,G
02/24/2020 23:10:00,PT Level,0.00,in,G
02/24/2020 23:10:00,Flow_cfs,0.00,,G
02/24/2020 23:10:00,FlowVolume,0.00,,G
02/24/2020 23:15:00,PT Level,0.00,in,G
02/24/2020 23:15:00,Flow_cfs,0.00,,G
02/24/2020 23:15:00,FlowVolume,0.00,,G
02/24/2020 23:20:00,PT Level,0.00,in,G
02/24/2020 23:20:00,Flow_cfs,0.00,,G
02/24/2020 23:20:00,FlowVolume,0.00,,G
02/24/2020 23:25:00,PT Level,0.00,in,G
02/24/2020 23:25:00,Flow_cfs,0.00,,G
02/24/2020 23:25:00,FlowVolume,0.00,,G
02/24/2020 23:30:00,PT Level,0.00,in,G
02/24/2020 23:30:00,Flow_cfs,0.00,,G
02/24/2020 23:30:00,FlowVolume,0.00,,G
02/24/2020 23:35:00,PT Level,-0.00,in,G
02/24/2020 23:35:00,Flow_cfs,0.00,,G
02/24/2020 23:35:00,FlowVolume,0.00,,G
02/24/2020 23:40:00,PT Level,0.00,in,G
02/24/2020 23:40:00,Flow_cfs,0.00,,G
02/24/2020 23:40:00,FlowVolume,0.00,,G
02/24/2020 23:45:00,PT Level,0.00,in,G
02/24/2020 23:45:00,Flow_cfs,0.00,,G
02/24/2020 23:45:00,FlowVolume,0.00,,G
02/24/2020 23:50:00,PT Level,-0.00,in,G
02/24/2020 23:50:00,Flow_cfs,0.00,,G
02/24/2020 23:50:00,FlowVolume,0.00,,G
02/24/2020 23:55:00,PT Level,0.00,in,G
02/24/2020 23:55:00,Flow_cfs,0.00,,G
02/24/2020 23:55:00,FlowVolume,0.00,,G
02/25/2020 00:00:00,PT Level,0.00,in,G
02/25/2020 00:00:00,Flow_cfs,0.00,,G
02/25/2020 00:00:00,FlowVolume,0.00,,G
02/25/2020 00:05:00,PT Level,0.00,in,G
02/25/2020 00:05:00,Flow_cfs,0.00,,G
02/25/2020 00:05:00,FlowVolume,0.00,,G
02/25/2020 00:10:00,PT Level,0.00,in,G
02/25/2020 00:10:00,Flow_cfs,0.00,,G
02/25/2020 00:10:00,FlowVolume,0.00,,G
02/25/2020 00:15:00,PT Level,0.00,in,G
02/25/2020 00:15:00,Flow_cfs,0.00,,G
02/25/2020 00:15:00,FlowVolume,0.00,,G
02/25/2020 00:20:00,PT Level,0.00,in,G
02/25/2020 00:20:00,Flow_cfs,0.00,,G
02/25/2020 00:20:00,FlowVolume,0.00,,G
02/25/2020 00:25:00,PT Level,0.00,in,G
02/25/2020 00:25:00,Flow_cfs,0.00,,G
02/25/2020 00:25:00,FlowVolume,0.00,,G
02/25/2020 00:30:00,PT Level,0.00,in,G
02/25/2020 00:30:00,Flow_cfs,0.00,,G
02/25/2020 00:30:00,FlowVolume,0.00,,G
02/25/2020 00:35:00,PT Level,0.00,in,G
02/25/2020 00:35:00,Flow_cfs,0.00,,G
02/25/2020 00:35:00,FlowVolume,0.00,,G
02/25/2020 00:40:00,PT Level,0.00,in,G
02/25/2020 00:40:00,Flow_cfs,0.00,,G
02/25/2020 00:40:00,FlowVolume,0.00,,G
02/25/2020 00:45:00,PT Level,0.00,in,G
02/25/2020 00:45:00,Flow_cfs,0.00,,G
02/25/2020 00:45:00,FlowVolume,0.00,,G
02/25/2020 00:50:00,PT Level,0.00,in,G
02/25/2020 00:50:00,Flow_cfs,0.00,,G
02/25/2020 00:50:00,FlowVolume,0.00,,G
02/25/2020 00:55:00,PT Level,0.00,in,G
02/25/2020 00:55:00,Flow_cfs,0.00,,G
02/25/2020 00:55:00,FlowVolume,0.00,,G
02/25/2020 01:00:00,PT Level,0.00,in,G
02/25/2020 01:00:00,Flow_cfs,0.00,,G
02/25/2020 01:00:00,FlowVolume,0.00,,G
02/25/2020 01:05:00,PT Level,0.00,in,G
02/25/2020 01:05:00,Flow_cfs,0.00,,G
02/25/2020 01:05:00,FlowVolume,0.00,,G
02/25/2020 01:10:00,PT Level,0.00,in,G
02/25/2020 01:10:00,Flow_cfs,0.00,,G
02/25/2020 01:10:00,FlowVolume,0.00,,G
02/25/2020 01:15:00,PT Level,0.00,in,G
02/25/2020 01:15:00,Flow_cfs,0.00,,G
02/25/2020 01:15:00,FlowVolume,0.00,,G
02/25/2020 01:20:00,PT Level,0.00,in,G
02/25/2020 01:20:00,Flow_cfs,0.00,,G
02/25/2020 01:20:00,FlowVolume,0.00,,G
02/25/2020 01:25:00,PT Level,0.00,in,G
02/25/2020 01:25:00,Flow_cfs,0.00,,G
02/25/2020 01:25:00,FlowVolume,0.00,,G
02/25/2020 01:30:00,PT Level,0.00,in,G
02/25/2020 01:30:00,Flow_cfs,0.00,,G
02/25/2020 01:30:00,FlowVolume,0.00,,G
02/25/2020 01:35:00,PT Level,0.00,in,G
02/25/2020 01:35:00,Flow_cfs,0.00,,G
02/25/2020 01:35:00,FlowVolume,0.00,,G
02/25/2020 01:40:00,PT Level,0.00,in,G
02/25/2020 01:40:00,Flow_cfs,0.00,,G
02/25/2020 01:40:00,FlowVolume,0.00,,G
02/25/2020 01:45:00,PT Level,0.00,in,G
02/25/2020 01:45:00,Flow_cfs,0.00,,G
02/25/2020 01:45:00,FlowVolume,0.00,,G
02/25/2020 01:50:00,PT Level,0.00,in,G
02/25/2020 01:50:00,Flow_cfs,0.00,,G
02/25/2020 01:50:00,FlowVolume,0.00,,G
02/25/2020 01:55:00,PT Level,0.00,in,G
02/25/2020 01:55:00,Flow_cfs,0.00,,G
02/25/2020 01:55:00,FlowVolume,0.00,,G
02/25/2020 02:00:00,PT Level,0.00,in,G
02/25/2020 02:00:00,Flow_cfs,0.00,,G
02/25/2020 02:00:00,FlowVolume,0.00,,G
02/25/2020 02:05:00,PT Level,0.00,in,G
02/25/2020 02:05:00,Flow_cfs,0.00,,G
02/25/2020 02:05:00,FlowVolume,0.00,,G
02/25/2020 02:10:00,PT Level,0.00,in,G
02/25/2020 02:10:00,Flow_cfs,0.00,,G
02/25/2020 02:10:00,FlowVolume,0.00,,G
02/25/2020 02:15:00,PT Level,0.00,in,G
02/25/2020 02:15:00,Flow_cfs,0.00,,G
02/25/2020 02:15:00,FlowVolume,0.00,,G
02/25/2020 02:20:00,PT Level,0.00,in,G
02/25/2020 02:20:00,Flow_cfs,0.00,,G
02/25/2020 02:20:00,FlowVolume,0.00,,G
02/25/2020 02:25:00,PT Level,0.00,in,G
02/25/2020 02:25:00,Flow_cfs,0.00,,G
02/25/2020 02:25:00,FlowVolume,0.00,,G
02/25/2020 02:30:00,PT Level,0.00,in,G
02/25/2020 02:30:00,Flow_cfs,0.00,,G
02/25/2020 02:30:00,FlowVolume,0.00,,G
02/25/2020 02:35:00,PT Level,0.00,in,G
02/25/2020 02:35:00,Flow_cfs,0.00,,G
02/25/2020 02:35:00,FlowVolume,0.00,,G
02/25/2020 02:40:00,PT Level,0.00,in,G
02/25/2020 02:40:00,Flow_cfs,0.00,,G
02/25/2020 02:40:00,FlowVolume,0.00,,G
02/25/2020 02:45:00,PT Level,0.00,in,G
02/25/2020 02:45:00,Flow_cfs,0.00,,G
02/25/2020 02:45:00,FlowVolume,0.00,,G
02/25/2020 02:50:00,PT Level,0.00,in,G
02/25/2020 02:50:00,Flow_cfs,0.00,,G
02/25/2020 02:50:00,FlowVolume,0.00,,G
02/25/2020 02:55:00,PT Level,0.00,in,G
02/25/2020 02:55:00,Flow_cfs,0.00,,G
02/25/2020 02:55:00,FlowVolume,0.00,,G
02/25/2020 03:00:00,PT Level,0.00,in,G
02/25/2020 03:00:00,Flow_cfs,0.00,,G
02/25/2020 03:00:00,FlowVolume,0.00,,G
02/25/2020 03:05:00,PT Level,0.00,in,G
02/25/2020 03:05:00,Flow_cfs,0.00,,G
02/25/2020 03:05:00,FlowVolume,0.00,,G
02/25/2020 03:10:00,PT Level,0.00,in,G
02/25/2020 03:10:00,Flow_cfs,0.00,,G
02/25/2020 03:10:00,FlowVolume,0.00,,G
02/25/2020 03:15:00,PT Level,0.00,in,G
02/25/2020 03:15:00,Flow_cfs,0.00,,G
02/25/2020 03:15:00,FlowVolume,0.00,,G
02/25/2020 03:20:00,PT Level,0.00,in,G
02/25/2020 03:20:00,Flow_cfs,0.00,,G
02/25/2020 03:20:00,FlowVolume,0.00,,G
02/25/2020 03:25:00,PT Level,0.00,in,G
02/25/2020 03:25:00,Flow_cfs,0.00,,G
02/25/2020 03:25:00,FlowVolume,0.00,,G
02/25/2020 03:30:00,PT Level,0.00,in,G
02/25/2020 03:30:00,Flow_cfs,0.00,,G
02/25/2020 03:30:00,FlowVolume,0.00,,G
02/25/2020 03:35:00,PT Level,0.00,in,G
02/25/2020 03:35:00,Flow_cfs,0.00,,G
02/25/2020 03:35:00,FlowVolume,0.00,,G
02/25/2020 03:40:00,PT Level,0.00,in,G
02/25/2020 03:40:00,Flow_cfs,0.00,,G
02/25/2020 03:40:00,FlowVolume,0.00,,G
02/25/2020 03:45:00,PT Level,0.00,in,G
02/25/2020 03:45:00,Flow_cfs,0.00,,G
02/25/2020 03:45:00,FlowVolume,0.00,,G
02/25/2020 03:50:00,PT Level,0.00,in,G
02/25/2020 03:50:00,Flow_cfs,0.00,,G
02/25/2020 03:50:00,FlowVolume,0.00,,G
02/25/2020 03:55:00,PT Level,0.00,in,G
02/25/2020 03:55:00,Flow_cfs,0.00,,G
02/25/2020 03:55:00,FlowVolume,0.00,,G
02/25/2020 04:00:00,PT Level,0.00,in,G
02/25/2020 04:00:00,Flow_cfs,0.00,,G
02/25/2020 04:00:00,FlowVolume,0.00,,G
02/25/2020 04:05:00,PT Level,0.00,in,G
02/25/2020 04:05:00,Flow_cfs,0.00,,G
02/25/2020 04:05:00,FlowVolume,0.00,,G
02/25/2020 04:10:00,PT Level,0.00,in,G
02/25/2020 04:10:00,Flow_cfs,0.00,,G
02/25/2020 04:10:00,FlowVolume,0.00,,G
02/25/2020 04:15:00,PT Level,0.00,in,G
02/25/2020 04:15:00,Flow_cfs,0.00,,G
02/25/2020 04:15:00,FlowVolume,0.00,,G
02/25/2020 04:20:00,PT Level,0.00,in,G
02/25/2020 04:20:00,Flow_cfs,0.00,,G
02/25/2020 04:20:00,FlowVolume,0.00,,G
02/25/2020 04:25:00,PT Level,0.00,in,G
02/25/2020 04:25:00,Flow_cfs,0.00,,G
02/25/2020 04:25:00,FlowVolume,0.00,,G
02/25/2020 04:30:00,PT Level,0.00,in,G
02/25/2020 04:30:00,Flow_cfs,0.00,,G
02/25/2020 04:30:00,FlowVolume,0.00,,G
02/25/2020 04:35:00,PT Level,0.00,in,G
02/25/2020 04:35:00,Flow_cfs,0.00,,G
02/25/2020 04:35:00,FlowVolume,0.00,,G
02/25/2020 04:40:00,PT Level,0.00,in,G
02/25/2020 04:40:00,Flow_cfs,0.00,,G
02/25/2020 04:40:00,FlowVolume,0.00,,G
02/25/2020 04:45:00,PT Level,0.00,in,G
02/25/2020 04:45:00,Flow_cfs,0.00,,G
02/25/2020 04:45:00,FlowVolume,0.00,,G
02/25/2020 04:50:00,PT Level,0.00,in,G
02/25/2020 04:50:00,Flow_cfs,0.00,,G
02/25/2020 04:50:00,FlowVolume,0.00,,G
02/25/2020 04:55:00,PT Level,0.00,in,G
02/25/2020 04:55:00,Flow_cfs,0.00,,G
02/25/2020 04:55:00,FlowVolume,0.00,,G
02/25/2020 05:00:00,PT Level,0.00,in,G
02/25/2020 05:00:00,Flow_cfs,0.00,,G
02/25/2020 05:00:00,FlowVolume,0.00,,G
02/25/2020 05:05:00,PT Level,0.00,in,G
02/25/2020 05:05:00,Flow_cfs,0.00,,G
02/25/2020 05:05:00,FlowVolume,0.00,,G
02/25/2020 05:10:00,PT Level,0.00,in,G
02/25/2020 05:10:00,Flow_cfs,0.00,,G
02/25/2020 05:10:00,FlowVolume,0.00,,G
02/25/2020 05:15:00,PT Level,0.00,in,G
02/25/2020 05:15:00,Flow_cfs,0.00,,G
02/25/2020 05:15:00,FlowVolume,0.00,,G
02/25/2020 05:20:00,PT Level,0.00,in,G
02/25/2020 05:20:00,Flow_cfs,0.00,,G
02/25/2020 05:20:00,FlowVolume,0.00,,G
02/25/2020 05:25:00,PT Level,0.00,in,G
02/25/2020 05:25:00,Flow_cfs,0.00,,G
02/25/2020 05:25:00,FlowVolume,0.00,,G
02/25/2020 05:30:00,PT Level,0.00,in,G
02/25/2020 05:30:00,Flow_cfs,0.00,,G
02/25/2020 05:30:00,FlowVolume,0.00,,G
02/25/2020 05:35:00,PT Level,0.00,in,G
02/25/2020 05:35:00,Flow_cfs,0.00,,G
02/25/2020 05:35:00,FlowVolume,0.00,,G
02/25/2020 05:40:00,PT Level,0.00,in,G
02/25/2020 05:40:00,Flow_cfs,0.00,,G
02/25/2020 05:40:00,FlowVolume,0.00,,G
02/25/2020 05:45:00,PT Level,0.00,in,G
02/25/2020 05:45:00,Flow_cfs,0.00,,G
02/25/2020 05:45:00,FlowVolume,0.00,,G
02/25/2020 05:50:00,PT Level,0.00,in,G
02/25/2020 05:50:00,Flow_cfs,0.00,,G
02/25/2020 05:50:00,FlowVolume,0.00,,G
02/25/2020 05:55:00,PT Level,0.00,in,G
02/25/2020 05:55:00,Flow_cfs,0.00,,G
02/25/2020 05:55:00,FlowVolume,0.00,,G
02/25/2020 06:00:00,PT Level,0.00,in,G
02/25/2020 06:00:00,Flow_cfs,0.00,,G
02/25/2020 06:00:00,FlowVolume,0.00,,G
02/25/2020 06:05:00,PT Level,0.00,in,G
02/25/2020 06:05:00,Flow_cfs,0.00,,G
02/25/2020 06:05:00,FlowVolume,0.00,,G
02/25/2020 06:10:00,PT Level,0.00,in,G
02/25/2020 06:10:00,Flow_cfs,0.00,,G
02/25/2020 06:10:00,FlowVolume,0.00,,G
02/25/2020 06:15:00,PT Level,0.00,in,G
02/25/2020 06:15:00,Flow_cfs,0.00,,G
02/25/2020 06:15:00,FlowVolume,0.00,,G
02/25/2020 06:20:00,PT Level,0.00,in,G
02/25/2020 06:20:00,Flow_cfs,0.00,,G
02/25/2020 06:20:00,FlowVolume,0.00,,G
02/25/2020 06:25:00,PT Level,0.00,in,G
02/25/2020 06:25:00,Flow_cfs,0.00,,G
02/25/2020 06:25:00,FlowVolume,0.00,,G
02/25/2020 06:30:00,PT Level,0.00,in,G
02/25/2020 06:30:00,Flow_cfs,0.00,,G
02/25/2020 06:30:00,FlowVolume,0.00,,G
02/25/2020 06:35:00,PT Level,0.00,in,G
02/25/2020 06:35:00,Flow_cfs,0.00,,G
02/25/2020 06:35:00,FlowVolume,0.00,,G
02/25/2020 06:40:00,PT Level,0.00,in,G
02/25/2020 06:40:00,Flow_cfs,0.00,,G
02/25/2020 06:40:00,FlowVolume,0.00,,G
02/25/2020 06:45:00,PT Level,0.00,in,G
02/25/2020 06:45:00,Flow_cfs,0.00,,G
02/25/2020 06:45:00,FlowVolume,0.00,,G
02/25/2020 06:50:00,PT Level,0.00,in,G
02/25/2020 06:50:00,Flow_cfs,0.00,,G
02/25/2020 06:50:00,FlowVolume,0.00,,G
02/25/2020 06:55:00,PT Level,0.00,in,G
02/25/2020 06:55:00,Flow_cfs,0.00,,G
02/25/2020 06:55:00,FlowVolume,0.00,,G
02/25/2020 07:00:00,PT Level,0.00,in,G
02/25/2020 07:00:00,Flow_cfs,0.00,,G
02/25/2020 07:00:00,FlowVolume,0.00,,G
02/25/2020 07:05:00,PT Level,0.00,in,G
02/25/2020 07:05:00,Flow_cfs,0.00,,G
02/25/2020 07:05:00,FlowVolume,0.00,,G
02/25/2020 07:10:00,PT Level,0.00,in,G
02/25/2020 07:10:00,Flow_cfs,0.00,,G
02/25/2020 07:10:00,FlowVolume,0.00,,G
02/25/2020 07:15:00,PT Level,0.00,in,G
02/25/2020 07:15:00,Flow_cfs,0.00,,G
02/25/2020 07:15:00,FlowVolume,0.00,,G
02/25/2020 07:20:00,PT Level,0.00,in,G
02/25/2020 07:20:00,Flow_cfs,0.00,,G
02/25/2020 07:20:00,FlowVolume,0.00,,G
02/25/2020 07:25:00,PT Level,0.00,in,G
02/25/2020 07:25:00,Flow_cfs,0.00,,G
02/25/2020 07:25:00,FlowVolume,0.00,,G
02/25/2020 07:30:00,PT Level,0.00,in,G
02/25/2020 07:30:00,Flow_cfs,0.00,,G
02/25/2020 07:30:00,FlowVolume,0.00,,G
02/25/2020 07:35:00,PT Level,0.00,in,G
02/25/2020 07:35:00,Flow_cfs,0.00,,G
02/25/2020 07:35:00,FlowVolume,0.00,,G
02/25/2020 07:40:00,PT Level,0.00,in,G
02/25/2020 07:40:00,Flow_cfs,0.00,,G
02/25/2020 07:40:00,FlowVolume,0.00,,G
02/25/2020 07:45:00,PT Level,0.00,in,G
02/25/2020 07:45:00,Flow_cfs,0.00,,G
02/25/2020 07:45:00,FlowVolume,0.00,,G
02/25/2020 07:50:00,PT Level,0.00,in,G
02/25/2020 07:50:00,Flow_cfs,0.00,,G
02/25/2020 07:50:00,FlowVolume,0.00,,G
02/25/2020 07:55:00,PT Level,0.00,in,G
02/25/2020 07:55:00,Flow_cfs,0.00,,G
02/25/2020 07:55:00,FlowVolume,0.00,,G
02/25/2020 08:00:00,PT Level,0.00,in,G
02/25/2020 08:00:00,Flow_cfs,0.00,,G
02/25/2020 08:00:00,FlowVolume,0.00,,G
02/25/2020 08:05:00,PT Level,0.00,in,G
02/25/2020 08:05:00,Flow_cfs,0.00,,G
02/25/2020 08:05:00,FlowVolume,0.00,,G
02/25/2020 08:10:00,PT Level,0.00,in,G
02/25/2020 08:10:00,Flow_cfs,0.00,,G
02/25/2020 08:10:00,FlowVolume,0.00,,G
02/25/2020 08:15:00,PT Level,0.00,in,G
02/25/2020 08:15:00,Flow_cfs,0.00,,G
02/25/2020 08:15:00,FlowVolume,0.00,,G
02/25/2020 08:20:00,PT Level,0.00,in,G
02/25/2020 08:20:00,Flow_cfs,0.00,,G
02/25/2020 08:20:00,FlowVolume,0.00,,G
02/25/2020 08:25:00,PT Level,0.00,in,G
02/25/2020 08:25:00,Flow_cfs,0.00,,G
02/25/2020 08:25:00,FlowVolume,0.00,,G
02/25/2020 08:30:00,PT Level,0.00,in,G
02/25/2020 08:30:00,Flow_cfs,0.00,,G
02/25/2020 08:30:00,FlowVolume,0.00,,G
02/25/2020 08:35:00,PT Level,0.00,in,G
02/25/2020 08:35:00,Flow_cfs,0.00,,G
02/25/2020 08:35:00,FlowVolume,0.00,,G
02/25/2020 08:40:00,PT Level,0.00,in,G
02/25/2020 08:40:00,Flow_cfs,0.00,,G
02/25/2020 08:40:00,FlowVolume,0.00,,G
02/25/2020 08:45:00,PT Level,0.00,in,G
02/25/2020 08:45:00,Flow_cfs,0.00,,G
02/25/2020 08:45:00,FlowVolume,0.00,,G
02/25/2020 08:50:00,PT Level,0.00,in,G
02/25/2020 08:50:00,Flow_cfs,0.00,,G
02/25/2020 08:50:00,FlowVolume,0.00,,G
02/25/2020 08:55:00,PT Level,0.00,in,G
02/25/2020 08:55:00,Flow_cfs,0.00,,G
02/25/2020 08:55:00,FlowVolume,0.00,,G
02/25/2020 09:00:00,PT Level,0.00,in,G
02/25/2020 09:00:00,Flow_cfs,0.00,,G
02/25/2020 09:00:00,FlowVolume,0.00,,G
02/25/2020 09:05:00,PT Level,0.00,in,G
02/25/2020 09:05:00,Flow_cfs,0.00,,G
02/25/2020 09:05:00,FlowVolume,0.00,,G
02/25/2020 09:10:00,PT Level,0.00,in,G
02/25/2020 09:10:00,Flow_cfs,0.00,,G
02/25/2020 09:10:00,FlowVolume,0.00,,G
02/25/2020 09:15:00,PT Level,0.00,in,G
02/25/2020 09:15:00,Flow_cfs,0.00,,G
02/25/2020 09:15:00,FlowVolume,0.00,,G
02/25/2020 09:20:00,PT Level,0.00,in,G
02/25/2020 09:20:00,Flow_cfs,0.00,,G
02/25/2020 09:20:00,FlowVolume,0.00,,G
02/25/2020 09:25:00,PT Level,0.00,in,G
02/25/2020 09:25:00,Flow_cfs,0.00,,G
02/25/2020 09:25:00,FlowVolume,0.00,,G
02/25/2020 09:30:00,PT Level,0.00,in,G
02/25/2020 09:30:00,Flow_cfs,0.00,,G
02/25/2020 09:30:00,FlowVolume,0.00,,G
02/25/2020 09:35:00,PT Level,0.00,in,G
02/25/2020 09:35:00,Flow_cfs,0.00,,G
02/25/2020 09:35:00,FlowVolume,0.00,,G
02/25/2020 09:40:00,PT Level,0.00,in,G
02/25/2020 09:40:00,Flow_cfs,0.00,,G
02/25/2020 09:40:00,FlowVolume,0.00,,G
02/25/2020 09:45:00,PT Level,0.00,in,G
02/25/2020 09:45:00,Flow_cfs,0.00,,G
02/25/2020 09:45:00,FlowVolume,0.00,,G
02/25/2020 09:50:00,PT Level,0.00,in,G
02/25/2020 09:50:00,Flow_cfs,0.00,,G
02/25/2020 09:50:00,FlowVolume,0.00,,G
02/25/2020 09:55:00,PT Level,0.00,in,G
02/25/2020 09:55:00,Flow_cfs,0.00,,G
02/25/2020 09:55:00,FlowVolume,0.00,,G
02/25/2020 10:00:00,PT Level,0.00,in,G
02/25/2020 10:00:00,Flow_cfs,0.00,,G
02/25/2020 10:00:00,FlowVolume,0.00,,G
02/25/2020 10:05:00,PT Level,0.00,in,G
02/25/2020 10:05:00,Flow_cfs,0.00,,G
02/25/2020 10:05:00,FlowVolume,0.00,,G
02/25/2020 10:10:00,PT Level,0.00,in,G
02/25/2020 10:10:00,Flow_cfs,0.00,,G
02/25/2020 10:10:00,FlowVolume,0.00,,G
02/25/2020 10:15:00,PT Level,0.00,in,G
02/25/2020 10:15:00,Flow_cfs,0.00,,G
02/25/2020 10:15:00,FlowVolume,0.00,,G
02/25/2020 10:20:00,PT Level,0.00,in,G
02/25/2020 10:20:00,Flow_cfs,0.00,,G
02/25/2020 10:20:00,FlowVolume,0.00,,G
02/25/2020 10:25:00,PT Level,0.00,in,G
02/25/2020 10:25:00,Flow_cfs,0.00,,G
02/25/2020 10:25:00,FlowVolume,0.00,,G
02/25/2020 10:30:00,PT Level,0.00,in,G
02/25/2020 10:30:00,Flow_cfs,0.00,,G
02/25/2020 10:30:00,FlowVolume,0.00,,G
02/25/2020 10:35:00,PT Level,0.00,in,G
02/25/2020 10:35:00,Flow_cfs,0.00,,G
02/25/2020 10:35:00,FlowVolume,0.00,,G
02/25/2020 10:40:00,PT Level,0.00,in,G
02/25/2020 10:40:00,Flow_cfs,0.00,,G
02/25/2020 10:40:00,FlowVolume,0.00,,G
02/25/2020 10:45:00,PT Level,-0.00,in,G
02/25/2020 10:45:00,Flow_cfs,0.00,,G
02/25/2020 10:45:00,FlowVolume,0.00,,G
02/25/2020 10:50:00,PT Level,0.00,in,G
02/25/2020 10:50:00,Flow_cfs,0.00,,G
02/25/2020 10:50:00,FlowVolume,0.00,,G
02/25/2020 10:55:00,PT Level,0.00,in,G
02/25/2020 10:55:00,Flow_cfs,0.00,,G
02/25/2020 10:55:00,FlowVolume,0.00,,G
02/25/2020 11:00:00,PT Level,0.00,in,G
02/25/2020 11:00:00,Flow_cfs,0.00,,G
02/25/2020 11:00:00,FlowVolume,0.00,,G
02/25/2020 11:05:00,PT Level,0.00,in,G
02/25/2020 11:05:00,Flow_cfs,0.00,,G
02/25/2020 11:05:00,FlowVolume,0.00,,G
02/25/2020 11:10:00,PT Level,0.00,in,G
02/25/2020 11:10:00,Flow_cfs,0.00,,G
02/25/2020 11:10:00,FlowVolume,0.00,,G
02/25/2020 11:15:00,PT Level,0.00,in,G
02/25/2020 11:15:00,Flow_cfs,0.00,,G
02/25/2020 11:15:00,FlowVolume,0.00,,G
02/25/2020 11:20:00,PT Level,0.00,in,G
02/25/2020 11:20:00,Flow_cfs,0.00,,G
02/25/2020 11:20:00,FlowVolume,0.00,,G
02/25/2020 11:25:00,PT Level,-0.00,in,G
02/25/2020 11:25:00,Flow_cfs,0.00,,G
02/25/2020 11:25:00,FlowVolume,0.00,,G
02/25/2020 11:30:00,PT Level,-0.00,in,G
02/25/2020 11:30:00,Flow_cfs,0.00,,G
02/25/2020 11:30:00,FlowVolume,0.00,,G
02/25/2020 11:35:00,PT Level,0.00,in,G
02/25/2020 11:35:00,Flow_cfs,0.00,,G
02/25/2020 11:35:00,FlowVolume,0.00,,G
02/25/2020 11:40:00,PT Level,0.00,in,G
02/25/2020 11:40:00,Flow_cfs,0.00,,G
02/25/2020 11:40:00,FlowVolume,0.00,,G
02/25/2020 11:45:00,PT Level,-0.00,in,G
02/25/2020 11:45:00,Flow_cfs,0.00,,G
02/25/2020 11:45:00,FlowVolume,0.00,,G
02/25/2020 11:50:00,PT Level,0.00,in,G
02/25/2020 11:50:00,Flow_cfs,0.00,,G
02/25/2020 11:50:00,FlowVolume,0.00,,G
02/25/2020 11:55:00,PT Level,0.00,in,G
02/25/2020 11:55:00,Flow_cfs,0.00,,G
02/25/2020 11:55:00,FlowVolume,0.00,,G
02/25/2020 12:00:00,PT Level,0.00,in,G
02/25/2020 12:00:00,Flow_cfs,0.00,,G
02/25/2020 12:00:00,FlowVolume,0.00,,G
02/25/2020 12:05:00,PT Level,0.00,in,G
02/25/2020 12:05:00,Flow_cfs,0.00,,G
02/25/2020 12:05:00,FlowVolume,0.00,,G
02/25/2020 12:10:00,PT Level,0.00,in,G
02/25/2020 12:10:00,Flow_cfs,0.00,,G
02/25/2020 12:10:00,FlowVolume,0.00,,G
02/25/2020 12:15:00,PT Level,-0.00,in,G
02/25/2020 12:15:00,Flow_cfs,0.00,,G
02/25/2020 12:15:00,FlowVolume,0.00,,G
02/25/2020 12:20:00,PT Level,-0.00,in,G
02/25/2020 12:20:00,Flow_cfs,0.00,,G
02/25/2020 12:20:00,FlowVolume,0.00,,G
02/25/2020 12:25:00,PT Level,0.00,in,G
02/25/2020 12:25:00,Flow_cfs,0.00,,G
02/25/2020 12:25:00,FlowVolume,0.00,,G
02/25/2020 12:30:00,PT Level,0.00,in,G
02/25/2020 12:30:00,Flow_cfs,0.00,,G
02/25/2020 12:30:00,FlowVolume,0.00,,G
02/25/2020 12:35:00,PT Level,0.00,in,G
02/25/2020 12:35:00,Flow_cfs,0.00,,G
02/25/2020 12:35:00,FlowVolume,0.00,,G
02/25/2020 12:40:00,PT Level,0.00,in,G
02/25/2020 12:40:00,Flow_cfs,0.00,,G
02/25/2020 12:40:00,FlowVolume,0.00,,G
02/25/2020 12:45:00,PT Level,0.00,in,G
02/25/2020 12:45:00,Flow_cfs,0.00,,G
02/25/2020 12:45:00,FlowVolume,0.00,,G
02/25/2020 12:50:00,PT Level,0.00,in,G
02/25/2020 12:50:00,Flow_cfs,0.00,,G
02/25/2020 12:50:00,FlowVolume,0.00,,G
02/25/2020 12:55:00,PT Level,0.00,in,G
02/25/2020 12:55:00,Flow_cfs,0.00,,G
02/25/2020 12:55:00,FlowVolume,0.00,,G
02/25/2020 13:00:00,PT Level,0.00,in,G
02/25/2020 13:00:00,Flow_cfs,0.00,,G
02/25/2020 13:00:00,FlowVolume,0.00,,G
02/25/2020 13:05:00,PT Level,0.00,in,G
02/25/2020 13:05:00,Flow_cfs,0.00,,G
02/25/2020 13:05:00,FlowVolume,0.00,,G
02/25/2020 13:10:00,PT Level,0.00,in,G
02/25/2020 13:10:00,Flow_cfs,0.00,,G
02/25/2020 13:10:00,FlowVolume,0.00,,G
02/25/2020 13:15:00,PT Level,0.00,in,G
02/25/2020 13:15:00,Flow_cfs,0.00,,G
02/25/2020 13:15:00,FlowVolume,0.00,,G
02/25/2020 13:20:00,PT Level,0.00,in,G
02/25/2020 13:20:00,Flow_cfs,0.00,,G
02/25/2020 13:20:00,FlowVolume,0.00,,G
02/25/2020 13:25:00,PT Level,-0.00,in,G
02/25/2020 13:25:00,Flow_cfs,0.00,,G
02/25/2020 13:25:00,FlowVolume,0.00,,G
02/25/2020 13:30:00,PT Level,0.00,in,G
02/25/2020 13:30:00,Flow_cfs,0.00,,G
02/25/2020 13:30:00,FlowVolume,0.00,,G
02/25/2020 13:35:00,PT Level,0.00,in,G
02/25/2020 13:35:00,Flow_cfs,0.00,,G
02/25/2020 13:35:00,FlowVolume,0.00,,G
02/25/2020 13:40:00,PT Level,0.00,in,G
02/25/2020 13:40:00,Flow_cfs,0.00,,G
02/25/2020 13:40:00,FlowVolume,0.00,,G
02/25/2020 13:45:00,PT Level,0.00,in,G
02/25/2020 13:45:00,Flow_cfs,0.00,,G
02/25/2020 13:45:00,FlowVolume,0.00,,G
02/25/2020 13:50:00,PT Level,0.00,in,G
02/25/2020 13:50:00,Flow_cfs,0.00,,G
02/25/2020 13:50:00,FlowVolume,0.00,,G
02/25/2020 13:55:00,PT Level,0.00,in,G
02/25/2020 13:55:00,Flow_cfs,0.00,,G
02/25/2020 13:55:00,FlowVolume,0.00,,G
02/25/2020 14:00:00,PT Level,0.00,in,G
02/25/2020 14:00:00,Flow_cfs,0.01,,G
02/25/2020 14:00:00,FlowVolume,0.00,,G
02/25/2020 14:05:00,PT Level,0.00,in,G
02/25/2020 14:05:00,Flow_cfs,0.00,,G
02/25/2020 14:05:00,FlowVolume,0.00,,G
02/25/2020 14:10:00,PT Level,0.00,in,G
02/25/2020 14:10:00,Flow_cfs,0.00,,G
02/25/2020 14:10:00,FlowVolume,0.00,,G
02/25/2020 14:15:00,PT Level,0.00,in,G
02/25/2020 14:15:00,Flow_cfs,0.00,,G
02/25/2020 14:15:00,FlowVolume,0.00,,G
02/25/2020 14:20:00,PT Level,0.00,in,G
02/25/2020 14:20:00,Flow_cfs,0.00,,G
02/25/2020 14:20:00,FlowVolume,0.00,,G
02/25/2020 14:25:00,PT Level,0.00,in,G
02/25/2020 14:25:00,Flow_cfs,0.00,,G
02/25/2020 14:25:00,FlowVolume,0.00,,G
02/25/2020 14:30:00,PT Level,0.00,in,G
02/25/2020 14:30:00,Flow_cfs,0.00,,G
02/25/2020 14:30:00,FlowVolume,0.00,,G
02/25/2020 14:35:00,PT Level,0.00,in,G
02/25/2020 14:35:00,Flow_cfs,0.00,,G
02/25/2020 14:35:00,FlowVolume,0.00,,G
02/25/2020 14:40:00,PT Level,0.00,in,G
02/25/2020 14:40:00,Flow_cfs,0.00,,G
02/25/2020 14:40:00,FlowVolume,0.00,,G
02/25/2020 14:45:00,PT Level,0.00,in,G
02/25/2020 14:45:00,Flow_cfs,0.00,,G
02/25/2020 14:45:00,FlowVolume,0.00,,G
02/25/2020 14:50:00,PT Level,0.00,in,G
02/25/2020 14:50:00,Flow_cfs,0.00,,G
02/25/2020 14:50:00,FlowVolume,0.00,,G
02/25/2020 14:55:00,PT Level,0.00,in,G
02/25/2020 14:55:00,Flow_cfs,0.00,,G
02/25/2020 14:55:00,FlowVolume,0.00,,G
02/25/2020 15:00:00,PT Level,0.00,in,G
02/25/2020 15:00:00,Flow_cfs,0.00,,G
02/25/2020 15:00:00,FlowVolume,0.00,,G
02/25/2020 15:05:00,PT Level,0.00,in,G
02/25/2020 15:05:00,Flow_cfs,0.00,,G
02/25/2020 15:05:00,FlowVolume,0.00,,G
02/25/2020 15:10:00,PT Level,0.00,in,G
02/25/2020 15:10:00,Flow_cfs,0.00,,G
02/25/2020 15:10:00,FlowVolume,0.00,,G
02/25/2020 15:15:00,PT Level,0.00,in,G
02/25/2020 15:15:00,Flow_cfs,0.00,,G
02/25/2020 15:15:00,FlowVolume,0.00,,G
02/25/2020 15:20:00,PT Level,0.00,in,G
02/25/2020 15:20:00,Flow_cfs,0.00,,G
02/25/2020 15:20:00,FlowVolume,0.00,,G
02/25/2020 15:25:00,PT Level,0.00,in,G
02/25/2020 15:25:00,Flow_cfs,0.00,,G
02/25/2020 15:25:00,FlowVolume,0.00,,G
02/25/2020 15:30:00,PT Level,0.00,in,G
02/25/2020 15:30:00,Flow_cfs,0.00,,G
02/25/2020 15:30:00,FlowVolume,0.00,,G
02/25/2020 15:35:00,PT Level,0.00,in,G
02/25/2020 15:35:00,Flow_cfs,0.00,,G
02/25/2020 15:35:00,FlowVolume,0.00,,G
02/25/2020 15:40:00,PT Level,0.00,in,G
02/25/2020 15:40:00,Flow_cfs,0.00,,G
02/25/2020 15:40:00,FlowVolume,0.00,,G
02/25/2020 15:45:00,PT Level,0.00,in,G
02/25/2020 15:45:00,Flow_cfs,0.00,,G
02/25/2020 15:45:00,FlowVolume,0.00,,G
02/25/2020 15:50:00,PT Level,0.00,in,G
02/25/2020 15:50:00,Flow_cfs,0.00,,G
02/25/2020 15:50:00,FlowVolume,0.00,,G
02/25/2020 15:55:00,PT Level,0.00,in,G
02/25/2020 15:55:00,Flow_cfs,0.00,,G
02/25/2020 15:55:00,FlowVolume,0.00,,G
02/25/2020 16:00:00,PT Level,0.00,in,G
02/25/2020 16:00:00,Flow_cfs,0.00,,G
02/25/2020 16:00:00,FlowVolume,0.00,,G
02/25/2020 16:05:00,PT Level,0.00,in,G
02/25/2020 16:05:00,Flow_cfs,0.00,,G
02/25/2020 16:05:00,FlowVolume,0.00,,G
02/25/2020 16:10:00,PT Level,0.00,in,G
02/25/2020 16:10:00,Flow_cfs,0.00,,G
02/25/2020 16:10:00,FlowVolume,0.00,,G
02/25/2020 16:15:00,PT Level,-0.00,in,G
02/25/2020 16:15:00,Flow_cfs,0.00,,G
02/25/2020 16:15:00,FlowVolume,0.00,,G
02/25/2020 16:20:00,PT Level,0.00,in,G
02/25/2020 16:20:00,Flow_cfs,0.00,,G
02/25/2020 16:20:00,FlowVolume,0.00,,G
02/25/2020 16:25:00,PT Level,0.00,in,G
02/25/2020 16:25:00,Flow_cfs,0.00,,G
02/25/2020 16:25:00,FlowVolume,0.00,,G
02/25/2020 16:30:00,PT Level,-0.00,in,G
02/25/2020 16:30:00,Flow_cfs,0.00,,G
02/25/2020 16:30:00,FlowVolume,0.00,,G
02/25/2020 16:35:00,PT Level,-0.00,in,G
02/25/2020 16:35:00,Flow_cfs,0.00,,G
02/25/2020 16:35:00,FlowVolume,0.00,,G
02/25/2020 16:40:00,PT Level,0.00,in,G
02/25/2020 16:40:00,Flow_cfs,0.00,,G
02/25/2020 16:40:00,FlowVolume,0.00,,G
02/25/2020 16:45:00,PT Level,0.00,in,G
02/25/2020 16:45:00,Flow_cfs,0.00,,G
02/25/2020 16:45:00,FlowVolume,0.00,,G
02/25/2020 16:50:00,PT Level,0.00,in,G
02/25/2020 16:50:00,Flow_cfs,0.00,,G
02/25/2020 16:50:00,FlowVolume,0.00,,G
02/25/2020 16:55:00,PT Level,0.00,in,G
02/25/2020 16:55:00,Flow_cfs,0.00,,G
02/25/2020 16:55:00,FlowVolume,0.00,,G
02/25/2020 17:00:00,PT Level,0.00,in,G
02/25/2020 17:00:00,Flow_cfs,0.00,,G
02/25/2020 17:00:00,FlowVolume,0.00,,G
02/25/2020 17:05:00,PT Level,-0.00,in,G
02/25/2020 17:05:00,Flow_cfs,0.00,,G
02/25/2020 17:05:00,FlowVolume,0.00,,G
02/25/2020 17:10:00,PT Level,-0.00,in,G
02/25/2020 17:10:00,Flow_cfs,0.00,,G
02/25/2020 17:10:00,FlowVolume,0.00,,G
02/25/2020 17:15:00,PT Level,0.00,in,G
02/25/2020 17:15:00,Flow_cfs,0.00,,G
02/25/2020 17:15:00,FlowVolume,0.00,,G
02/25/2020 17:20:00,PT Level,0.00,in,G
02/25/2020 17:20:00,Flow_cfs,0.00,,G
02/25/2020 17:20:00,FlowVolume,0.00,,G
02/25/2020 17:25:00,PT Level,-0.00,in,G
02/25/2020 17:25:00,Flow_cfs,0.00,,G
02/25/2020 17:25:00,FlowVolume,0.00,,G
02/25/2020 17:30:00,PT Level,-0.00,in,G
02/25/2020 17:30:00,Flow_cfs,0.00,,G
02/25/2020 17:30:00,FlowVolume,0.00,,G
02/25/2020 17:35:00,PT Level,0.00,in,G
02/25/2020 17:35:00,Flow_cfs,0.00,,G
02/25/2020 17:35:00,FlowVolume,0.00,,G
02/25/2020 17:40:00,PT Level,0.00,in,G
02/25/2020 17:40:00,Flow_cfs,0.00,,G
02/25/2020 17:40:00,FlowVolume,0.00,,G
02/25/2020 17:45:00,PT Level,-0.00,in,G
02/25/2020 17:45:00,Flow_cfs,0.00,,G
02/25/2020 17:45:00,FlowVolume,0.00,,G
02/25/2020 17:50:00,PT Level,0.00,in,G
02/25/2020 17:50:00,Flow_cfs,0.00,,G
02/25/2020 17:50:00,FlowVolume,0.00,,G
02/25/2020 17:55:00,PT Level,-0.00,in,G
02/25/2020 17:55:00,Flow_cfs,0.00,,G
02/25/2020 17:55:00,FlowVolume,0.00,,G
02/25/2020 18:00:00,PT Level,0.00,in,G
02/25/2020 18:00:00,Flow_cfs,0.00,,G
02/25/2020 18:00:00,FlowVolume,0.00,,G
02/25/2020 18:05:00,PT Level,0.00,in,G
02/25/2020 18:05:00,Flow_cfs,0.00,,G
02/25/2020 18:05:00,FlowVolume,0.00,,G
02/25/2020 18:10:00,PT Level,0.00,in,G
02/25/2020 18:10:00,Flow_cfs,0.00,,G
02/25/2020 18:10:00,FlowVolume,0.00,,G
02/25/2020 18:15:00,PT Level,0.00,in,G
02/25/2020 18:15:00,Flow_cfs,0.00,,G
02/25/2020 18:15:00,FlowVolume,0.00,,G
02/25/2020 18:20:00,PT Level,0.00,in,G
02/25/2020 18:20:00,Flow_cfs,0.01,,G
02/25/2020 18:20:00,FlowVolume,0.00,,G
02/25/2020 18:25:00,PT Level,0.00,in,G
02/25/2020 18:25:00,Flow_cfs,0.00,,G
02/25/2020 18:25:00,FlowVolume,0.00,,G
02/25/2020 18:30:00,PT Level,0.00,in,G
02/25/2020 18:30:00,Flow_cfs,0.00,,G
02/25/2020 18:30:00,FlowVolume,0.00,,G
02/25/2020 18:35:00,PT Level,0.00,in,G
02/25/2020 18:35:00,Flow_cfs,0.00,,G
02/25/2020 18:35:00,FlowVolume,0.00,,G
02/25/2020 18:40:00,PT Level,0.00,in,G
02/25/2020 18:40:00,Flow_cfs,0.00,,G
02/25/2020 18:40:00,FlowVolume,0.00,,G
02/25/2020 18:45:00,PT Level,0.00,in,G
02/25/2020 18:45:00,Flow_cfs,0.00,,G
02/25/2020 18:45:00,FlowVolume,0.00,,G
02/25/2020 18:50:00,PT Level,0.00,in,G
02/25/2020 18:50:00,Flow_cfs,0.00,,G
02/25/2020 18:50:00,FlowVolume,0.00,,G
02/25/2020 18:55:00,PT Level,0.00,in,G
02/25/2020 18:55:00,Flow_cfs,0.00,,G
02/25/2020 18:55:00,FlowVolume,0.00,,G
02/25/2020 19:00:00,PT Level,0.00,in,G
02/25/2020 19:00:00,Flow_cfs,0.00,,G
02/25/2020 19:00:00,FlowVolume,0.00,,G
02/25/2020 19:05:00,PT Level,0.00,in,G
02/25/2020 19:05:00,Flow_cfs,0.00,,G
02/25/2020 19:05:00,FlowVolume,0.00,,G
02/25/2020 19:10:00,PT Level,0.00,in,G
02/25/2020 19:10:00,Flow_cfs,0.00,,G
02/25/2020 19:10:00,FlowVolume,0.00,,G
02/25/2020 19:15:00,PT Level,0.00,in,G
02/25/2020 19:15:00,Flow_cfs,0.01,,G
02/25/2020 19:15:00,FlowVolume,0.00,,G
02/25/2020 19:20:00,PT Level,0.00,in,G
02/25/2020 19:20:00,Flow_cfs,0.00,,G
02/25/2020 19:20:00,FlowVolume,0.00,,G
02/25/2020 19:25:00,PT Level,0.00,in,G
02/25/2020 19:25:00,Flow_cfs,0.00,,G
02/25/2020 19:25:00,FlowVolume,0.00,,G
02/25/2020 19:30:00,PT Level,0.00,in,G
02/25/2020 19:30:00,Flow_cfs,0.00,,G
02/25/2020 19:30:00,FlowVolume,0.00,,G
02/25/2020 19:35:00,PT Level,0.00,in,G
02/25/2020 19:35:00,Flow_cfs,0.00,,G
02/25/2020 19:35:00,FlowVolume,0.00,,G
02/25/2020 19:40:00,PT Level,0.00,in,G
02/25/2020 19:40:00,Flow_cfs,0.00,,G
02/25/2020 19:40:00,FlowVolume,0.00,,G
02/25/2020 19:45:00,PT Level,0.00,in,G
02/25/2020 19:45:00,Flow_cfs,0.00,,G
02/25/2020 19:45:00,FlowVolume,0.00,,G
02/25/2020 19:50:00,PT Level,0.00,in,G
02/25/2020 19:50:00,Flow_cfs,0.00,,G
02/25/2020 19:50:00,FlowVolume,0.00,,G
02/25/2020 19:55:00,PT Level,0.00,in,G
02/25/2020 19:55:00,Flow_cfs,0.01,,G
02/25/2020 19:55:00,FlowVolume,0.00,,G
02/25/2020 20:00:00,PT Level,0.00,in,G
02/25/2020 20:00:00,Flow_cfs,0.01,,G
02/25/2020 20:00:00,FlowVolume,0.00,,G
02/25/2020 20:05:00,PT Level,0.00,in,G
02/25/2020 20:05:00,Flow_cfs,0.01,,G
02/25/2020 20:05:00,FlowVolume,0.00,,G
02/25/2020 20:10:00,PT Level,0.00,in,G
02/25/2020 20:10:00,Flow_cfs,0.01,,G
02/25/2020 20:10:00,FlowVolume,0.00,,G
02/25/2020 20:15:00,PT Level,0.00,in,G
02/25/2020 20:15:00,Flow_cfs,0.00,,G
02/25/2020 20:15:00,FlowVolume,0.00,,G
02/25/2020 20:20:00,PT Level,0.00,in,G
02/25/2020 20:20:00,Flow_cfs,0.01,,G
02/25/2020 20:20:00,FlowVolume,0.00,,G
02/25/2020 20:25:00,PT Level,0.00,in,G
02/25/2020 20:25:00,Flow_cfs,0.01,,G
02/25/2020 20:25:00,FlowVolume,0.00,,G
02/25/2020 20:30:00,PT Level,0.00,in,G
02/25/2020 20:30:00,Flow_cfs,0.00,,G
02/25/2020 20:30:00,FlowVolume,0.00,,G
02/25/2020 20:35:00,PT Level,0.00,in,G
02/25/2020 20:35:00,Flow_cfs,0.01,,G
02/25/2020 20:35:00,FlowVolume,0.00,,G
02/25/2020 20:40:00,PT Level,0.00,in,G
02/25/2020 20:40:00,Flow_cfs,0.01,,G
02/25/2020 20:40:00,FlowVolume,0.00,,G
02/25/2020 20:45:00,PT Level,0.00,in,G
02/25/2020 20:45:00,Flow_cfs,0.01,,G
02/25/2020 20:45:00,FlowVolume,0.00,,G
02/25/2020 20:50:00,PT Level,0.00,in,G
02/25/2020 20:50:00,Flow_cfs,0.01,,G
02/25/2020 20:50:00,FlowVolume,0.00,,G
02/25/2020 20:55:00,PT Level,0.00,in,G
02/25/2020 20:55:00,Flow_cfs,0.00,,G
02/25/2020 20:55:00,FlowVolume,0.00,,G
02/25/2020 21:00:00,PT Level,0.00,in,G
02/25/2020 21:00:00,Flow_cfs,0.01,,G
02/25/2020 21:00:00,FlowVolume,0.00,,G
02/25/2020 21:05:00,PT Level,0.00,in,G
02/25/2020 21:05:00,Flow_cfs,0.00,,G
02/25/2020 21:05:00,FlowVolume,0.00,,G
02/25/2020 21:10:00,PT Level,0.00,in,G
02/25/2020 21:10:00,Flow_cfs,0.01,,G
02/25/2020 21:10:00,FlowVolume,0.00,,G
02/25/2020 21:15:00,PT Level,0.00,in,G
02/25/2020 21:15:00,Flow_cfs,0.01,,G
02/25/2020 21:15:00,FlowVolume,0.00,,G
02/25/2020 21:20:00,PT Level,0.00,in,G
02/25/2020 21:20:00,Flow_cfs,0.01,,G
02/25/2020 21:20:00,FlowVolume,0.00,,G
02/25/2020 21:25:00,PT Level,0.00,in,G
02/25/2020 21:25:00,Flow_cfs,0.01,,G
02/25/2020 21:25:00,FlowVolume,0.00,,G
02/25/2020 21:30:00,PT Level,0.00,in,G
02/25/2020 21:30:00,Flow_cfs,0.01,,G
02/25/2020 21:30:00,FlowVolume,0.00,,G
02/25/2020 21:35:00,PT Level,0.00,in,G
02/25/2020 21:35:00,Flow_cfs,0.01,,G
02/25/2020 21:35:00,FlowVolume,0.00,,G
02/25/2020 21:40:00,PT Level,0.00,in,G
02/25/2020 21:40:00,Flow_cfs,0.01,,G
02/25/2020 21:40:00,FlowVolume,0.00,,G
02/25/2020 21:45:00,PT Level,0.00,in,G
02/25/2020 21:45:00,Flow_cfs,0.01,,G
02/25/2020 21:45:00,FlowVolume,0.00,,G
02/25/2020 21:50:00,PT Level,0.00,in,G
02/25/2020 21:50:00,Flow_cfs,0.01,,G
02/25/2020 21:50:00,FlowVolume,0.00,,G
02/25/2020 21:55:00,PT Level,0.00,in,G
02/25/2020 21:55:00,Flow_cfs,0.01,,G
02/25/2020 21:55:00,FlowVolume,0.00,,G
02/25/2020 22:00:00,PT Level,0.00,in,G
02/25/2020 22:00:00,Flow_cfs,0.00,,G
02/25/2020 22:00:00,FlowVolume,0.00,,G
02/25/2020 22:05:00,PT Level,0.00,in,G
02/25/2020 22:05:00,Flow_cfs,0.01,,G
02/25/2020 22:05:00,FlowVolume,0.00,,G
02/25/2020 22:10:00,PT Level,0.00,in,G
02/25/2020 22:10:00,Flow_cfs,0.01,,G
02/25/2020 22:10:00,FlowVolume,0.00,,G
02/25/2020 22:15:00,PT Level,0.00,in,G
02/25/2020 22:15:00,Flow_cfs,0.01,,G
02/25/2020 22:15:00,FlowVolume,0.00,,G
02/25/2020 22:20:00,PT Level,0.00,in,G
02/25/2020 22:20:00,Flow_cfs,0.01,,G
02/25/2020 22:20:00,FlowVolume,0.00,,G
02/25/2020 22:25:00,PT Level,0.00,in,G
02/25/2020 22:25:00,Flow_cfs,0.01,,G
02/25/2020 22:25:00,FlowVolume,0.00,,G
02/25/2020 22:30:00,PT Level,0.00,in,G
02/25/2020 22:30:00,Flow_cfs,0.01,,G
02/25/2020 22:30:00,FlowVolume,0.00,,G
02/25/2020 22:35:00,PT Level,0.00,in,G
02/25/2020 22:35:00,Flow_cfs,0.01,,G
02/25/2020 22:35:00,FlowVolume,0.00,,G
02/25/2020 22:40:00,PT Level,0.00,in,G
02/25/2020 22:40:00,Flow_cfs,0.01,,G
02/25/2020 22:40:00,FlowVolume,0.00,,G
02/25/2020 22:45:00,PT Level,0.00,in,G
02/25/2020 22:45:00,Flow_cfs,0.01,,G
02/25/2020 22:45:00,FlowVolume,0.00,,G
02/25/2020 22:50:00,PT Level,0.00,in,G
02/25/2020 22:50:00,Flow_cfs,0.01,,G
02/25/2020 22:50:00,FlowVolume,0.00,,G
02/25/2020 22:55:00,PT Level,0.00,in,G
02/25/2020 22:55:00,Flow_cfs,0.01,,G
02/25/2020 22:55:00,FlowVolume,0.00,,G
02/25/2020 23:00:00,PT Level,0.00,in,G
02/25/2020 23:00:00,Flow_cfs,0.01,,G
02/25/2020 23:00:00,FlowVolume,0.00,,G
02/25/2020 23:05:00,PT Level,0.00,in,G
02/25/2020 23:05:00,Flow_cfs,0.01,,G
02/25/2020 23:05:00,FlowVolume,0.00,,G
02/25/2020 23:10:00,PT Level,0.00,in,G
02/25/2020 23:10:00,Flow_cfs,0.01,,G
02/25/2020 23:10:00,FlowVolume,0.00,,G
02/25/2020 23:15:00,PT Level,0.00,in,G
02/25/2020 23:15:00,Flow_cfs,0.01,,G
02/25/2020 23:15:00,FlowVolume,0.00,,G
02/25/2020 23:20:00,PT Level,0.00,in,G
02/25/2020 23:20:00,Flow_cfs,0.01,,G
02/25/2020 23:20:00,FlowVolume,0.00,,G
02/25/2020 23:25:00,PT Level,0.00,in,G
02/25/2020 23:25:00,Flow_cfs,0.01,,G
02/25/2020 23:25:00,FlowVolume,0.00,,G
02/25/2020 23:30:00,PT Level,0.00,in,G
02/25/2020 23:30:00,Flow_cfs,0.02,,G
02/25/2020 23:30:00,FlowVolume,0.00,,G
02/25/2020 23:35:00,PT Level,0.00,in,G
02/25/2020 23:35:00,Flow_cfs,0.01,,G
02/25/2020 23:35:00,FlowVolume,0.00,,G
02/25/2020 23:40:00,PT Level,0.00,in,G
02/25/2020 23:40:00,Flow_cfs,0.01,,G
02/25/2020 23:40:00,FlowVolume,0.00,,G
02/25/2020 23:45:00,PT Level,0.00,in,G
02/25/2020 23:45:00,Flow_cfs,0.02,,G
02/25/2020 23:45:00,FlowVolume,0.00,,G
02/25/2020 23:50:00,PT Level,0.00,in,G
02/25/2020 23:50:00,Flow_cfs,0.01,,G
02/25/2020 23:50:00,FlowVolume,0.00,,G
02/25/2020 23:55:00,PT Level,0.00,in,G
02/25/2020 23:55:00,Flow_cfs,0.01,,G
02/25/2020 23:55:00,FlowVolume,0.00,,G
02/26/2020 00:00:00,PT Level,0.00,in,G
02/26/2020 00:00:00,Flow_cfs,0.02,,G
02/26/2020 00:00:00,FlowVolume,0.00,,G
02/26/2020 00:05:00,PT Level,0.00,in,G
02/26/2020 00:05:00,Flow_cfs,0.01,,G
02/26/2020 00:05:00,FlowVolume,0.00,,G
02/26/2020 00:10:00,PT Level,0.00,in,G
02/26/2020 00:10:00,Flow_cfs,0.01,,G
02/26/2020 00:10:00,FlowVolume,0.00,,G
02/26/2020 00:15:00,PT Level,0.00,in,G
02/26/2020 00:15:00,Flow_cfs,0.01,,G
02/26/2020 00:15:00,FlowVolume,0.00,,G
02/26/2020 00:20:00,PT Level,0.00,in,G
02/26/2020 00:20:00,Flow_cfs,0.01,,G
02/26/2020 00:20:00,FlowVolume,0.00,,G
02/26/2020 00:25:00,PT Level,0.00,in,G
02/26/2020 00:25:00,Flow_cfs,0.02,,G
02/26/2020 00:25:00,FlowVolume,0.00,,G
02/26/2020 00:30:00,PT Level,0.00,in,G
02/26/2020 00:30:00,Flow_cfs,0.01,,G
02/26/2020 00:30:00,FlowVolume,0.00,,G
02/26/2020 00:35:00,PT Level,0.00,in,G
02/26/2020 00:35:00,Flow_cfs,0.01,,G
02/26/2020 00:35:00,FlowVolume,0.00,,G
02/26/2020 00:40:00,PT Level,0.00,in,G
02/26/2020 00:40:00,Flow_cfs,0.01,,G
02/26/2020 00:40:00,FlowVolume,0.00,,G
02/26/2020 00:45:00,PT Level,0.00,in,G
02/26/2020 00:45:00,Flow_cfs,0.01,,G
02/26/2020 00:45:00,FlowVolume,0.00,,G
02/26/2020 00:50:00,PT Level,0.00,in,G
02/26/2020 00:50:00,Flow_cfs,0.01,,G
02/26/2020 00:50:00,FlowVolume,0.00,,G
02/26/2020 00:55:00,PT Level,0.00,in,G
02/26/2020 00:55:00,Flow_cfs,0.01,,G
02/26/2020 00:55:00,FlowVolume,0.00,,G
02/26/2020 01:00:00,PT Level,0.00,in,G
02/26/2020 01:00:00,Flow_cfs,0.01,,G
02/26/2020 01:00:00,FlowVolume,0.00,,G
02/26/2020 01:05:00,PT Level,0.00,in,G
02/26/2020 01:05:00,Flow_cfs,0.01,,G
02/26/2020 01:05:00,FlowVolume,0.00,,G
02/26/2020 01:10:00,PT Level,0.00,in,G
02/26/2020 01:10:00,Flow_cfs,0.01,,G
02/26/2020 01:10:00,FlowVolume,0.00,,G
02/26/2020 01:15:00,PT Level,0.00,in,G
02/26/2020 01:15:00,Flow_cfs,0.01,,G
02/26/2020 01:15:00,FlowVolume,0.00,,G
02/26/2020 01:20:00,PT Level,0.00,in,G
02/26/2020 01:20:00,Flow_cfs,0.01,,G
02/26/2020 01:20:00,FlowVolume,0.00,,G
02/26/2020 01:25:00,PT Level,0.00,in,G
02/26/2020 01:25:00,Flow_cfs,0.01,,G
02/26/2020 01:25:00,FlowVolume,0.00,,G
02/26/2020 01:30:00,PT Level,0.00,in,G
02/26/2020 01:30:00,Flow_cfs,0.01,,G
02/26/2020 01:30:00,FlowVolume,0.00,,G
02/26/2020 01:35:00,PT Level,0.00,in,G
02/26/2020 01:35:00,Flow_cfs,0.01,,G
02/26/2020 01:35:00,FlowVolume,0.00,,G
02/26/2020 01:40:00,PT Level,0.00,in,G
02/26/2020 01:40:00,Flow_cfs,0.01,,G
02/26/2020 01:40:00,FlowVolume,0.00,,G
02/26/2020 01:45:00,PT Level,0.00,in,G
02/26/2020 01:45:00,Flow_cfs,0.00,,G
02/26/2020 01:45:00,FlowVolume,0.00,,G
02/26/2020 01:50:00,PT Level,0.00,in,G
02/26/2020 01:50:00,Flow_cfs,0.01,,G
02/26/2020 01:50:00,FlowVolume,0.00,,G
02/26/2020 01:55:00,PT Level,0.00,in,G
02/26/2020 01:55:00,Flow_cfs,0.01,,G
02/26/2020 01:55:00,FlowVolume,0.00,,G
02/26/2020 02:00:00,PT Level,0.00,in,G
02/26/2020 02:00:00,Flow_cfs,0.01,,G
02/26/2020 02:00:00,FlowVolume,0.00,,G
02/26/2020 02:05:00,PT Level,0.00,in,G
02/26/2020 02:05:00,Flow_cfs,0.01,,G
02/26/2020 02:05:00,FlowVolume,0.00,,G
02/26/2020 02:10:00,PT Level,0.00,in,G
02/26/2020 02:10:00,Flow_cfs,0.01,,G
02/26/2020 02:10:00,FlowVolume,0.00,,G
02/26/2020 02:15:00,PT Level,0.00,in,G
02/26/2020 02:15:00,Flow_cfs,0.01,,G
02/26/2020 02:15:00,FlowVolume,0.00,,G
02/26/2020 02:20:00,PT Level,0.00,in,G
02/26/2020 02:20:00,Flow_cfs,0.01,,G
02/26/2020 02:20:00,FlowVolume,0.00,,G
02/26/2020 02:25:00,PT Level,0.00,in,G
02/26/2020 02:25:00,Flow_cfs,0.00,,G
02/26/2020 02:25:00,FlowVolume,0.00,,G
02/26/2020 02:30:00,PT Level,0.00,in,G
02/26/2020 02:30:00,Flow_cfs,0.00,,G
02/26/2020 02:30:00,FlowVolume,0.00,,G
02/26/2020 02:35:00,PT Level,0.00,in,G
02/26/2020 02:35:00,Flow_cfs,0.00,,G
02/26/2020 02:35:00,FlowVolume,0.00,,G
02/26/2020 02:40:00,PT Level,0.00,in,G
02/26/2020 02:40:00,Flow_cfs,0.00,,G
02/26/2020 02:40:00,FlowVolume,0.00,,G
02/26/2020 02:45:00,PT Level,0.00,in,G
02/26/2020 02:45:00,Flow_cfs,0.00,,G
02/26/2020 02:45:00,FlowVolume,0.00,,G
02/26/2020 02:50:00,PT Level,0.00,in,G
02/26/2020 02:50:00,Flow_cfs,0.00,,G
02/26/2020 02:50:00,FlowVolume,0.00,,G
02/26/2020 02:55:00,PT Level,0.00,in,G
02/26/2020 02:55:00,Flow_cfs,0.01,,G
02/26/2020 02:55:00,FlowVolume,0.00,,G
02/26/2020 03:00:00,PT Level,0.00,in,G
02/26/2020 03:00:00,Flow_cfs,0.00,,G
02/26/2020 03:00:00,FlowVolume,0.00,,G
02/26/2020 03:05:00,PT Level,0.00,in,G
02/26/2020 03:05:00,Flow_cfs,0.00,,G
02/26/2020 03:05:00,FlowVolume,0.00,,G
02/26/2020 03:10:00,PT Level,0.00,in,G
02/26/2020 03:10:00,Flow_cfs,0.00,,G
02/26/2020 03:10:00,FlowVolume,0.00,,G
02/26/2020 03:15:00,PT Level,0.00,in,G
02/26/2020 03:15:00,Flow_cfs,0.00,,G
02/26/2020 03:15:00,FlowVolume,0.00,,G
02/26/2020 03:20:00,PT Level,0.00,in,G
02/26/2020 03:20:00,Flow_cfs,0.01,,G
02/26/2020 03:20:00,FlowVolume,0.00,,G
02/26/2020 03:25:00,PT Level,0.00,in,G
02/26/2020 03:25:00,Flow_cfs,0.00,,G
02/26/2020 03:25:00,FlowVolume,0.00,,G
02/26/2020 03:30:00,PT Level,0.00,in,G
02/26/2020 03:30:00,Flow_cfs,0.00,,G
02/26/2020 03:30:00,FlowVolume,0.00,,G
02/26/2020 03:35:00,PT Level,0.00,in,G
02/26/2020 03:35:00,Flow_cfs,0.00,,G
02/26/2020 03:35:00,FlowVolume,0.00,,G
02/26/2020 03:40:00,PT Level,0.00,in,G
02/26/2020 03:40:00,Flow_cfs,0.00,,G
02/26/2020 03:40:00,FlowVolume,0.00,,G
02/26/2020 03:45:00,PT Level,0.00,in,G
02/26/2020 03:45:00,Flow_cfs,0.00,,G
02/26/2020 03:45:00,FlowVolume,0.00,,G
02/26/2020 03:50:00,PT Level,0.00,in,G
02/26/2020 03:50:00,Flow_cfs,0.00,,G
02/26/2020 03:50:00,FlowVolume,0.00,,G
02/26/2020 03:55:00,PT Level,0.00,in,G
02/26/2020 03:55:00,Flow_cfs,0.01,,G
02/26/2020 03:55:00,FlowVolume,0.00,,G
02/26/2020 04:00:00,PT Level,0.00,in,G
02/26/2020 04:00:00,Flow_cfs,0.00,,G
02/26/2020 04:00:00,FlowVolume,0.00,,G
02/26/2020 04:05:00,PT Level,0.00,in,G
02/26/2020 04:05:00,Flow_cfs,0.00,,G
02/26/2020 04:05:00,FlowVolume,0.00,,G
02/26/2020 04:10:00,PT Level,0.00,in,G
02/26/2020 04:10:00,Flow_cfs,0.01,,G
02/26/2020 04:10:00,FlowVolume,0.00,,G
02/26/2020 04:15:00,PT Level,0.00,in,G
02/26/2020 04:15:00,Flow_cfs,0.00,,G
02/26/2020 04:15:00,FlowVolume,0.00,,G
02/26/2020 04:20:00,PT Level,0.00,in,G
02/26/2020 04:20:00,Flow_cfs,0.01,,G
02/26/2020 04:20:00,FlowVolume,0.00,,G
02/26/2020 04:25:00,PT Level,0.00,in,G
02/26/2020 04:25:00,Flow_cfs,0.00,,G
02/26/2020 04:25:00,FlowVolume,0.00,,G
02/26/2020 04:30:00,PT Level,0.00,in,G
02/26/2020 04:30:00,Flow_cfs,0.00,,G
02/26/2020 04:30:00,FlowVolume,0.00,,G
02/26/2020 04:35:00,PT Level,0.00,in,G
02/26/2020 04:35:00,Flow_cfs,0.00,,G
02/26/2020 04:35:00,FlowVolume,0.00,,G
02/26/2020 04:40:00,PT Level,0.00,in,G
02/26/2020 04:40:00,Flow_cfs,0.00,,G
02/26/2020 04:40:00,FlowVolume,0.00,,G
02/26/2020 04:45:00,PT Level,0.00,in,G
02/26/2020 04:45:00,Flow_cfs,0.00,,G
02/26/2020 04:45:00,FlowVolume,0.00,,G
02/26/2020 04:50:00,PT Level,0.00,in,G
02/26/2020 04:50:00,Flow_cfs,0.01,,G
02/26/2020 04:50:00,FlowVolume,0.00,,G
02/26/2020 04:55:00,PT Level,0.00,in,G
02/26/2020 04:55:00,Flow_cfs,0.01,,G
02/26/2020 04:55:00,FlowVolume,0.00,,G
02/26/2020 05:00:00,PT Level,0.00,in,G
02/26/2020 05:00:00,Flow_cfs,0.01,,G
02/26/2020 05:00:00,FlowVolume,0.00,,G
02/26/2020 05:05:00,PT Level,0.00,in,G
02/26/2020 05:05:00,Flow_cfs,0.01,,G
02/26/2020 05:05:00,FlowVolume,0.00,,G
02/26/2020 05:10:00,PT Level,0.00,in,G
02/26/2020 05:10:00,Flow_cfs,0.01,,G
02/26/2020 05:10:00,FlowVolume,0.00,,G
02/26/2020 05:15:00,PT Level,0.00,in,G
02/26/2020 05:15:00,Flow_cfs,0.01,,G
02/26/2020 05:15:00,FlowVolume,0.00,,G
02/26/2020 05:20:00,PT Level,0.00,in,G
02/26/2020 05:20:00,Flow_cfs,0.01,,G
02/26/2020 05:20:00,FlowVolume,0.00,,G
02/26/2020 05:25:00,PT Level,0.00,in,G
02/26/2020 05:25:00,Flow_cfs,0.00,,G
02/26/2020 05:25:00,FlowVolume,0.00,,G
02/26/2020 05:30:00,PT Level,0.00,in,G
02/26/2020 05:30:00,Flow_cfs,0.01,,G
02/26/2020 05:30:00,FlowVolume,0.00,,G
02/26/2020 05:35:00,PT Level,0.00,in,G
02/26/2020 05:35:00,Flow_cfs,0.01,,G
02/26/2020 05:35:00,FlowVolume,0.00,,G
02/26/2020 05:40:00,PT Level,0.00,in,G
02/26/2020 05:40:00,Flow_cfs,0.01,,G
02/26/2020 05:40:00,FlowVolume,0.00,,G
02/26/2020 05:45:00,PT Level,0.00,in,G
02/26/2020 05:45:00,Flow_cfs,0.01,,G
02/26/2020 05:45:00,FlowVolume,0.00,,G
02/26/2020 05:50:00,PT Level,0.00,in,G
02/26/2020 05:50:00,Flow_cfs,0.01,,G
02/26/2020 05:50:00,FlowVolume,0.00,,G
02/26/2020 05:55:00,PT Level,0.00,in,G
02/26/2020 05:55:00,Flow_cfs,0.00,,G
02/26/2020 05:55:00,FlowVolume,0.00,,G
02/26/2020 06:00:00,PT Level,0.00,in,G
02/26/2020 06:00:00,Flow_cfs,0.01,,G
02/26/2020 06:00:00,FlowVolume,0.00,,G
02/26/2020 06:05:00,PT Level,0.00,in,G
02/26/2020 06:05:00,Flow_cfs,0.00,,G
02/26/2020 06:05:00,FlowVolume,0.00,,G
02/26/2020 06:10:00,PT Level,0.00,in,G
02/26/2020 06:10:00,Flow_cfs,0.01,,G
02/26/2020 06:10:00,FlowVolume,0.00,,G
02/26/2020 06:15:00,PT Level,0.00,in,G
02/26/2020 06:15:00,Flow_cfs,0.00,,G
02/26/2020 06:15:00,FlowVolume,0.00,,G
02/26/2020 06:20:00,PT Level,0.00,in,G
02/26/2020 06:20:00,Flow_cfs,0.00,,G
02/26/2020 06:20:00,FlowVolume,0.00,,G
02/26/2020 06:25:00,PT Level,0.00,in,G
02/26/2020 06:25:00,Flow_cfs,0.00,,G
02/26/2020 06:25:00,FlowVolume,0.00,,G
02/26/2020 06:30:00,PT Level,0.00,in,G
02/26/2020 06:30:00,Flow_cfs,0.01,,G
02/26/2020 06:30:00,FlowVolume,0.00,,G
02/26/2020 06:35:00,PT Level,0.00,in,G
02/26/2020 06:35:00,Flow_cfs,0.01,,G
02/26/2020 06:35:00,FlowVolume,0.00,,G
02/26/2020 06:40:00,PT Level,0.00,in,G
02/26/2020 06:40:00,Flow_cfs,0.01,,G
02/26/2020 06:40:00,FlowVolume,0.00,,G
02/26/2020 06:45:00,PT Level,0.00,in,G
02/26/2020 06:45:00,Flow_cfs,0.00,,G
02/26/2020 06:45:00,FlowVolume,0.00,,G
02/26/2020 06:50:00,PT Level,0.00,in,G
02/26/2020 06:50:00,Flow_cfs,0.01,,G
02/26/2020 06:50:00,FlowVolume,0.00,,G
02/26/2020 06:55:00,PT Level,0.00,in,G
02/26/2020 06:55:00,Flow_cfs,0.01,,G
02/26/2020 06:55:00,FlowVolume,0.00,,G
02/26/2020 07:00:00,PT Level,0.00,in,G
02/26/2020 07:00:00,Flow_cfs,0.01,,G
02/26/2020 07:00:00,FlowVolume,0.00,,G
02/26/2020 07:05:00,PT Level,0.00,in,G
02/26/2020 07:05:00,Flow_cfs,0.01,,G
02/26/2020 07:05:00,FlowVolume,0.00,,G
02/26/2020 07:10:00,PT Level,0.00,in,G
02/26/2020 07:10:00,Flow_cfs,0.01,,G
02/26/2020 07:10:00,FlowVolume,0.00,,G
02/26/2020 07:15:00,PT Level,0.00,in,G
02/26/2020 07:15:00,Flow_cfs,0.00,,G
02/26/2020 07:15:00,FlowVolume,0.00,,G
02/26/2020 07:20:00,PT Level,-0.00,in,G
02/26/2020 07:20:00,Flow_cfs,0.00,,G
02/26/2020 07:20:00,FlowVolume,0.00,,G
02/26/2020 07:25:00,PT Level,0.00,in,G
02/26/2020 07:25:00,Flow_cfs,0.00,,G
02/26/2020 07:25:00,FlowVolume,0.00,,G
02/26/2020 07:30:00,PT Level,0.00,in,G
02/26/2020 07:30:00,Flow_cfs,0.00,,G
02/26/2020 07:30:00,FlowVolume,0.00,,G
02/26/2020 07:35:00,PT Level,0.00,in,G
02/26/2020 07:35:00,Flow_cfs,0.00,,G
02/26/2020 07:35:00,FlowVolume,0.00,,G
02/26/2020 07:40:00,PT Level,0.00,in,G
02/26/2020 07:40:00,Flow_cfs,0.00,,G
02/26/2020 07:40:00,FlowVolume,0.00,,G
02/26/2020 07:45:00,PT Level,0.00,in,G
02/26/2020 07:45:00,Flow_cfs,0.00,,G
02/26/2020 07:45:00,FlowVolume,0.00,,G
02/26/2020 07:50:00,PT Level,0.00,in,G
02/26/2020 07:50:00,Flow_cfs,0.00,,G
02/26/2020 07:50:00,FlowVolume,0.00,,G
02/26/2020 07:55:00,PT Level,0.00,in,G
02/26/2020 07:55:00,Flow_cfs,0.00,,G
02/26/2020 07:55:00,FlowVolume,0.00,,G
02/26/2020 08:00:00,PT Level,0.00,in,G
02/26/2020 08:00:00,Flow_cfs,0.01,,G
02/26/2020 08:00:00,FlowVolume,0.00,,G
02/26/2020 08:05:00,PT Level,0.00,in,G
02/26/2020 08:05:00,Flow_cfs,0.00,,G
02/26/2020 08:05:00,FlowVolume,0.00,,G
02/26/2020 08:10:00,PT Level,0.00,in,G
02/26/2020 08:10:00,Flow_cfs,0.00,,G
02/26/2020 08:10:00,FlowVolume,0.00,,G
02/26/2020 08:15:00,PT Level,-0.00,in,G
02/26/2020 08:15:00,Flow_cfs,0.00,,G
02/26/2020 08:15:00,FlowVolume,0.00,,G
02/26/2020 08:20:00,PT Level,0.00,in,G
02/26/2020 08:20:00,Flow_cfs,0.00,,G
02/26/2020 08:20:00,FlowVolume,0.00,,G
02/26/2020 08:25:00,PT Level,-0.00,in,G
02/26/2020 08:25:00,Flow_cfs,0.00,,G
02/26/2020 08:25:00,FlowVolume,0.00,,G
02/26/2020 08:30:00,PT Level,0.00,in,G
02/26/2020 08:30:00,Flow_cfs,0.00,,G
02/26/2020 08:30:00,FlowVolume,0.00,,G
02/26/2020 08:35:00,PT Level,0.00,in,G
02/26/2020 08:35:00,Flow_cfs,0.00,,G
02/26/2020 08:35:00,FlowVolume,0.00,,G
02/26/2020 08:40:00,PT Level,0.00,in,G
02/26/2020 08:40:00,Flow_cfs,0.00,,G
02/26/2020 08:40:00,FlowVolume,0.00,,G
02/26/2020 08:45:00,PT Level,0.00,in,G
02/26/2020 08:45:00,Flow_cfs,0.00,,G
02/26/2020 08:45:00,FlowVolume,0.00,,G
02/26/2020 08:50:00,PT Level,-0.00,in,G
02/26/2020 08:50:00,Flow_cfs,0.00,,G
02/26/2020 08:50:00,FlowVolume,0.00,,G
02/26/2020 08:55:00,PT Level,0.00,in,G
02/26/2020 08:55:00,Flow_cfs,0.00,,G
02/26/2020 08:55:00,FlowVolume,0.00,,G
02/26/2020 09:00:00,PT Level,0.00,in,G
02/26/2020 09:00:00,Flow_cfs,0.00,,G
02/26/2020 09:00:00,FlowVolume,0.00,,G
02/26/2020 09:05:00,PT Level,0.00,in,G
02/26/2020 09:05:00,Flow_cfs,0.00,,G
02/26/2020 09:05:00,FlowVolume,0.00,,G
02/26/2020 09:10:00,PT Level,0.00,in,G
02/26/2020 09:10:00,Flow_cfs,0.00,,G
02/26/2020 09:10:00,FlowVolume,0.00,,G
02/26/2020 09:15:00,PT Level,0.00,in,G
02/26/2020 09:15:00,Flow_cfs,0.00,,G
02/26/2020 09:15:00,FlowVolume,0.00,,G
02/26/2020 09:20:00,PT Level,0.00,in,G
02/26/2020 09:20:00,Flow_cfs,0.00,,G
02/26/2020 09:20:00,FlowVolume,0.00,,G
02/26/2020 09:25:00,PT Level,0.00,in,G
02/26/2020 09:25:00,Flow_cfs,0.00,,G
02/26/2020 09:25:00,FlowVolume,0.00,,G
02/26/2020 09:30:00,PT Level,0.00,in,G
02/26/2020 09:30:00,Flow_cfs,0.01,,G
02/26/2020 09:30:00,FlowVolume,0.00,,G
02/26/2020 09:35:00,PT Level,0.00,in,G
02/26/2020 09:35:00,Flow_cfs,0.01,,G
02/26/2020 09:35:00,FlowVolume,0.00,,G
02/26/2020 09:40:00,PT Level,0.00,in,G
02/26/2020 09:40:00,Flow_cfs,0.01,,G
02/26/2020 09:40:00,FlowVolume,0.00,,G
02/26/2020 09:45:00,PT Level,0.00,in,G
02/26/2020 09:45:00,Flow_cfs,0.01,,G
02/26/2020 09:45:00,FlowVolume,0.00,,G
02/26/2020 09:50:00,PT Level,0.00,in,G
02/26/2020 09:50:00,Flow_cfs,0.01,,G
02/26/2020 09:50:00,FlowVolume,0.00,,G
02/26/2020 09:55:00,PT Level,0.00,in,G
02/26/2020 09:55:00,Flow_cfs,0.01,,G
02/26/2020 09:55:00,FlowVolume,0.00,,G
02/26/2020 10:00:00,PT Level,0.00,in,G
02/26/2020 10:00:00,Flow_cfs,0.01,,G
02/26/2020 10:00:00,FlowVolume,0.00,,G
02/26/2020 10:05:00,PT Level,0.00,in,G
02/26/2020 10:05:00,Flow_cfs,0.01,,G
02/26/2020 10:05:00,FlowVolume,0.00,,G
02/26/2020 10:10:00,PT Level,0.00,in,G
02/26/2020 10:10:00,Flow_cfs,0.01,,G
02/26/2020 10:10:00,FlowVolume,0.00,,G
02/26/2020 10:15:00,PT Level,0.00,in,G
02/26/2020 10:15:00,Flow_cfs,0.01,,G
02/26/2020 10:15:00,FlowVolume,0.00,,G
02/26/2020 10:20:00,PT Level,0.00,in,G
02/26/2020 10:20:00,Flow_cfs,0.01,,G
02/26/2020 10:20:00,FlowVolume,0.00,,G
02/26/2020 10:25:00,PT Level,0.00,in,G
02/26/2020 10:25:00,Flow_cfs,0.01,,G
02/26/2020 10:25:00,FlowVolume,0.00,,G
02/26/2020 10:30:00,PT Level,0.00,in,G
02/26/2020 10:30:00,Flow_cfs,0.01,,G
02/26/2020 10:30:00,FlowVolume,0.00,,G
02/26/2020 10:35:00,PT Level,0.00,in,G
02/26/2020 10:35:00,Flow_cfs,0.01,,G
02/26/2020 10:35:00,FlowVolume,0.00,,G
02/26/2020 10:40:00,PT Level,0.00,in,G
02/26/2020 10:40:00,Flow_cfs,0.01,,G
02/26/2020 10:40:00,FlowVolume,0.00,,G
02/26/2020 10:45:00,PT Level,0.00,in,G
02/26/2020 10:45:00,Flow_cfs,0.01,,G
02/26/2020 10:45:00,FlowVolume,0.00,,G
02/26/2020 10:50:00,PT Level,0.00,in,G
02/26/2020 10:50:00,Flow_cfs,0.01,,G
02/26/2020 10:50:00,FlowVolume,0.00,,G
02/26/2020 10:55:00,PT Level,0.00,in,G
02/26/2020 10:55:00,Flow_cfs,0.01,,G
02/26/2020 10:55:00,FlowVolume,0.00,,G
02/26/2020 11:00:00,PT Level,0.00,in,G
02/26/2020 11:00:00,Flow_cfs,0.01,,G
02/26/2020 11:00:00,FlowVolume,0.00,,G
02/26/2020 11:05:00,PT Level,0.00,in,G
02/26/2020 11:05:00,Flow_cfs,0.01,,G
02/26/2020 11:05:00,FlowVolume,0.00,,G
02/26/2020 11:10:00,PT Level,0.00,in,G
02/26/2020 11:10:00,Flow_cfs,0.01,,G
02/26/2020 11:10:00,FlowVolume,0.00,,G
02/26/2020 11:15:00,PT Level,0.00,in,G
02/26/2020 11:15:00,Flow_cfs,0.01,,G
02/26/2020 11:15:00,FlowVolume,0.00,,G
02/26/2020 11:20:00,PT Level,0.00,in,G
02/26/2020 11:20:00,Flow_cfs,0.01,,G
02/26/2020 11:20:00,FlowVolume,0.00,,G
02/26/2020 11:25:00,PT Level,0.00,in,G
02/26/2020 11:25:00,Flow_cfs,0.02,,G
02/26/2020 11:25:00,FlowVolume,0.00,,G
02/26/2020 11:30:00,PT Level,0.00,in,G
02/26/2020 11:30:00,Flow_cfs,0.01,,G
02/26/2020 11:30:00,FlowVolume,0.00,,G
02/26/2020 11:35:00,PT Level,0.00,in,G
02/26/2020 11:35:00,Flow_cfs,0.02,,G
02/26/2020 11:35:00,FlowVolume,0.00,,G
02/26/2020 11:40:00,PT Level,0.00,in,G
02/26/2020 11:40:00,Flow_cfs,0.01,,G
02/26/2020 11:40:00,FlowVolume,0.00,,G
02/26/2020 11:45:00,PT Level,0.00,in,G
02/26/2020 11:45:00,Flow_cfs,0.02,,G
02/26/2020 11:45:00,FlowVolume,0.00,,G
02/26/2020 11:50:00,PT Level,0.00,in,G
02/26/2020 11:50:00,Flow_cfs,0.02,,G
02/26/2020 11:50:00,FlowVolume,0.00,,G
02/26/2020 11:55:00,PT Level,0.00,in,G
02/26/2020 11:55:00,Flow_cfs,0.01,,G
02/26/2020 11:55:00,FlowVolume,0.00,,G
02/26/2020 12:00:00,PT Level,0.00,in,G
02/26/2020 12:00:00,Flow_cfs,0.01,,G
02/26/2020 12:00:00,FlowVolume,0.00,,G
02/26/2020 12:05:00,PT Level,0.00,in,G
02/26/2020 12:05:00,Flow_cfs,0.01,,G
02/26/2020 12:05:00,FlowVolume,0.00,,G
02/26/2020 12:10:00,PT Level,0.00,in,G
02/26/2020 12:10:00,Flow_cfs,0.01,,G
02/26/2020 12:10:00,FlowVolume,0.00,,G
02/26/2020 12:15:00,PT Level,0.00,in,G
02/26/2020 12:15:00,Flow_cfs,0.01,,G
02/26/2020 12:15:00,FlowVolume,0.00,,G
02/26/2020 12:20:00,PT Level,0.00,in,G
02/26/2020 12:20:00,Flow_cfs,0.01,,G
02/26/2020 12:20:00,FlowVolume,0.00,,G
02/26/2020 12:25:00,PT Level,0.00,in,G
02/26/2020 12:25:00,Flow_cfs,0.01,,G
02/26/2020 12:25:00,FlowVolume,0.00,,G
02/26/2020 12:30:00,PT Level,0.00,in,G
02/26/2020 12:30:00,Flow_cfs,0.01,,G
02/26/2020 12:30:00,FlowVolume,0.00,,G
02/26/2020 12:35:00,PT Level,0.00,in,G
02/26/2020 12:35:00,Flow_cfs,0.02,,G
02/26/2020 12:35:00,FlowVolume,0.00,,G
02/26/2020 12:40:00,PT Level,0.00,in,G
02/26/2020 12:40:00,Flow_cfs,0.02,,G
02/26/2020 12:40:00,FlowVolume,0.00,,G
02/26/2020 12:45:00,PT Level,0.00,in,G
02/26/2020 12:45:00,Flow_cfs,0.02,,G
02/26/2020 12:45:00,FlowVolume,0.00,,G
02/26/2020 12:50:00,PT Level,0.00,in,G
02/26/2020 12:50:00,Flow_cfs,0.01,,G
02/26/2020 12:50:00,FlowVolume,0.00,,G
02/26/2020 12:55:00,PT Level,0.00,in,G
02/26/2020 12:55:00,Flow_cfs,0.01,,G
02/26/2020 12:55:00,FlowVolume,0.00,,G
02/26/2020 13:00:00,PT Level,0.00,in,G
02/26/2020 13:00:00,Flow_cfs,0.01,,G
02/26/2020 13:00:00,FlowVolume,0.00,,G
02/26/2020 13:05:00,PT Level,0.00,in,G
02/26/2020 13:05:00,Flow_cfs,0.01,,G
02/26/2020 13:05:00,FlowVolume,0.00,,G
02/26/2020 13:10:00,PT Level,0.00,in,G
02/26/2020 13:10:00,Flow_cfs,0.01,,G
02/26/2020 13:10:00,FlowVolume,0.00,,G
02/26/2020 13:15:00,PT Level,0.00,in,G
02/26/2020 13:15:00,Flow_cfs,0.01,,G
02/26/2020 13:15:00,FlowVolume,0.00,,G
02/26/2020 13:20:00,PT Level,0.00,in,G
02/26/2020 13:20:00,Flow_cfs,0.01,,G
02/26/2020 13:20:00,FlowVolume,0.00,,G
02/26/2020 13:25:00,PT Level,0.00,in,G
02/26/2020 13:25:00,Flow_cfs,0.02,,G
02/26/2020 13:25:00,FlowVolume,0.00,,G
02/26/2020 13:30:00,PT Level,0.00,in,G
02/26/2020 13:30:00,Flow_cfs,0.01,,G
02/26/2020 13:30:00,FlowVolume,0.00,,G
02/26/2020 13:35:00,PT Level,0.00,in,G
02/26/2020 13:35:00,Flow_cfs,0.01,,G
02/26/2020 13:35:00,FlowVolume,0.00,,G
02/26/2020 13:40:00,PT Level,0.00,in,G
02/26/2020 13:40:00,Flow_cfs,0.01,,G
02/26/2020 13:40:00,FlowVolume,0.00,,G
02/26/2020 13:45:00,PT Level,0.00,in,G
02/26/2020 13:45:00,Flow_cfs,0.01,,G
02/26/2020 13:45:00,FlowVolume,0.00,,G
02/26/2020 13:50:00,PT Level,0.00,in,G
02/26/2020 13:50:00,Flow_cfs,0.02,,G
02/26/2020 13:50:00,FlowVolume,0.00,,G
02/26/2020 13:55:00,PT Level,0.00,in,G
02/26/2020 13:55:00,Flow_cfs,0.01,,G
02/26/2020 13:55:00,FlowVolume,0.00,,G
02/26/2020 14:00:00,PT Level,0.00,in,G
02/26/2020 14:00:00,Flow_cfs,0.02,,G
02/26/2020 14:00:00,FlowVolume,0.00,,G
02/26/2020 14:05:00,PT Level,0.00,in,G
02/26/2020 14:05:00,Flow_cfs,0.01,,G
02/26/2020 14:05:00,FlowVolume,0.00,,G
02/26/2020 14:10:00,PT Level,0.00,in,G
02/26/2020 14:10:00,Flow_cfs,0.01,,G
02/26/2020 14:10:00,FlowVolume,0.00,,G
02/26/2020 14:15:00,PT Level,0.00,in,G
02/26/2020 14:15:00,Flow_cfs,0.02,,G
02/26/2020 14:15:00,FlowVolume,0.00,,G
02/26/2020 14:20:00,PT Level,0.00,in,G
02/26/2020 14:20:00,Flow_cfs,0.01,,G
02/26/2020 14:20:00,FlowVolume,0.00,,G
02/26/2020 14:25:00,PT Level,0.00,in,G
02/26/2020 14:25:00,Flow_cfs,0.02,,G
02/26/2020 14:25:00,FlowVolume,0.00,,G
02/26/2020 14:30:00,PT Level,0.00,in,G
02/26/2020 14:30:00,Flow_cfs,0.02,,G
02/26/2020 14:30:00,FlowVolume,0.00,,G
02/26/2020 14:35:00,PT Level,0.00,in,G
02/26/2020 14:35:00,Flow_cfs,0.00,,G
02/26/2020 14:35:00,FlowVolume,0.00,,G
02/26/2020 14:40:00,PT Level,0.00,in,G
02/26/2020 14:40:00,Flow_cfs,0.01,,G
02/26/2020 14:40:00,FlowVolume,0.00,,G
02/26/2020 14:45:00,PT Level,0.00,in,G
02/26/2020 14:45:00,Flow_cfs,0.01,,G
02/26/2020 14:45:00,FlowVolume,0.00,,G
02/26/2020 14:50:00,PT Level,0.00,in,G
02/26/2020 14:50:00,Flow_cfs,0.01,,G
02/26/2020 14:50:00,FlowVolume,0.00,,G
02/26/2020 14:55:00,PT Level,0.00,in,G
02/26/2020 14:55:00,Flow_cfs,0.01,,G
02/26/2020 14:55:00,FlowVolume,0.00,,G
02/26/2020 15:00:00,PT Level,0.00,in,G
02/26/2020 15:00:00,Flow_cfs,0.01,,G
02/26/2020 15:00:00,FlowVolume,0.00,,G
02/26/2020 15:05:00,PT Level,0.00,in,G
02/26/2020 15:05:00,Flow_cfs,0.01,,G
02/26/2020 15:05:00,FlowVolume,0.00,,G
02/26/2020 15:10:00,PT Level,0.00,in,G
02/26/2020 15:10:00,Flow_cfs,0.01,,G
02/26/2020 15:10:00,FlowVolume,0.00,,G
02/26/2020 15:15:00,PT Level,0.00,in,G
02/26/2020 15:15:00,Flow_cfs,0.00,,G
02/26/2020 15:15:00,FlowVolume,0.00,,G
02/26/2020 15:20:00,PT Level,0.00,in,G
02/26/2020 15:20:00,Flow_cfs,0.00,,G
02/26/2020 15:20:00,FlowVolume,0.00,,G
02/26/2020 15:25:00,PT Level,0.00,in,G
02/26/2020 15:25:00,Flow_cfs,0.01,,G
02/26/2020 15:25:00,FlowVolume,0.00,,G
02/26/2020 15:30:00,PT Level,0.00,in,G
02/26/2020 15:30:00,Flow_cfs,0.01,,G
02/26/2020 15:30:00,FlowVolume,0.00,,G
02/26/2020 15:35:00,PT Level,0.00,in,G
02/26/2020 15:35:00,Flow_cfs,0.01,,G
02/26/2020 15:35:00,FlowVolume,0.00,,G
02/26/2020 15:40:00,PT Level,0.00,in,G
02/26/2020 15:40:00,Flow_cfs,0.01,,G
02/26/2020 15:40:00,FlowVolume,0.00,,G
02/26/2020 15:45:00,PT Level,0.00,in,G
02/26/2020 15:45:00,Flow_cfs,0.01,,G
02/26/2020 15:45:00,FlowVolume,0.00,,G
02/26/2020 15:50:00,PT Level,0.00,in,G
02/26/2020 15:50:00,Flow_cfs,0.01,,G
02/26/2020 15:50:00,FlowVolume,0.00,,G
02/26/2020 15:55:00,PT Level,0.00,in,G
02/26/2020 15:55:00,Flow_cfs,0.01,,G
02/26/2020 15:55:00,FlowVolume,0.00,,G
02/26/2020 16:00:00,PT Level,0.00,in,G
02/26/2020 16:00:00,Flow_cfs,0.01,,G
02/26/2020 16:00:00,FlowVolume,0.00,,G
02/26/2020 16:05:00,PT Level,0.00,in,G
02/26/2020 16:05:00,Flow_cfs,0.01,,G
02/26/2020 16:05:00,FlowVolume,0.00,,G
02/26/2020 16:10:00,PT Level,0.00,in,G
02/26/2020 16:10:00,Flow_cfs,0.01,,G
02/26/2020 16:10:00,FlowVolume,0.00,,G
02/26/2020 16:15:00,PT Level,0.00,in,G
02/26/2020 16:15:00,Flow_cfs,0.01,,G
02/26/2020 16:15:00,FlowVolume,0.00,,G
02/26/2020 16:20:00,PT Level,0.00,in,G
02/26/2020 16:20:00,Flow_cfs,0.01,,G
02/26/2020 16:20:00,FlowVolume,0.00,,G
02/26/2020 16:25:00,PT Level,0.00,in,G
02/26/2020 16:25:00,Flow_cfs,0.01,,G
02/26/2020 16:25:00,FlowVolume,0.00,,G
02/26/2020 16:30:00,PT Level,0.00,in,G
02/26/2020 16:30:00,Flow_cfs,0.01,,G
02/26/2020 16:30:00,FlowVolume,0.00,,G
02/26/2020 16:35:00,PT Level,0.00,in,G
02/26/2020 16:35:00,Flow_cfs,0.01,,G
02/26/2020 16:35:00,FlowVolume,0.00,,G
02/26/2020 16:40:00,PT Level,0.00,in,G
02/26/2020 16:40:00,Flow_cfs,0.01,,G
02/26/2020 16:40:00,FlowVolume,0.00,,G
02/26/2020 16:45:00,PT Level,0.00,in,G
02/26/2020 16:45:00,Flow_cfs,0.01,,G
02/26/2020 16:45:00,FlowVolume,0.00,,G
02/26/2020 16:50:00,PT Level,0.00,in,G
02/26/2020 16:50:00,Flow_cfs,0.01,,G
02/26/2020 16:50:00,FlowVolume,0.00,,G
02/26/2020 16:55:00,PT Level,0.00,in,G
02/26/2020 16:55:00,Flow_cfs,0.01,,G
02/26/2020 16:55:00,FlowVolume,0.00,,G
02/26/2020 17:00:00,PT Level,0.00,in,G
02/26/2020 17:00:00,Flow_cfs,0.01,,G
02/26/2020 17:00:00,FlowVolume,0.00,,G
02/26/2020 17:05:00,PT Level,0.00,in,G
02/26/2020 17:05:00,Flow_cfs,0.01,,G
02/26/2020 17:05:00,FlowVolume,0.00,,G
02/26/2020 17:10:00,PT Level,0.00,in,G
02/26/2020 17:10:00,Flow_cfs,0.01,,G
02/26/2020 17:10:00,FlowVolume,0.00,,G
02/26/2020 17:15:00,PT Level,0.00,in,G
02/26/2020 17:15:00,Flow_cfs,0.00,,G
02/26/2020 17:15:00,FlowVolume,0.00,,G
02/26/2020 17:20:00,PT Level,0.00,in,G
02/26/2020 17:20:00,Flow_cfs,0.01,,G
02/26/2020 17:20:00,FlowVolume,0.00,,G
02/26/2020 17:25:00,PT Level,0.00,in,G
02/26/2020 17:25:00,Flow_cfs,0.01,,G
02/26/2020 17:25:00,FlowVolume,0.00,,G
02/26/2020 17:30:00,PT Level,0.00,in,G
02/26/2020 17:30:00,Flow_cfs,0.01,,G
02/26/2020 17:30:00,FlowVolume,0.00,,G
02/26/2020 17:35:00,PT Level,0.00,in,G
02/26/2020 17:35:00,Flow_cfs,0.01,,G
02/26/2020 17:35:00,FlowVolume,0.00,,G
02/26/2020 17:40:00,PT Level,0.00,in,G
02/26/2020 17:40:00,Flow_cfs,0.01,,G
02/26/2020 17:40:00,FlowVolume,0.00,,G
02/26/2020 17:45:00,PT Level,0.00,in,G
02/26/2020 17:45:00,Flow_cfs,0.01,,G
02/26/2020 17:45:00,FlowVolume,0.00,,G
02/26/2020 17:50:00,PT Level,0.00,in,G
02/26/2020 17:50:00,Flow_cfs,0.01,,G
02/26/2020 17:50:00,FlowVolume,0.00,,G
02/26/2020 17:55:00,PT Level,0.00,in,G
02/26/2020 17:55:00,Flow_cfs,0.01,,G
02/26/2020 17:55:00,FlowVolume,0.00,,G
02/26/2020 18:00:00,PT Level,0.00,in,G
02/26/2020 18:00:00,Flow_cfs,0.01,,G
02/26/2020 18:00:00,FlowVolume,0.00,,G
02/26/2020 18:05:00,PT Level,0.00,in,G
02/26/2020 18:05:00,Flow_cfs,0.01,,G
02/26/2020 18:05:00,FlowVolume,0.00,,G
02/26/2020 18:10:00,PT Level,0.00,in,G
02/26/2020 18:10:00,Flow_cfs,0.01,,G
02/26/2020 18:10:00,FlowVolume,0.00,,G
02/26/2020 18:15:00,PT Level,0.00,in,G
02/26/2020 18:15:00,Flow_cfs,0.01,,G
02/26/2020 18:15:00,FlowVolume,0.00,,G
02/26/2020 18:20:00,PT Level,0.00,in,G
02/26/2020 18:20:00,Flow_cfs,0.01,,G
02/26/2020 18:20:00,FlowVolume,0.00,,G
02/26/2020 18:25:00,PT Level,0.00,in,G
02/26/2020 18:25:00,Flow_cfs,0.01,,G
02/26/2020 18:25:00,FlowVolume,0.00,,G
02/26/2020 18:30:00,PT Level,0.00,in,G
02/26/2020 18:30:00,Flow_cfs,0.01,,G
02/26/2020 18:30:00,FlowVolume,0.00,,G
02/26/2020 18:35:00,PT Level,0.00,in,G
02/26/2020 18:35:00,Flow_cfs,0.01,,G
02/26/2020 18:35:00,FlowVolume,0.00,,G
02/26/2020 18:40:00,PT Level,0.00,in,G
02/26/2020 18:40:00,Flow_cfs,0.01,,G
02/26/2020 18:40:00,FlowVolume,0.00,,G
02/26/2020 18:45:00,PT Level,0.00,in,G
02/26/2020 18:45:00,Flow_cfs,0.01,,G
02/26/2020 18:45:00,FlowVolume,0.00,,G
02/26/2020 18:50:00,PT Level,0.00,in,G
02/26/2020 18:50:00,Flow_cfs,0.01,,G
02/26/2020 18:50:00,FlowVolume,0.00,,G
02/26/2020 18:55:00,PT Level,0.00,in,G
02/26/2020 18:55:00,Flow_cfs,0.01,,G
02/26/2020 18:55:00,FlowVolume,0.00,,G
02/26/2020 19:00:00,PT Level,0.00,in,G
02/26/2020 19:00:00,Flow_cfs,0.01,,G
02/26/2020 19:00:00,FlowVolume,0.00,,G
02/26/2020 19:05:00,PT Level,0.00,in,G
02/26/2020 19:05:00,Flow_cfs,0.01,,G
02/26/2020 19:05:00,FlowVolume,0.00,,G
02/26/2020 19:10:00,PT Level,0.00,in,G
02/26/2020 19:10:00,Flow_cfs,0.02,,G
02/26/2020 19:10:00,FlowVolume,0.00,,G
02/26/2020 19:15:00,PT Level,0.00,in,G
02/26/2020 19:15:00,Flow_cfs,0.01,,G
02/26/2020 19:15:00,FlowVolume,0.00,,G
02/26/2020 19:20:00,PT Level,0.00,in,G
02/26/2020 19:20:00,Flow_cfs,0.01,,G
02/26/2020 19:20:00,FlowVolume,0.00,,G
02/26/2020 19:25:00,PT Level,0.00,in,G
02/26/2020 19:25:00,Flow_cfs,0.01,,G
02/26/2020 19:25:00,FlowVolume,0.00,,G
02/26/2020 19:30:00,PT Level,0.00,in,G
02/26/2020 19:30:00,Flow_cfs,0.01,,G
02/26/2020 19:30:00,FlowVolume,0.00,,G
02/26/2020 19:35:00,PT Level,0.00,in,G
02/26/2020 19:35:00,Flow_cfs,0.01,,G
02/26/2020 19:35:00,FlowVolume,0.00,,G
02/26/2020 19:40:00,PT Level,0.00,in,G
02/26/2020 19:40:00,Flow_cfs,0.01,,G
02/26/2020 19:40:00,FlowVolume,0.00,,G
02/26/2020 19:45:00,PT Level,0.00,in,G
02/26/2020 19:45:00,Flow_cfs,0.01,,G
02/26/2020 19:45:00,FlowVolume,0.00,,G
02/26/2020 19:50:00,PT Level,0.00,in,G
02/26/2020 19:50:00,Flow_cfs,0.01,,G
02/26/2020 19:50:00,FlowVolume,0.00,,G
02/26/2020 19:55:00,PT Level,0.00,in,G
02/26/2020 19:55:00,Flow_cfs,0.01,,G
02/26/2020 19:55:00,FlowVolume,0.00,,G
02/26/2020 20:00:00,PT Level,0.00,in,G
02/26/2020 20:00:00,Flow_cfs,0.01,,G
02/26/2020 20:00:00,FlowVolume,0.00,,G
02/26/2020 20:05:00,PT Level,0.00,in,G
02/26/2020 20:05:00,Flow_cfs,0.01,,G
02/26/2020 20:05:00,FlowVolume,0.00,,G
02/26/2020 20:10:00,PT Level,0.00,in,G
02/26/2020 20:10:00,Flow_cfs,0.01,,G
02/26/2020 20:10:00,FlowVolume,0.00,,G
02/26/2020 20:15:00,PT Level,0.00,in,G
02/26/2020 20:15:00,Flow_cfs,0.01,,G
02/26/2020 20:15:00,FlowVolume,0.00,,G
02/26/2020 20:20:00,PT Level,0.00,in,G
02/26/2020 20:20:00,Flow_cfs,0.01,,G
02/26/2020 20:20:00,FlowVolume,0.00,,G
02/26/2020 20:25:00,PT Level,0.00,in,G
02/26/2020 20:25:00,Flow_cfs,0.01,,G
02/26/2020 20:25:00,FlowVolume,0.00,,G
02/26/2020 20:30:00,PT Level,0.00,in,G
02/26/2020 20:30:00,Flow_cfs,0.01,,G
02/26/2020 20:30:00,FlowVolume,0.00,,G
02/26/2020 20:35:00,PT Level,0.00,in,G
02/26/2020 20:35:00,Flow_cfs,0.01,,G
02/26/2020 20:35:00,FlowVolume,0.00,,G
02/26/2020 20:40:00,PT Level,0.00,in,G
02/26/2020 20:40:00,Flow_cfs,0.01,,G
02/26/2020 20:40:00,FlowVolume,0.00,,G
02/26/2020 20:45:00,PT Level,0.00,in,G
02/26/2020 20:45:00,Flow_cfs,0.01,,G
02/26/2020 20:45:00,FlowVolume,0.00,,G
02/26/2020 20:50:00,PT Level,0.00,in,G
02/26/2020 20:50:00,Flow_cfs,0.01,,G
02/26/2020 20:50:00,FlowVolume,0.00,,G
02/26/2020 20:55:00,PT Level,0.00,in,G
02/26/2020 20:55:00,Flow_cfs,0.01,,G
02/26/2020 20:55:00,FlowVolume,0.00,,G
02/26/2020 21:00:00,PT Level,0.00,in,G
02/26/2020 21:00:00,Flow_cfs,0.01,,G
02/26/2020 21:00:00,FlowVolume,0.00,,G
02/26/2020 21:05:00,PT Level,0.00,in,G
02/26/2020 21:05:00,Flow_cfs,0.01,,G
02/26/2020 21:05:00,FlowVolume,0.00,,G
02/26/2020 21:10:00,PT Level,0.00,in,G
02/26/2020 21:10:00,Flow_cfs,0.01,,G
02/26/2020 21:10:00,FlowVolume,0.00,,G
02/26/2020 21:15:00,PT Level,0.00,in,G
02/26/2020 21:15:00,Flow_cfs,0.01,,G
02/26/2020 21:15:00,FlowVolume,0.00,,G
02/26/2020 21:20:00,PT Level,0.00,in,G
02/26/2020 21:20:00,Flow_cfs,0.01,,G
02/26/2020 21:20:00,FlowVolume,0.00,,G
02/26/2020 21:25:00,PT Level,0.00,in,G
02/26/2020 21:25:00,Flow_cfs,0.01,,G
02/26/2020 21:25:00,FlowVolume,0.00,,G
02/26/2020 21:30:00,PT Level,0.00,in,G
02/26/2020 21:30:00,Flow_cfs,0.01,,G
02/26/2020 21:30:00,FlowVolume,0.00,,G
02/26/2020 21:35:00,PT Level,0.00,in,G
02/26/2020 21:35:00,Flow_cfs,0.01,,G
02/26/2020 21:35:00,FlowVolume,0.00,,G
02/26/2020 21:40:00,PT Level,0.00,in,G
02/26/2020 21:40:00,Flow_cfs,0.01,,G
02/26/2020 21:40:00,FlowVolume,0.00,,G
02/26/2020 21:45:00,PT Level,0.00,in,G
02/26/2020 21:45:00,Flow_cfs,0.00,,G
02/26/2020 21:45:00,FlowVolume,0.00,,G
02/26/2020 21:50:00,PT Level,0.00,in,G
02/26/2020 21:50:00,Flow_cfs,0.01,,G
02/26/2020 21:50:00,FlowVolume,0.00,,G
02/26/2020 21:55:00,PT Level,0.00,in,G
02/26/2020 21:55:00,Flow_cfs,0.01,,G
02/26/2020 21:55:00,FlowVolume,0.00,,G
02/26/2020 22:00:00,PT Level,0.00,in,G
02/26/2020 22:00:00,Flow_cfs,0.01,,G
02/26/2020 22:00:00,FlowVolume,0.00,,G
02/26/2020 22:05:00,PT Level,0.00,in,G
02/26/2020 22:05:00,Flow_cfs,0.01,,G
02/26/2020 22:05:00,FlowVolume,0.00,,G
02/26/2020 22:10:00,PT Level,0.00,in,G
02/26/2020 22:10:00,Flow_cfs,0.01,,G
02/26/2020 22:10:00,FlowVolume,0.00,,G
02/26/2020 22:15:00,PT Level,0.00,in,G
02/26/2020 22:15:00,Flow_cfs,0.01,,G
02/26/2020 22:15:00,FlowVolume,0.00,,G
02/26/2020 22:20:00,PT Level,0.00,in,G
02/26/2020 22:20:00,Flow_cfs,0.01,,G
02/26/2020 22:20:00,FlowVolume,0.00,,G
02/26/2020 22:25:00,PT Level,0.00,in,G
02/26/2020 22:25:00,Flow_cfs,0.01,,G
02/26/2020 22:25:00,FlowVolume,0.00,,G
02/26/2020 22:30:00,PT Level,0.00,in,G
02/26/2020 22:30:00,Flow_cfs,0.01,,G
02/26/2020 22:30:00,FlowVolume,0.00,,G
02/26/2020 22:35:00,PT Level,0.00,in,G
02/26/2020 22:35:00,Flow_cfs,0.01,,G
02/26/2020 22:35:00,FlowVolume,0.00,,G
02/26/2020 22:40:00,PT Level,0.00,in,G
02/26/2020 22:40:00,Flow_cfs,0.01,,G
02/26/2020 22:40:00,FlowVolume,0.00,,G
02/26/2020 22:45:00,PT Level,0.00,in,G
02/26/2020 22:45:00,Flow_cfs,0.01,,G
02/26/2020 22:45:00,FlowVolume,0.00,,G
02/26/2020 22:50:00,PT Level,0.00,in,G
02/26/2020 22:50:00,Flow_cfs,0.02,,G
02/26/2020 22:50:00,FlowVolume,0.00,,G
02/26/2020 22:55:00,PT Level,0.00,in,G
02/26/2020 22:55:00,Flow_cfs,0.01,,G
02/26/2020 22:55:00,FlowVolume,0.00,,G
02/26/2020 23:00:00,PT Level,0.00,in,G
02/26/2020 23:00:00,Flow_cfs,0.01,,G
02/26/2020 23:00:00,FlowVolume,0.00,,G
02/26/2020 23:05:00,PT Level,0.00,in,G
02/26/2020 23:05:00,Flow_cfs,0.01,,G
02/26/2020 23:05:00,FlowVolume,0.00,,G
02/26/2020 23:10:00,PT Level,0.00,in,G
02/26/2020 23:10:00,Flow_cfs,0.01,,G
02/26/2020 23:10:00,FlowVolume,0.00,,G
02/26/2020 23:15:00,PT Level,0.00,in,G
02/26/2020 23:15:00,Flow_cfs,0.01,,G
02/26/2020 23:15:00,FlowVolume,0.00,,G
02/26/2020 23:20:00,PT Level,0.00,in,G
02/26/2020 23:20:00,Flow_cfs,0.01,,G
02/26/2020 23:20:00,FlowVolume,0.00,,G
02/26/2020 23:25:00,PT Level,0.00,in,G
02/26/2020 23:25:00,Flow_cfs,0.01,,G
02/26/2020 23:25:00,FlowVolume,0.00,,G
02/26/2020 23:30:00,PT Level,0.00,in,G
02/26/2020 23:30:00,Flow_cfs,0.01,,G
02/26/2020 23:30:00,FlowVolume,0.00,,G
02/26/2020 23:35:00,PT Level,0.00,in,G
02/26/2020 23:35:00,Flow_cfs,0.01,,G
02/26/2020 23:35:00,FlowVolume,0.00,,G
02/26/2020 23:40:00,PT Level,0.00,in,G
02/26/2020 23:40:00,Flow_cfs,0.01,,G
02/26/2020 23:40:00,FlowVolume,0.00,,G
02/26/2020 23:45:00,PT Level,0.00,in,G
02/26/2020 23:45:00,Flow_cfs,0.01,,G
02/26/2020 23:45:00,FlowVolume,0.00,,G
02/26/2020 23:50:00,PT Level,0.00,in,G
02/26/2020 23:50:00,Flow_cfs,0.01,,G
02/26/2020 23:50:00,FlowVolume,0.00,,G
02/26/2020 23:55:00,PT Level,0.00,in,G
02/26/2020 23:55:00,Flow_cfs,0.01,,G
02/26/2020 23:55:00,FlowVolume,0.00,,G
02/27/2020 00:00:00,PT Level,0.00,in,G
02/27/2020 00:00:00,Flow_cfs,0.01,,G
02/27/2020 00:00:00,FlowVolume,0.00,,G
02/27/2020 00:05:00,PT Level,0.00,in,G
02/27/2020 00:05:00,Flow_cfs,0.01,,G
02/27/2020 00:05:00,FlowVolume,0.00,,G
02/27/2020 00:10:00,PT Level,0.00,in,G
02/27/2020 00:10:00,Flow_cfs,0.01,,G
02/27/2020 00:10:00,FlowVolume,0.00,,G
02/27/2020 00:15:00,PT Level,0.00,in,G
02/27/2020 00:15:00,Flow_cfs,0.00,,G
02/27/2020 00:15:00,FlowVolume,0.00,,G
02/27/2020 00:20:00,PT Level,0.00,in,G
02/27/2020 00:20:00,Flow_cfs,0.01,,G
02/27/2020 00:20:00,FlowVolume,0.00,,G
02/27/2020 00:25:00,PT Level,0.00,in,G
02/27/2020 00:25:00,Flow_cfs,0.01,,G
02/27/2020 00:25:00,FlowVolume,0.00,,G
02/27/2020 00:30:00,PT Level,0.00,in,G
02/27/2020 00:30:00,Flow_cfs,0.01,,G
02/27/2020 00:30:00,FlowVolume,0.00,,G
02/27/2020 00:35:00,PT Level,0.00,in,G
02/27/2020 00:35:00,Flow_cfs,0.01,,G
02/27/2020 00:35:00,FlowVolume,0.00,,G
02/27/2020 00:40:00,PT Level,0.00,in,G
02/27/2020 00:40:00,Flow_cfs,0.01,,G
02/27/2020 00:40:00,FlowVolume,0.00,,G
02/27/2020 00:45:00,PT Level,0.00,in,G
02/27/2020 00:45:00,Flow_cfs,0.01,,G
02/27/2020 00:45:00,FlowVolume,0.00,,G
02/27/2020 00:50:00,PT Level,0.00,in,G
02/27/2020 00:50:00,Flow_cfs,0.01,,G
02/27/2020 00:50:00,FlowVolume,0.00,,G
02/27/2020 00:55:00,PT Level,0.00,in,G
02/27/2020 00:55:00,Flow_cfs,0.01,,G
02/27/2020 00:55:00,FlowVolume,0.00,,G
02/27/2020 01:00:00,PT Level,0.00,in,G
02/27/2020 01:00:00,Flow_cfs,0.01,,G
02/27/2020 01:00:00,FlowVolume,0.00,,G
02/27/2020 01:05:00,PT Level,0.00,in,G
02/27/2020 01:05:00,Flow_cfs,0.01,,G
02/27/2020 01:05:00,FlowVolume,0.00,,G
02/27/2020 01:10:00,PT Level,0.00,in,G
02/27/2020 01:10:00,Flow_cfs,0.01,,G
02/27/2020 01:10:00,FlowVolume,0.00,,G
02/27/2020 01:15:00,PT Level,0.00,in,G
02/27/2020 01:15:00,Flow_cfs,0.01,,G
02/27/2020 01:15:00,FlowVolume,0.00,,G
02/27/2020 01:20:00,PT Level,0.00,in,G
02/27/2020 01:20:00,Flow_cfs,0.01,,G
02/27/2020 01:20:00,FlowVolume,0.00,,G
02/27/2020 01:25:00,PT Level,0.00,in,G
02/27/2020 01:25:00,Flow_cfs,0.01,,G
02/27/2020 01:25:00,FlowVolume,0.00,,G
02/27/2020 01:30:00,PT Level,0.00,in,G
02/27/2020 01:30:00,Flow_cfs,0.00,,G
02/27/2020 01:30:00,FlowVolume,0.00,,G
02/27/2020 01:35:00,PT Level,0.00,in,G
02/27/2020 01:35:00,Flow_cfs,0.00,,G
02/27/2020 01:35:00,FlowVolume,0.00,,G
02/27/2020 01:40:00,PT Level,0.00,in,G
02/27/2020 01:40:00,Flow_cfs,0.00,,G
02/27/2020 01:40:00,FlowVolume,0.00,,G
02/27/2020 01:45:00,PT Level,0.00,in,G
02/27/2020 01:45:00,Flow_cfs,0.00,,G
02/27/2020 01:45:00,FlowVolume,0.00,,G
02/27/2020 01:50:00,PT Level,0.00,in,G
02/27/2020 01:50:00,Flow_cfs,0.00,,G
02/27/2020 01:50:00,FlowVolume,0.00,,G
02/27/2020 01:55:00,PT Level,0.00,in,G
02/27/2020 01:55:00,Flow_cfs,0.00,,G
02/27/2020 01:55:00,FlowVolume,0.00,,G
02/27/2020 02:00:00,PT Level,0.00,in,G
02/27/2020 02:00:00,Flow_cfs,0.00,,G
02/27/2020 02:00:00,FlowVolume,0.00,,G
02/27/2020 02:05:00,PT Level,0.00,in,G
02/27/2020 02:05:00,Flow_cfs,0.00,,G
02/27/2020 02:05:00,FlowVolume,0.00,,G
02/27/2020 02:10:00,PT Level,0.00,in,G
02/27/2020 02:10:00,Flow_cfs,0.00,,G
02/27/2020 02:10:00,FlowVolume,0.00,,G
02/27/2020 02:15:00,PT Level,0.00,in,G
02/27/2020 02:15:00,Flow_cfs,0.01,,G
02/27/2020 02:15:00,FlowVolume,0.00,,G
02/27/2020 02:20:00,PT Level,0.00,in,G
02/27/2020 02:20:00,Flow_cfs,0.00,,G
02/27/2020 02:20:00,FlowVolume,0.00,,G
02/27/2020 02:25:00,PT Level,0.00,in,G
02/27/2020 02:25:00,Flow_cfs,0.00,,G
02/27/2020 02:25:00,FlowVolume,0.00,,G
02/27/2020 02:30:00,PT Level,0.00,in,G
02/27/2020 02:30:00,Flow_cfs,0.00,,G
02/27/2020 02:30:00,FlowVolume,0.00,,G
02/27/2020 02:35:00,PT Level,0.00,in,G
02/27/2020 02:35:00,Flow_cfs,0.01,,G
02/27/2020 02:35:00,FlowVolume,0.00,,G
02/27/2020 02:40:00,PT Level,0.00,in,G
02/27/2020 02:40:00,Flow_cfs,0.01,,G
02/27/2020 02:40:00,FlowVolume,0.00,,G
02/27/2020 02:45:00,PT Level,0.00,in,G
02/27/2020 02:45:00,Flow_cfs,0.00,,G
02/27/2020 02:45:00,FlowVolume,0.00,,G
02/27/2020 02:50:00,PT Level,0.00,in,G
02/27/2020 02:50:00,Flow_cfs,0.00,,G
02/27/2020 02:50:00,FlowVolume,0.00,,G
02/27/2020 02:55:00,PT Level,0.00,in,G
02/27/2020 02:55:00,Flow_cfs,0.00,,G
02/27/2020 02:55:00,FlowVolume,0.00,,G
02/27/2020 03:00:00,PT Level,0.00,in,G
02/27/2020 03:00:00,Flow_cfs,0.00,,G
02/27/2020 03:00:00,FlowVolume,0.00,,G
02/27/2020 03:05:00,PT Level,0.00,in,G
02/27/2020 03:05:00,Flow_cfs,0.00,,G
02/27/2020 03:05:00,FlowVolume,0.00,,G
02/27/2020 03:10:00,PT Level,0.00,in,G
02/27/2020 03:10:00,Flow_cfs,0.00,,G
02/27/2020 03:10:00,FlowVolume,0.00,,G
02/27/2020 03:15:00,PT Level,0.00,in,G
02/27/2020 03:15:00,Flow_cfs,0.00,,G
02/27/2020 03:15:00,FlowVolume,0.00,,G
02/27/2020 03:20:00,PT Level,0.00,in,G
02/27/2020 03:20:00,Flow_cfs,0.01,,G
02/27/2020 03:20:00,FlowVolume,0.00,,G
02/27/2020 03:25:00,PT Level,0.00,in,G
02/27/2020 03:25:00,Flow_cfs,0.00,,G
02/27/2020 03:25:00,FlowVolume,0.00,,G
02/27/2020 03:30:00,PT Level,0.00,in,G
02/27/2020 03:30:00,Flow_cfs,0.00,,G
02/27/2020 03:30:00,FlowVolume,0.00,,G
02/27/2020 03:35:00,PT Level,0.00,in,G
02/27/2020 03:35:00,Flow_cfs,0.00,,G
02/27/2020 03:35:00,FlowVolume,0.00,,G
02/27/2020 03:40:00,PT Level,0.00,in,G
02/27/2020 03:40:00,Flow_cfs,0.00,,G
02/27/2020 03:40:00,FlowVolume,0.00,,G
02/27/2020 03:45:00,PT Level,0.00,in,G
02/27/2020 03:45:00,Flow_cfs,0.00,,G
02/27/2020 03:45:00,FlowVolume,0.00,,G
02/27/2020 03:50:00,PT Level,0.00,in,G
02/27/2020 03:50:00,Flow_cfs,0.00,,G
02/27/2020 03:50:00,FlowVolume,0.00,,G
02/27/2020 03:55:00,PT Level,0.00,in,G
02/27/2020 03:55:00,Flow_cfs,0.00,,G
02/27/2020 03:55:00,FlowVolume,0.00,,G
02/27/2020 04:00:00,PT Level,0.00,in,G
02/27/2020 04:00:00,Flow_cfs,0.00,,G
02/27/2020 04:00:00,FlowVolume,0.00,,G
02/27/2020 04:05:00,PT Level,0.00,in,G
02/27/2020 04:05:00,Flow_cfs,0.00,,G
02/27/2020 04:05:00,FlowVolume,0.00,,G
02/27/2020 04:10:00,PT Level,-0.00,in,G
02/27/2020 04:10:00,Flow_cfs,0.00,,G
02/27/2020 04:10:00,FlowVolume,0.00,,G
02/27/2020 04:15:00,PT Level,0.00,in,G
02/27/2020 04:15:00,Flow_cfs,0.00,,G
02/27/2020 04:15:00,FlowVolume,0.00,,G
02/27/2020 04:20:00,PT Level,0.00,in,G
02/27/2020 04:20:00,Flow_cfs,0.00,,G
02/27/2020 04:20:00,FlowVolume,0.00,,G
02/27/2020 04:25:00,PT Level,0.00,in,G
02/27/2020 04:25:00,Flow_cfs,0.00,,G
02/27/2020 04:25:00,FlowVolume,0.00,,G
02/27/2020 04:30:00,PT Level,0.00,in,G
02/27/2020 04:30:00,Flow_cfs,0.00,,G
02/27/2020 04:30:00,FlowVolume,0.00,,G
02/27/2020 04:35:00,PT Level,0.00,in,G
02/27/2020 04:35:00,Flow_cfs,0.00,,G
02/27/2020 04:35:00,FlowVolume,0.00,,G
02/27/2020 04:40:00,PT Level,0.00,in,G
02/27/2020 04:40:00,Flow_cfs,0.00,,G
02/27/2020 04:40:00,FlowVolume,0.00,,G
02/27/2020 04:45:00,PT Level,0.00,in,G
02/27/2020 04:45:00,Flow_cfs,0.00,,G
02/27/2020 04:45:00,FlowVolume,0.00,,G
02/27/2020 04:50:00,PT Level,0.00,in,G
02/27/2020 04:50:00,Flow_cfs,0.00,,G
02/27/2020 04:50:00,FlowVolume,0.00,,G
02/27/2020 04:55:00,PT Level,0.00,in,G
02/27/2020 04:55:00,Flow_cfs,0.00,,G
02/27/2020 04:55:00,FlowVolume,0.00,,G
02/27/2020 05:00:00,PT Level,0.00,in,G
02/27/2020 05:00:00,Flow_cfs,0.00,,G
02/27/2020 05:00:00,FlowVolume,0.00,,G
02/27/2020 05:05:00,PT Level,0.00,in,G
02/27/2020 05:05:00,Flow_cfs,0.01,,G
02/27/2020 05:05:00,FlowVolume,0.00,,G
02/27/2020 05:10:00,PT Level,0.00,in,G
02/27/2020 05:10:00,Flow_cfs,0.00,,G
02/27/2020 05:10:00,FlowVolume,0.00,,G
02/27/2020 05:15:00,PT Level,0.00,in,G
02/27/2020 05:15:00,Flow_cfs,0.00,,G
02/27/2020 05:15:00,FlowVolume,0.00,,G
02/27/2020 05:20:00,PT Level,0.00,in,G
02/27/2020 05:20:00,Flow_cfs,0.00,,G
02/27/2020 05:20:00,FlowVolume,0.00,,G
02/27/2020 05:25:00,PT Level,0.00,in,G
02/27/2020 05:25:00,Flow_cfs,0.00,,G
02/27/2020 05:25:00,FlowVolume,0.00,,G
02/27/2020 05:30:00,PT Level,0.00,in,G
02/27/2020 05:30:00,Flow_cfs,0.00,,G
02/27/2020 05:30:00,FlowVolume,0.00,,G
02/27/2020 05:35:00,PT Level,0.00,in,G
02/27/2020 05:35:00,Flow_cfs,0.00,,G
02/27/2020 05:35:00,FlowVolume,0.00,,G
02/27/2020 05:40:00,PT Level,0.00,in,G
02/27/2020 05:40:00,Flow_cfs,0.00,,G
02/27/2020 05:40:00,FlowVolume,0.00,,G
02/27/2020 05:45:00,PT Level,0.00,in,G
02/27/2020 05:45:00,Flow_cfs,0.00,,G
02/27/2020 05:45:00,FlowVolume,0.00,,G
02/27/2020 05:50:00,PT Level,0.00,in,G
02/27/2020 05:50:00,Flow_cfs,0.00,,G
02/27/2020 05:50:00,FlowVolume,0.00,,G
02/27/2020 05:55:00,PT Level,0.00,in,G
02/27/2020 05:55:00,Flow_cfs,0.00,,G
02/27/2020 05:55:00,FlowVolume,0.00,,G
02/27/2020 06:00:00,PT Level,0.00,in,G
02/27/2020 06:00:00,Flow_cfs,0.00,,G
02/27/2020 06:00:00,FlowVolume,0.00,,G
02/27/2020 06:05:00,PT Level,0.00,in,G
02/27/2020 06:05:00,Flow_cfs,0.00,,G
02/27/2020 06:05:00,FlowVolume,0.00,,G
02/27/2020 06:10:00,PT Level,0.00,in,G
02/27/2020 06:10:00,Flow_cfs,0.00,,G
02/27/2020 06:10:00,FlowVolume,0.00,,G
02/27/2020 06:15:00,PT Level,0.00,in,G
02/27/2020 06:15:00,Flow_cfs,0.00,,G
02/27/2020 06:15:00,FlowVolume,0.00,,G
02/27/2020 06:20:00,PT Level,0.00,in,G
02/27/2020 06:20:00,Flow_cfs,0.00,,G
02/27/2020 06:20:00,FlowVolume,0.00,,G
02/27/2020 06:25:00,PT Level,0.00,in,G
02/27/2020 06:25:00,Flow_cfs,0.00,,G
02/27/2020 06:25:00,FlowVolume,0.00,,G
02/27/2020 06:30:00,PT Level,0.00,in,G
02/27/2020 06:30:00,Flow_cfs,0.00,,G
02/27/2020 06:30:00,FlowVolume,0.00,,G
02/27/2020 06:35:00,PT Level,0.00,in,G
02/27/2020 06:35:00,Flow_cfs,0.00,,G
02/27/2020 06:35:00,FlowVolume,0.00,,G
02/27/2020 06:40:00,PT Level,0.00,in,G
02/27/2020 06:40:00,Flow_cfs,0.00,,G
02/27/2020 06:40:00,FlowVolume,0.00,,G
02/27/2020 06:45:00,PT Level,0.00,in,G
02/27/2020 06:45:00,Flow_cfs,0.00,,G
02/27/2020 06:45:00,FlowVolume,0.00,,G
02/27/2020 06:50:00,PT Level,0.00,in,G
02/27/2020 06:50:00,Flow_cfs,0.00,,G
02/27/2020 06:50:00,FlowVolume,0.00,,G
02/27/2020 06:55:00,PT Level,0.00,in,G
02/27/2020 06:55:00,Flow_cfs,0.00,,G
02/27/2020 06:55:00,FlowVolume,0.00,,G
02/27/2020 07:00:00,PT Level,0.00,in,G
02/27/2020 07:00:00,Flow_cfs,0.00,,G
02/27/2020 07:00:00,FlowVolume,0.00,,G
02/27/2020 07:05:00,PT Level,0.00,in,G
02/27/2020 07:05:00,Flow_cfs,0.00,,G
02/27/2020 07:05:00,FlowVolume,0.00,,G
02/27/2020 07:10:00,PT Level,0.00,in,G
02/27/2020 07:10:00,Flow_cfs,0.00,,G
02/27/2020 07:10:00,FlowVolume,0.00,,G
02/27/2020 07:15:00,PT Level,0.00,in,G
02/27/2020 07:15:00,Flow_cfs,0.00,,G
02/27/2020 07:15:00,FlowVolume,0.00,,G
02/27/2020 07:20:00,PT Level,0.00,in,G
02/27/2020 07:20:00,Flow_cfs,0.00,,G
02/27/2020 07:20:00,FlowVolume,0.00,,G
02/27/2020 07:25:00,PT Level,0.00,in,G
02/27/2020 07:25:00,Flow_cfs,0.00,,G
02/27/2020 07:25:00,FlowVolume,0.00,,G
02/27/2020 07:30:00,PT Level,0.00,in,G
02/27/2020 07:30:00,Flow_cfs,0.00,,G
02/27/2020 07:30:00,FlowVolume,0.00,,G
02/27/2020 07:35:00,PT Level,0.00,in,G
02/27/2020 07:35:00,Flow_cfs,0.00,,G
02/27/2020 07:35:00,FlowVolume,0.00,,G
02/27/2020 07:40:00,PT Level,0.00,in,G
02/27/2020 07:40:00,Flow_cfs,0.00,,G
02/27/2020 07:40:00,FlowVolume,0.00,,G
02/27/2020 07:45:00,PT Level,0.00,in,G
02/27/2020 07:45:00,Flow_cfs,0.00,,G
02/27/2020 07:45:00,FlowVolume,0.00,,G
02/27/2020 07:50:00,PT Level,0.00,in,G
02/27/2020 07:50:00,Flow_cfs,0.00,,G
02/27/2020 07:50:00,FlowVolume,0.00,,G
02/27/2020 07:55:00,PT Level,0.00,in,G
02/27/2020 07:55:00,Flow_cfs,0.00,,G
02/27/2020 07:55:00,FlowVolume,0.00,,G
02/27/2020 08:00:00,PT Level,0.00,in,G
02/27/2020 08:00:00,Flow_cfs,0.00,,G
02/27/2020 08:00:00,FlowVolume,0.00,,G
02/27/2020 08:05:00,PT Level,0.00,in,G
02/27/2020 08:05:00,Flow_cfs,0.00,,G
02/27/2020 08:05:00,FlowVolume,0.00,,G
02/27/2020 08:10:00,PT Level,0.00,in,G
02/27/2020 08:10:00,Flow_cfs,0.00,,G
02/27/2020 08:10:00,FlowVolume,0.00,,G
02/27/2020 08:15:00,PT Level,0.00,in,G
02/27/2020 08:15:00,Flow_cfs,0.00,,G
02/27/2020 08:15:00,FlowVolume,0.00,,G
02/27/2020 08:20:00,PT Level,0.00,in,G
02/27/2020 08:20:00,Flow_cfs,0.00,,G
02/27/2020 08:20:00,FlowVolume,0.00,,G
02/27/2020 08:25:00,PT Level,0.00,in,G
02/27/2020 08:25:00,Flow_cfs,0.00,,G
02/27/2020 08:25:00,FlowVolume,0.00,,G
02/27/2020 08:30:00,PT Level,0.00,in,G
02/27/2020 08:30:00,Flow_cfs,0.00,,G
02/27/2020 08:30:00,FlowVolume,0.00,,G
02/27/2020 08:35:00,PT Level,0.00,in,G
02/27/2020 08:35:00,Flow_cfs,0.00,,G
02/27/2020 08:35:00,FlowVolume,0.00,,G
02/27/2020 08:40:00,PT Level,0.00,in,G
02/27/2020 08:40:00,Flow_cfs,0.00,,G
02/27/2020 08:40:00,FlowVolume,0.00,,G
02/27/2020 08:45:00,PT Level,0.00,in,G
02/27/2020 08:45:00,Flow_cfs,0.00,,G
02/27/2020 08:45:00,FlowVolume,0.00,,G
02/27/2020 08:50:00,PT Level,0.00,in,G
02/27/2020 08:50:00,Flow_cfs,0.00,,G
02/27/2020 08:50:00,FlowVolume,0.00,,G
02/27/2020 08:55:00,PT Level,0.00,in,G
02/27/2020 08:55:00,Flow_cfs,0.00,,G
02/27/2020 08:55:00,FlowVolume,0.00,,G
02/27/2020 09:00:00,PT Level,0.00,in,G
02/27/2020 09:00:00,Flow_cfs,0.00,,G
02/27/2020 09:00:00,FlowVolume,0.00,,G
02/27/2020 09:05:00,PT Level,0.00,in,G
02/27/2020 09:05:00,Flow_cfs,0.01,,G
02/27/2020 09:05:00,FlowVolume,0.00,,G
02/27/2020 09:10:00,PT Level,0.00,in,G
02/27/2020 09:10:00,Flow_cfs,0.00,,G
02/27/2020 09:10:00,FlowVolume,0.00,,G
02/27/2020 09:15:00,PT Level,0.00,in,G
02/27/2020 09:15:00,Flow_cfs,0.00,,G
02/27/2020 09:15:00,FlowVolume,0.00,,G
02/27/2020 09:20:00,PT Level,0.00,in,G
02/27/2020 09:20:00,Flow_cfs,0.00,,G
02/27/2020 09:20:00,FlowVolume,0.00,,G
02/27/2020 09:25:00,PT Level,0.00,in,G
02/27/2020 09:25:00,Flow_cfs,0.00,,G
02/27/2020 09:25:00,FlowVolume,0.00,,G
02/27/2020 09:30:00,PT Level,0.00,in,G
02/27/2020 09:30:00,Flow_cfs,0.00,,G
02/27/2020 09:30:00,FlowVolume,0.00,,G
02/27/2020 09:35:00,PT Level,0.00,in,G
02/27/2020 09:35:00,Flow_cfs,0.00,,G
02/27/2020 09:35:00,FlowVolume,0.00,,G
02/27/2020 09:40:00,PT Level,0.00,in,G
02/27/2020 09:40:00,Flow_cfs,0.00,,G
02/27/2020 09:40:00,FlowVolume,0.00,,G
02/27/2020 09:45:00,PT Level,0.00,in,G
02/27/2020 09:45:00,Flow_cfs,0.00,,G
02/27/2020 09:45:00,FlowVolume,0.00,,G
02/27/2020 09:50:00,PT Level,0.00,in,G
02/27/2020 09:50:00,Flow_cfs,0.00,,G
02/27/2020 09:50:00,FlowVolume,0.00,,G
02/27/2020 09:55:00,PT Level,0.00,in,G
02/27/2020 09:55:00,Flow_cfs,0.00,,G
02/27/2020 09:55:00,FlowVolume,0.00,,G
02/27/2020 10:00:00,PT Level,0.00,in,G
02/27/2020 10:00:00,Flow_cfs,0.00,,G
02/27/2020 10:00:00,FlowVolume,0.00,,G
02/27/2020 10:05:00,PT Level,0.00,in,G
02/27/2020 10:05:00,Flow_cfs,0.00,,G
02/27/2020 10:05:00,FlowVolume,0.00,,G
02/27/2020 10:10:00,PT Level,0.00,in,G
02/27/2020 10:10:00,Flow_cfs,0.00,,G
02/27/2020 10:10:00,FlowVolume,0.00,,G
02/27/2020 10:15:00,PT Level,0.00,in,G
02/27/2020 10:15:00,Flow_cfs,0.00,,G
02/27/2020 10:15:00,FlowVolume,0.00,,G
02/27/2020 10:20:00,PT Level,0.00,in,G
02/27/2020 10:20:00,Flow_cfs,0.00,,G
02/27/2020 10:20:00,FlowVolume,0.00,,G
02/27/2020 10:25:00,PT Level,0.00,in,G
02/27/2020 10:25:00,Flow_cfs,0.00,,G
02/27/2020 10:25:00,FlowVolume,0.00,,G
02/27/2020 10:30:00,PT Level,0.00,in,G
02/27/2020 10:30:00,Flow_cfs,0.00,,G
02/27/2020 10:30:00,FlowVolume,0.00,,G
02/27/2020 10:35:00,PT Level,0.00,in,G
02/27/2020 10:35:00,Flow_cfs,0.00,,G
02/27/2020 10:35:00,FlowVolume,0.00,,G
02/27/2020 10:40:00,PT Level,0.00,in,G
02/27/2020 10:40:00,Flow_cfs,0.00,,G
02/27/2020 10:40:00,FlowVolume,0.00,,G
02/27/2020 10:45:00,PT Level,0.00,in,G
02/27/2020 10:45:00,Flow_cfs,0.00,,G
02/27/2020 10:45:00,FlowVolume,0.00,,G
02/27/2020 10:50:00,PT Level,0.00,in,G
02/27/2020 10:50:00,Flow_cfs,0.00,,G
02/27/2020 10:50:00,FlowVolume,0.00,,G
02/27/2020 10:55:00,PT Level,0.00,in,G
02/27/2020 10:55:00,Flow_cfs,0.00,,G
02/27/2020 10:55:00,FlowVolume,0.00,,G
02/27/2020 11:00:00,PT Level,0.00,in,G
02/27/2020 11:00:00,Flow_cfs,0.00,,G
02/27/2020 11:00:00,FlowVolume,0.00,,G
02/27/2020 11:05:00,PT Level,0.00,in,G
02/27/2020 11:05:00,Flow_cfs,0.00,,G
02/27/2020 11:05:00,FlowVolume,0.00,,G
02/27/2020 11:10:00,PT Level,0.00,in,G
02/27/2020 11:10:00,Flow_cfs,0.00,,G
02/27/2020 11:10:00,FlowVolume,0.00,,G
02/27/2020 11:15:00,PT Level,0.00,in,G
02/27/2020 11:15:00,Flow_cfs,0.00,,G
02/27/2020 11:15:00,FlowVolume,0.00,,G
02/27/2020 11:20:00,PT Level,0.00,in,G
02/27/2020 11:20:00,Flow_cfs,0.00,,G
02/27/2020 11:20:00,FlowVolume,0.00,,G
02/27/2020 11:25:00,PT Level,0.00,in,G
02/27/2020 11:25:00,Flow_cfs,0.00,,G
02/27/2020 11:25:00,FlowVolume,0.00,,G
02/27/2020 11:30:00,PT Level,0.00,in,G
02/27/2020 11:30:00,Flow_cfs,0.00,,G
02/27/2020 11:30:00,FlowVolume,0.00,,G
02/27/2020 11:35:00,PT Level,0.00,in,G
02/27/2020 11:35:00,Flow_cfs,0.00,,G
02/27/2020 11:35:00,FlowVolume,0.00,,G
02/27/2020 11:40:00,PT Level,0.00,in,G
02/27/2020 11:40:00,Flow_cfs,0.00,,G
02/27/2020 11:40:00,FlowVolume,0.00,,G
02/27/2020 11:45:00,PT Level,0.00,in,G
02/27/2020 11:45:00,Flow_cfs,0.00,,G
02/27/2020 11:45:00,FlowVolume,0.00,,G
02/27/2020 11:50:00,PT Level,0.00,in,G
02/27/2020 11:50:00,Flow_cfs,0.00,,G
02/27/2020 11:50:00,FlowVolume,0.00,,G
02/27/2020 11:55:00,PT Level,0.00,in,G
02/27/2020 11:55:00,Flow_cfs,0.00,,G
02/27/2020 11:55:00,FlowVolume,0.00,,G
02/27/2020 12:00:00,PT Level,0.00,in,G
02/27/2020 12:00:00,Flow_cfs,0.00,,G
02/27/2020 12:00:00,FlowVolume,0.00,,G
02/27/2020 12:05:00,PT Level,0.00,in,G
02/27/2020 12:05:00,Flow_cfs,0.00,,G
02/27/2020 12:05:00,FlowVolume,0.00,,G
02/27/2020 12:10:00,PT Level,0.00,in,G
02/27/2020 12:10:00,Flow_cfs,0.00,,G
02/27/2020 12:10:00,FlowVolume,0.00,,G
02/27/2020 12:15:00,PT Level,0.00,in,G
02/27/2020 12:15:00,Flow_cfs,0.00,,G
02/27/2020 12:15:00,FlowVolume,0.00,,G
02/27/2020 12:20:00,PT Level,0.00,in,G
02/27/2020 12:20:00,Flow_cfs,0.00,,G
02/27/2020 12:20:00,FlowVolume,0.00,,G
02/27/2020 12:25:00,PT Level,0.00,in,G
02/27/2020 12:25:00,Flow_cfs,0.00,,G
02/27/2020 12:25:00,FlowVolume,0.00,,G
02/27/2020 12:30:00,PT Level,0.00,in,G
02/27/2020 12:30:00,Flow_cfs,0.00,,G
02/27/2020 12:30:00,FlowVolume,0.00,,G
02/27/2020 12:35:00,PT Level,0.00,in,G
02/27/2020 12:35:00,Flow_cfs,0.00,,G
02/27/2020 12:35:00,FlowVolume,0.00,,G
02/27/2020 12:40:00,PT Level,0.00,in,G
02/27/2020 12:40:00,Flow_cfs,0.00,,G
02/27/2020 12:40:00,FlowVolume,0.00,,G
02/27/2020 12:45:00,PT Level,0.00,in,G
02/27/2020 12:45:00,Flow_cfs,0.00,,G
02/27/2020 12:45:00,FlowVolume,0.00,,G
02/27/2020 12:50:00,PT Level,0.00,in,G
02/27/2020 12:50:00,Flow_cfs,0.00,,G
02/27/2020 12:50:00,FlowVolume,0.00,,G
02/27/2020 12:55:00,PT Level,0.00,in,G
02/27/2020 12:55:00,Flow_cfs,0.00,,G
02/27/2020 12:55:00,FlowVolume,0.00,,G
02/27/2020 13:00:00,PT Level,0.00,in,G
02/27/2020 13:00:00,Flow_cfs,0.00,,G
02/27/2020 13:00:00,FlowVolume,0.00,,G
02/27/2020 13:05:00,PT Level,0.00,in,G
02/27/2020 13:05:00,Flow_cfs,0.00,,G
02/27/2020 13:05:00,FlowVolume,0.00,,G
02/27/2020 13:10:00,PT Level,0.00,in,G
02/27/2020 13:10:00,Flow_cfs,0.00,,G
02/27/2020 13:10:00,FlowVolume,0.00,,G
02/27/2020 13:15:00,PT Level,0.00,in,G
02/27/2020 13:15:00,Flow_cfs,0.00,,G
02/27/2020 13:15:00,FlowVolume,0.00,,G
02/27/2020 13:20:00,PT Level,0.00,in,G
02/27/2020 13:20:00,Flow_cfs,0.00,,G
02/27/2020 13:20:00,FlowVolume,0.00,,G
02/27/2020 13:25:00,PT Level,0.00,in,G
02/27/2020 13:25:00,Flow_cfs,0.00,,G
02/27/2020 13:25:00,FlowVolume,0.00,,G
02/27/2020 13:30:00,PT Level,0.00,in,G
02/27/2020 13:30:00,Flow_cfs,0.00,,G
02/27/2020 13:30:00,FlowVolume,0.00,,G
02/27/2020 13:35:00,PT Level,0.00,in,G
02/27/2020 13:35:00,Flow_cfs,0.00,,G
02/27/2020 13:35:00,FlowVolume,0.00,,G
02/27/2020 13:40:00,PT Level,0.00,in,G
02/27/2020 13:40:00,Flow_cfs,0.00,,G
02/27/2020 13:40:00,FlowVolume,0.00,,G
02/27/2020 13:45:00,PT Level,0.00,in,G
02/27/2020 13:45:00,Flow_cfs,0.00,,G
02/27/2020 13:45:00,FlowVolume,0.00,,G
02/27/2020 13:50:00,PT Level,0.00,in,G
02/27/2020 13:50:00,Flow_cfs,0.00,,G
02/27/2020 13:50:00,FlowVolume,0.00,,G
02/27/2020 13:55:00,PT Level,0.00,in,G
02/27/2020 13:55:00,Flow_cfs,0.00,,G
02/27/2020 13:55:00,FlowVolume,0.00,,G
02/27/2020 14:00:00,PT Level,0.00,in,G
02/27/2020 14:00:00,Flow_cfs,0.00,,G
02/27/2020 14:00:00,FlowVolume,0.00,,G
02/27/2020 14:05:00,PT Level,0.00,in,G
02/27/2020 14:05:00,Flow_cfs,0.01,,G
02/27/2020 14:05:00,FlowVolume,0.00,,G
02/27/2020 14:10:00,PT Level,0.00,in,G
02/27/2020 14:10:00,Flow_cfs,0.00,,G
02/27/2020 14:10:00,FlowVolume,0.00,,G
02/27/2020 14:15:00,PT Level,0.00,in,G
02/27/2020 14:15:00,Flow_cfs,0.00,,G
02/27/2020 14:15:00,FlowVolume,0.00,,G
02/27/2020 14:20:00,PT Level,0.00,in,G
02/27/2020 14:20:00,Flow_cfs,0.00,,G
02/27/2020 14:20:00,FlowVolume,0.00,,G
02/27/2020 14:25:00,PT Level,0.00,in,G
02/27/2020 14:25:00,Flow_cfs,0.00,,G
02/27/2020 14:25:00,FlowVolume,0.00,,G
02/27/2020 14:30:00,PT Level,0.00,in,G
02/27/2020 14:30:00,Flow_cfs,0.00,,G
02/27/2020 14:30:00,FlowVolume,0.00,,G
02/27/2020 14:35:00,PT Level,-0.00,in,G
02/27/2020 14:35:00,Flow_cfs,0.00,,G
02/27/2020 14:35:00,FlowVolume,0.00,,G
02/27/2020 14:40:00,PT Level,-0.00,in,G
02/27/2020 14:40:00,Flow_cfs,0.00,,G
02/27/2020 14:40:00,FlowVolume,0.00,,G
02/27/2020 14:45:00,PT Level,-0.00,in,G
02/27/2020 14:45:00,Flow_cfs,0.00,,G
02/27/2020 14:45:00,FlowVolume,0.00,,G
02/27/2020 14:50:00,PT Level,-0.00,in,G
02/27/2020 14:50:00,Flow_cfs,0.00,,G
02/27/2020 14:50:00,FlowVolume,0.00,,G
02/27/2020 14:55:00,PT Level,-0.00,in,G
02/27/2020 14:55:00,Flow_cfs,0.00,,G
02/27/2020 14:55:00,FlowVolume,0.00,,G
02/27/2020 15:00:00,PT Level,0.00,in,G
02/27/2020 15:00:00,Flow_cfs,0.00,,G
02/27/2020 15:00:00,FlowVolume,0.00,,G
02/27/2020 15:05:00,PT Level,0.00,in,G
02/27/2020 15:05:00,Flow_cfs,0.00,,G
02/27/2020 15:05:00,FlowVolume,0.00,,G
02/27/2020 15:10:00,PT Level,0.00,in,G
02/27/2020 15:10:00,Flow_cfs,0.00,,G
02/27/2020 15:10:00,FlowVolume,0.00,,G
02/27/2020 15:15:00,PT Level,0.00,in,G
02/27/2020 15:15:00,Flow_cfs,0.00,,G
02/27/2020 15:15:00,FlowVolume,0.00,,G
02/27/2020 15:20:00,PT Level,0.00,in,G
02/27/2020 15:20:00,Flow_cfs,0.01,,G
02/27/2020 15:20:00,FlowVolume,0.00,,G
02/27/2020 15:25:00,PT Level,0.00,in,G
02/27/2020 15:25:00,Flow_cfs,0.00,,G
02/27/2020 15:25:00,FlowVolume,0.00,,G
02/27/2020 15:30:00,PT Level,0.00,in,G
02/27/2020 15:30:00,Flow_cfs,0.00,,G
02/27/2020 15:30:00,FlowVolume,0.00,,G
02/27/2020 15:35:00,PT Level,0.00,in,G
02/27/2020 15:35:00,Flow_cfs,0.01,,G
02/27/2020 15:35:00,FlowVolume,0.00,,G
02/27/2020 15:40:00,PT Level,0.00,in,G
02/27/2020 15:40:00,Flow_cfs,0.01,,G
02/27/2020 15:40:00,FlowVolume,0.00,,G
02/27/2020 15:45:00,PT Level,0.00,in,G
02/27/2020 15:45:00,Flow_cfs,0.01,,G
02/27/2020 15:45:00,FlowVolume,0.00,,G
02/27/2020 15:50:00,PT Level,0.00,in,G
02/27/2020 15:50:00,Flow_cfs,0.01,,G
02/27/2020 15:50:00,FlowVolume,0.00,,G
02/27/2020 15:55:00,PT Level,0.00,in,G
02/27/2020 15:55:00,Flow_cfs,0.01,,G
02/27/2020 15:55:00,FlowVolume,0.00,,G
02/27/2020 16:00:00,PT Level,0.00,in,G
02/27/2020 16:00:00,Flow_cfs,0.00,,G
02/27/2020 16:00:00,FlowVolume,0.00,,G
02/27/2020 16:05:00,PT Level,0.00,in,G
02/27/2020 16:05:00,Flow_cfs,0.01,,G
02/27/2020 16:05:00,FlowVolume,0.00,,G
02/27/2020 16:10:00,PT Level,0.00,in,G
02/27/2020 16:10:00,Flow_cfs,0.00,,G
02/27/2020 16:10:00,FlowVolume,0.00,,G
02/27/2020 16:15:00,PT Level,0.00,in,G
02/27/2020 16:15:00,Flow_cfs,0.01,,G
02/27/2020 16:15:00,FlowVolume,0.00,,G
02/27/2020 16:20:00,PT Level,0.00,in,G
02/27/2020 16:20:00,Flow_cfs,0.01,,G
02/27/2020 16:20:00,FlowVolume,0.00,,G
02/27/2020 16:25:00,PT Level,0.00,in,G
02/27/2020 16:25:00,Flow_cfs,0.01,,G
02/27/2020 16:25:00,FlowVolume,0.00,,G
02/27/2020 16:30:00,PT Level,0.00,in,G
02/27/2020 16:30:00,Flow_cfs,0.01,,G
02/27/2020 16:30:00,FlowVolume,0.00,,G
02/27/2020 16:35:00,PT Level,0.00,in,G
02/27/2020 16:35:00,Flow_cfs,0.01,,G
02/27/2020 16:35:00,FlowVolume,0.00,,G
02/27/2020 16:40:00,PT Level,0.00,in,G
02/27/2020 16:40:00,Flow_cfs,0.01,,G
02/27/2020 16:40:00,FlowVolume,0.00,,G
02/27/2020 16:45:00,PT Level,0.00,in,G
02/27/2020 16:45:00,Flow_cfs,0.01,,G
02/27/2020 16:45:00,FlowVolume,0.00,,G
02/27/2020 16:50:00,PT Level,0.00,in,G
02/27/2020 16:50:00,Flow_cfs,0.01,,G
02/27/2020 16:50:00,FlowVolume,0.00,,G
02/27/2020 16:55:00,PT Level,0.00,in,G
02/27/2020 16:55:00,Flow_cfs,0.01,,G
02/27/2020 16:55:00,FlowVolume,0.00,,G
02/27/2020 17:00:00,PT Level,0.00,in,G
02/27/2020 17:00:00,Flow_cfs,0.01,,G
02/27/2020 17:00:00,FlowVolume,0.00,,G
02/27/2020 17:05:00,PT Level,0.00,in,G
02/27/2020 17:05:00,Flow_cfs,0.01,,G
02/27/2020 17:05:00,FlowVolume,0.00,,G
02/27/2020 17:10:00,PT Level,0.00,in,G
02/27/2020 17:10:00,Flow_cfs,0.01,,G
02/27/2020 17:10:00,FlowVolume,0.00,,G
02/27/2020 17:15:00,PT Level,0.00,in,G
02/27/2020 17:15:00,Flow_cfs,0.01,,G
02/27/2020 17:15:00,FlowVolume,0.00,,G
02/27/2020 17:20:00,PT Level,0.00,in,G
02/27/2020 17:20:00,Flow_cfs,0.01,,G
02/27/2020 17:20:00,FlowVolume,0.00,,G
02/27/2020 17:25:00,PT Level,0.00,in,G
02/27/2020 17:25:00,Flow_cfs,0.01,,G
02/27/2020 17:25:00,FlowVolume,0.00,,G
02/27/2020 17:30:00,PT Level,0.00,in,G
02/27/2020 17:30:00,Flow_cfs,0.01,,G
02/27/2020 17:30:00,FlowVolume,0.00,,G
02/27/2020 17:35:00,PT Level,0.00,in,G
02/27/2020 17:35:00,Flow_cfs,0.01,,G
02/27/2020 17:35:00,FlowVolume,0.00,,G
02/27/2020 17:40:00,PT Level,0.00,in,G
02/27/2020 17:40:00,Flow_cfs,0.01,,G
02/27/2020 17:40:00,FlowVolume,0.00,,G
02/27/2020 17:45:00,PT Level,0.00,in,G
02/27/2020 17:45:00,Flow_cfs,0.01,,G
02/27/2020 17:45:00,FlowVolume,0.00,,G
02/27/2020 17:50:00,PT Level,0.00,in,G
02/27/2020 17:50:00,Flow_cfs,0.01,,G
02/27/2020 17:50:00,FlowVolume,0.00,,G
02/27/2020 17:55:00,PT Level,0.00,in,G
02/27/2020 17:55:00,Flow_cfs,0.01,,G
02/27/2020 17:55:00,FlowVolume,0.00,,G
02/27/2020 18:00:00,PT Level,0.00,in,G
02/27/2020 18:00:00,Flow_cfs,0.01,,G
02/27/2020 18:00:00,FlowVolume,0.00,,G
02/27/2020 18:05:00,PT Level,0.00,in,G
02/27/2020 18:05:00,Flow_cfs,0.02,,G
02/27/2020 18:05:00,FlowVolume,0.00,,G
02/27/2020 18:10:00,PT Level,0.00,in,G
02/27/2020 18:10:00,Flow_cfs,0.01,,G
02/27/2020 18:10:00,FlowVolume,0.00,,G
02/27/2020 18:15:00,PT Level,0.00,in,G
02/27/2020 18:15:00,Flow_cfs,0.01,,G
02/27/2020 18:15:00,FlowVolume,0.00,,G
02/27/2020 18:20:00,PT Level,0.00,in,G
02/27/2020 18:20:00,Flow_cfs,0.01,,G
02/27/2020 18:20:00,FlowVolume,0.00,,G
02/27/2020 18:25:00,PT Level,0.00,in,G
02/27/2020 18:25:00,Flow_cfs,0.01,,G
02/27/2020 18:25:00,FlowVolume,0.00,,G
02/27/2020 18:30:00,PT Level,0.00,in,G
02/27/2020 18:30:00,Flow_cfs,0.01,,G
02/27/2020 18:30:00,FlowVolume,0.00,,G
02/27/2020 18:35:00,PT Level,0.00,in,G
02/27/2020 18:35:00,Flow_cfs,0.01,,G
02/27/2020 18:35:00,FlowVolume,0.00,,G
02/27/2020 18:40:00,PT Level,0.00,in,G
02/27/2020 18:40:00,Flow_cfs,0.02,,G
02/27/2020 18:40:00,FlowVolume,0.00,,G
02/27/2020 18:45:00,PT Level,0.00,in,G
02/27/2020 18:45:00,Flow_cfs,0.01,,G
02/27/2020 18:45:00,FlowVolume,0.00,,G
02/27/2020 18:50:00,PT Level,0.00,in,G
02/27/2020 18:50:00,Flow_cfs,0.01,,G
02/27/2020 18:50:00,FlowVolume,0.00,,G
02/27/2020 18:55:00,PT Level,0.00,in,G
02/27/2020 18:55:00,Flow_cfs,0.01,,G
02/27/2020 18:55:00,FlowVolume,0.00,,G
02/27/2020 19:00:00,PT Level,0.00,in,G
02/27/2020 19:00:00,Flow_cfs,0.01,,G
02/27/2020 19:00:00,FlowVolume,0.00,,G
02/27/2020 19:05:00,PT Level,0.00,in,G
02/27/2020 19:05:00,Flow_cfs,0.01,,G
02/27/2020 19:05:00,FlowVolume,0.00,,G
02/27/2020 19:10:00,PT Level,0.00,in,G
02/27/2020 19:10:00,Flow_cfs,0.01,,G
02/27/2020 19:10:00,FlowVolume,0.00,,G
02/27/2020 19:15:00,PT Level,0.00,in,G
02/27/2020 19:15:00,Flow_cfs,0.01,,G
02/27/2020 19:15:00,FlowVolume,0.00,,G
02/27/2020 19:20:00,PT Level,0.00,in,G
02/27/2020 19:20:00,Flow_cfs,0.01,,G
02/27/2020 19:20:00,FlowVolume,0.00,,G
02/27/2020 19:25:00,PT Level,0.00,in,G
02/27/2020 19:25:00,Flow_cfs,0.01,,G
02/27/2020 19:25:00,FlowVolume,0.00,,G
02/27/2020 19:30:00,PT Level,0.00,in,G
02/27/2020 19:30:00,Flow_cfs,0.01,,G
02/27/2020 19:30:00,FlowVolume,0.00,,G
02/27/2020 19:35:00,PT Level,0.00,in,G
02/27/2020 19:35:00,Flow_cfs,0.01,,G
02/27/2020 19:35:00,FlowVolume,0.00,,G
02/27/2020 19:40:00,PT Level,0.00,in,G
02/27/2020 19:40:00,Flow_cfs,0.02,,G
02/27/2020 19:40:00,FlowVolume,0.00,,G
02/27/2020 19:45:00,PT Level,0.00,in,G
02/27/2020 19:45:00,Flow_cfs,0.01,,G
02/27/2020 19:45:00,FlowVolume,0.00,,G
02/27/2020 19:50:00,PT Level,0.00,in,G
02/27/2020 19:50:00,Flow_cfs,0.01,,G
02/27/2020 19:50:00,FlowVolume,0.00,,G
02/27/2020 19:55:00,PT Level,0.00,in,G
02/27/2020 19:55:00,Flow_cfs,0.01,,G
02/27/2020 19:55:00,FlowVolume,0.00,,G
02/27/2020 20:00:00,PT Level,0.00,in,G
02/27/2020 20:00:00,Flow_cfs,0.01,,G
02/27/2020 20:00:00,FlowVolume,0.00,,G
02/27/2020 20:05:00,PT Level,0.00,in,G
02/27/2020 20:05:00,Flow_cfs,0.01,,G
02/27/2020 20:05:00,FlowVolume,0.00,,G
02/27/2020 20:10:00,PT Level,0.00,in,G
02/27/2020 20:10:00,Flow_cfs,0.02,,G
02/27/2020 20:10:00,FlowVolume,0.00,,G
02/27/2020 20:15:00,PT Level,0.00,in,G
02/27/2020 20:15:00,Flow_cfs,0.01,,G
02/27/2020 20:15:00,FlowVolume,0.00,,G
02/27/2020 20:20:00,PT Level,0.00,in,G
02/27/2020 20:20:00,Flow_cfs,0.01,,G
02/27/2020 20:20:00,FlowVolume,0.00,,G
02/27/2020 20:25:00,PT Level,0.00,in,G
02/27/2020 20:25:00,Flow_cfs,0.01,,G
02/27/2020 20:25:00,FlowVolume,0.00,,G
02/27/2020 20:30:00,PT Level,0.00,in,G
02/27/2020 20:30:00,Flow_cfs,0.01,,G
02/27/2020 20:30:00,FlowVolume,0.00,,G
02/27/2020 20:35:00,PT Level,0.00,in,G
02/27/2020 20:35:00,Flow_cfs,0.01,,G
02/27/2020 20:35:00,FlowVolume,0.00,,G
02/27/2020 20:40:00,PT Level,0.00,in,G
02/27/2020 20:40:00,Flow_cfs,0.01,,G
02/27/2020 20:40:00,FlowVolume,0.00,,G
02/27/2020 20:45:00,PT Level,0.00,in,G
02/27/2020 20:45:00,Flow_cfs,0.02,,G
02/27/2020 20:45:00,FlowVolume,0.00,,G
02/27/2020 20:50:00,PT Level,0.00,in,G
02/27/2020 20:50:00,Flow_cfs,0.01,,G
02/27/2020 20:50:00,FlowVolume,0.00,,G
02/27/2020 20:55:00,PT Level,0.00,in,G
02/27/2020 20:55:00,Flow_cfs,0.01,,G
02/27/2020 20:55:00,FlowVolume,0.00,,G
02/27/2020 21:00:00,PT Level,0.00,in,G
02/27/2020 21:00:00,Flow_cfs,0.01,,G
02/27/2020 21:00:00,FlowVolume,0.00,,G
02/27/2020 21:05:00,PT Level,0.00,in,G
02/27/2020 21:05:00,Flow_cfs,0.01,,G
02/27/2020 21:05:00,FlowVolume,0.00,,G
02/27/2020 21:10:00,PT Level,0.00,in,G
02/27/2020 21:10:00,Flow_cfs,0.02,,G
02/27/2020 21:10:00,FlowVolume,0.00,,G
02/27/2020 21:15:00,PT Level,0.00,in,G
02/27/2020 21:15:00,Flow_cfs,0.01,,G
02/27/2020 21:15:00,FlowVolume,0.00,,G
02/27/2020 21:20:00,PT Level,0.00,in,G
02/27/2020 21:20:00,Flow_cfs,0.01,,G
02/27/2020 21:20:00,FlowVolume,0.00,,G
02/27/2020 21:25:00,PT Level,0.00,in,G
02/27/2020 21:25:00,Flow_cfs,0.01,,G
02/27/2020 21:25:00,FlowVolume,0.00,,G
02/27/2020 21:30:00,PT Level,0.00,in,G
02/27/2020 21:30:00,Flow_cfs,0.01,,G
02/27/2020 21:30:00,FlowVolume,0.00,,G
02/27/2020 21:35:00,PT Level,0.00,in,G
02/27/2020 21:35:00,Flow_cfs,0.01,,G
02/27/2020 21:35:00,FlowVolume,0.00,,G
02/27/2020 21:40:00,PT Level,0.00,in,G
02/27/2020 21:40:00,Flow_cfs,0.01,,G
02/27/2020 21:40:00,FlowVolume,0.00,,G
02/27/2020 21:45:00,PT Level,0.00,in,G
02/27/2020 21:45:00,Flow_cfs,0.01,,G
02/27/2020 21:45:00,FlowVolume,0.00,,G
02/27/2020 21:50:00,PT Level,0.00,in,G
02/27/2020 21:50:00,Flow_cfs,0.01,,G
02/27/2020 21:50:00,FlowVolume,0.00,,G
02/27/2020 21:55:00,PT Level,0.00,in,G
02/27/2020 21:55:00,Flow_cfs,0.01,,G
02/27/2020 21:55:00,FlowVolume,0.00,,G
02/27/2020 22:00:00,PT Level,0.00,in,G
02/27/2020 22:00:00,Flow_cfs,0.01,,G
02/27/2020 22:00:00,FlowVolume,0.00,,G
02/27/2020 22:05:00,PT Level,0.00,in,G
02/27/2020 22:05:00,Flow_cfs,0.01,,G
02/27/2020 22:05:00,FlowVolume,0.00,,G
02/27/2020 22:10:00,PT Level,0.00,in,G
02/27/2020 22:10:00,Flow_cfs,0.01,,G
02/27/2020 22:10:00,FlowVolume,0.00,,G
02/27/2020 22:15:00,PT Level,0.00,in,G
02/27/2020 22:15:00,Flow_cfs,0.01,,G
02/27/2020 22:15:00,FlowVolume,0.00,,G
02/27/2020 22:20:00,PT Level,0.00,in,G
02/27/2020 22:20:00,Flow_cfs,0.01,,G
02/27/2020 22:20:00,FlowVolume,0.00,,G
02/27/2020 22:25:00,PT Level,0.00,in,G
02/27/2020 22:25:00,Flow_cfs,0.01,,G
02/27/2020 22:25:00,FlowVolume,0.00,,G
02/27/2020 22:30:00,PT Level,0.00,in,G
02/27/2020 22:30:00,Flow_cfs,0.01,,G
02/27/2020 22:30:00,FlowVolume,0.00,,G
02/27/2020 22:35:00,PT Level,0.00,in,G
02/27/2020 22:35:00,Flow_cfs,0.01,,G
02/27/2020 22:35:00,FlowVolume,0.00,,G
02/27/2020 22:40:00,PT Level,0.00,in,G
02/27/2020 22:40:00,Flow_cfs,0.01,,G
02/27/2020 22:40:00,FlowVolume,0.00,,G
02/27/2020 22:45:00,PT Level,0.00,in,G
02/27/2020 22:45:00,Flow_cfs,0.01,,G
02/27/2020 22:45:00,FlowVolume,0.00,,G
02/27/2020 22:50:00,PT Level,0.00,in,G
02/27/2020 22:50:00,Flow_cfs,0.01,,G
02/27/2020 22:50:00,FlowVolume,0.00,,G
02/27/2020 22:55:00,PT Level,0.00,in,G
02/27/2020 22:55:00,Flow_cfs,0.01,,G
02/27/2020 22:55:00,FlowVolume,0.00,,G
02/27/2020 23:00:00,PT Level,0.00,in,G
02/27/2020 23:00:00,Flow_cfs,0.01,,G
02/27/2020 23:00:00,FlowVolume,0.00,,G
02/27/2020 23:05:00,PT Level,0.00,in,G
02/27/2020 23:05:00,Flow_cfs,0.01,,G
02/27/2020 23:05:00,FlowVolume,0.00,,G
02/27/2020 23:10:00,PT Level,0.00,in,G
02/27/2020 23:10:00,Flow_cfs,0.01,,G
02/27/2020 23:10:00,FlowVolume,0.00,,G
02/27/2020 23:15:00,PT Level,0.00,in,G
02/27/2020 23:15:00,Flow_cfs,0.01,,G
02/27/2020 23:15:00,FlowVolume,0.00,,G
02/27/2020 23:20:00,PT Level,0.00,in,G
02/27/2020 23:20:00,Flow_cfs,0.00,,G
02/27/2020 23:20:00,FlowVolume,0.00,,G
02/27/2020 23:25:00,PT Level,0.00,in,G
02/27/2020 23:25:00,Flow_cfs,0.01,,G
02/27/2020 23:25:00,FlowVolume,0.00,,G
02/27/2020 23:30:00,PT Level,0.00,in,G
02/27/2020 23:30:00,Flow_cfs,0.00,,G
02/27/2020 23:30:00,FlowVolume,0.00,,G
02/27/2020 23:35:00,PT Level,0.00,in,G
02/27/2020 23:35:00,Flow_cfs,0.01,,G
02/27/2020 23:35:00,FlowVolume,0.00,,G
02/27/2020 23:40:00,PT Level,0.00,in,G
02/27/2020 23:40:00,Flow_cfs,0.01,,G
02/27/2020 23:40:00,FlowVolume,0.00,,G
02/27/2020 23:45:00,PT Level,0.00,in,G
02/27/2020 23:45:00,Flow_cfs,0.01,,G
02/27/2020 23:45:00,FlowVolume,0.00,,G
02/27/2020 23:50:00,PT Level,0.00,in,G
02/27/2020 23:50:00,Flow_cfs,0.01,,G
02/27/2020 23:50:00,FlowVolume,0.00,,G
02/27/2020 23:55:00,PT Level,0.00,in,G
02/27/2020 23:55:00,Flow_cfs,0.01,,G
02/27/2020 23:55:00,FlowVolume,0.00,,G
02/28/2020 00:00:00,PT Level,0.00,in,G
02/28/2020 00:00:00,Flow_cfs,0.01,,G
02/28/2020 00:00:00,FlowVolume,0.00,,G
02/28/2020 00:05:00,PT Level,0.00,in,G
02/28/2020 00:05:00,Flow_cfs,0.01,,G
02/28/2020 00:05:00,FlowVolume,0.00,,G
02/28/2020 00:10:00,PT Level,0.00,in,G
02/28/2020 00:10:00,Flow_cfs,0.01,,G
02/28/2020 00:10:00,FlowVolume,0.00,,G
02/28/2020 00:15:00,PT Level,0.00,in,G
02/28/2020 00:15:00,Flow_cfs,0.01,,G
02/28/2020 00:15:00,FlowVolume,0.00,,G
02/28/2020 00:20:00,PT Level,0.00,in,G
02/28/2020 00:20:00,Flow_cfs,0.01,,G
02/28/2020 00:20:00,FlowVolume,0.00,,G
02/28/2020 00:25:00,PT Level,0.00,in,G
02/28/2020 00:25:00,Flow_cfs,0.01,,G
02/28/2020 00:25:00,FlowVolume,0.00,,G
02/28/2020 00:30:00,PT Level,0.00,in,G
02/28/2020 00:30:00,Flow_cfs,0.01,,G
02/28/2020 00:30:00,FlowVolume,0.00,,G
02/28/2020 00:35:00,PT Level,0.00,in,G
02/28/2020 00:35:00,Flow_cfs,0.00,,G
02/28/2020 00:35:00,FlowVolume,0.00,,G
02/28/2020 00:40:00,PT Level,0.00,in,G
02/28/2020 00:40:00,Flow_cfs,0.01,,G
02/28/2020 00:40:00,FlowVolume,0.00,,G
02/28/2020 00:45:00,PT Level,0.00,in,G
02/28/2020 00:45:00,Flow_cfs,0.00,,G
02/28/2020 00:45:00,FlowVolume,0.00,,G
02/28/2020 00:50:00,PT Level,0.00,in,G
02/28/2020 00:50:00,Flow_cfs,0.00,,G
02/28/2020 00:50:00,FlowVolume,0.00,,G
02/28/2020 00:55:00,PT Level,0.00,in,G
02/28/2020 00:55:00,Flow_cfs,0.01,,G
02/28/2020 00:55:00,FlowVolume,0.00,,G
02/28/2020 01:00:00,PT Level,0.00,in,G
02/28/2020 01:00:00,Flow_cfs,0.00,,G
02/28/2020 01:00:00,FlowVolume,0.00,,G
02/28/2020 01:05:00,PT Level,0.00,in,G
02/28/2020 01:05:00,Flow_cfs,0.00,,G
02/28/2020 01:05:00,FlowVolume,0.00,,G
02/28/2020 01:10:00,PT Level,0.00,in,G
02/28/2020 01:10:00,Flow_cfs,0.00,,G
02/28/2020 01:10:00,FlowVolume,0.00,,G
02/28/2020 01:15:00,PT Level,0.00,in,G
02/28/2020 01:15:00,Flow_cfs,0.00,,G
02/28/2020 01:15:00,FlowVolume,0.00,,G
02/28/2020 01:20:00,PT Level,0.00,in,G
02/28/2020 01:20:00,Flow_cfs,0.00,,G
02/28/2020 01:20:00,FlowVolume,0.00,,G
02/28/2020 01:25:00,PT Level,0.00,in,G
02/28/2020 01:25:00,Flow_cfs,0.00,,G
02/28/2020 01:25:00,FlowVolume,0.00,,G
02/28/2020 01:30:00,PT Level,0.00,in,G
02/28/2020 01:30:00,Flow_cfs,0.00,,G
02/28/2020 01:30:00,FlowVolume,0.00,,G
02/28/2020 01:35:00,PT Level,0.00,in,G
02/28/2020 01:35:00,Flow_cfs,0.00,,G
02/28/2020 01:35:00,FlowVolume,0.00,,G
02/28/2020 01:40:00,PT Level,0.00,in,G
02/28/2020 01:40:00,Flow_cfs,0.00,,G
02/28/2020 01:40:00,FlowVolume,0.00,,G
02/28/2020 01:45:00,PT Level,0.00,in,G
02/28/2020 01:45:00,Flow_cfs,0.00,,G
02/28/2020 01:45:00,FlowVolume,0.00,,G
02/28/2020 01:50:00,PT Level,0.00,in,G
02/28/2020 01:50:00,Flow_cfs,0.00,,G
02/28/2020 01:50:00,FlowVolume,0.00,,G
02/28/2020 01:55:00,PT Level,0.00,in,G
02/28/2020 01:55:00,Flow_cfs,0.00,,G
02/28/2020 01:55:00,FlowVolume,0.00,,G
02/28/2020 02:00:00,PT Level,0.00,in,G
02/28/2020 02:00:00,Flow_cfs,0.00,,G
02/28/2020 02:00:00,FlowVolume,0.00,,G
02/28/2020 02:05:00,PT Level,0.00,in,G
02/28/2020 02:05:00,Flow_cfs,0.00,,G
02/28/2020 02:05:00,FlowVolume,0.00,,G
02/28/2020 02:10:00,PT Level,0.00,in,G
02/28/2020 02:10:00,Flow_cfs,0.00,,G
02/28/2020 02:10:00,FlowVolume,0.00,,G
02/28/2020 02:15:00,PT Level,0.00,in,G
02/28/2020 02:15:00,Flow_cfs,0.00,,G
02/28/2020 02:15:00,FlowVolume,0.00,,G
02/28/2020 02:20:00,PT Level,0.00,in,G
02/28/2020 02:20:00,Flow_cfs,0.00,,G
02/28/2020 02:20:00,FlowVolume,0.00,,G
02/28/2020 02:25:00,PT Level,0.00,in,G
02/28/2020 02:25:00,Flow_cfs,0.00,,G
02/28/2020 02:25:00,FlowVolume,0.00,,G
02/28/2020 02:30:00,PT Level,0.00,in,G
02/28/2020 02:30:00,Flow_cfs,0.00,,G
02/28/2020 02:30:00,FlowVolume,0.00,,G
02/28/2020 02:35:00,PT Level,0.00,in,G
02/28/2020 02:35:00,Flow_cfs,0.00,,G
02/28/2020 02:35:00,FlowVolume,0.00,,G
02/28/2020 02:40:00,PT Level,0.00,in,G
02/28/2020 02:40:00,Flow_cfs,0.00,,G
02/28/2020 02:40:00,FlowVolume,0.00,,G
02/28/2020 02:45:00,PT Level,0.00,in,G
02/28/2020 02:45:00,Flow_cfs,0.00,,G
02/28/2020 02:45:00,FlowVolume,0.00,,G
02/28/2020 02:50:00,PT Level,0.00,in,G
02/28/2020 02:50:00,Flow_cfs,0.00,,G
02/28/2020 02:50:00,FlowVolume,0.00,,G
02/28/2020 02:55:00,PT Level,0.00,in,G
02/28/2020 02:55:00,Flow_cfs,0.01,,G
02/28/2020 02:55:00,FlowVolume,0.00,,G
02/28/2020 03:00:00,PT Level,0.00,in,G
02/28/2020 03:00:00,Flow_cfs,0.00,,G
02/28/2020 03:00:00,FlowVolume,0.00,,G
02/28/2020 03:05:00,PT Level,0.00,in,G
02/28/2020 03:05:00,Flow_cfs,0.00,,G
02/28/2020 03:05:00,FlowVolume,0.00,,G
02/28/2020 03:10:00,PT Level,0.00,in,G
02/28/2020 03:10:00,Flow_cfs,0.00,,G
02/28/2020 03:10:00,FlowVolume,0.00,,G
02/28/2020 03:15:00,PT Level,-0.00,in,G
02/28/2020 03:15:00,Flow_cfs,0.00,,G
02/28/2020 03:15:00,FlowVolume,0.00,,G
02/28/2020 03:20:00,PT Level,0.00,in,G
02/28/2020 03:20:00,Flow_cfs,0.01,,G
02/28/2020 03:20:00,FlowVolume,0.00,,G
02/28/2020 03:25:00,PT Level,0.00,in,G
02/28/2020 03:25:00,Flow_cfs,0.00,,G
02/28/2020 03:25:00,FlowVolume,0.00,,G
02/28/2020 03:30:00,PT Level,0.00,in,G
02/28/2020 03:30:00,Flow_cfs,0.01,,G
02/28/2020 03:30:00,FlowVolume,0.00,,G
02/28/2020 03:35:00,PT Level,0.00,in,G
02/28/2020 03:35:00,Flow_cfs,0.00,,G
02/28/2020 03:35:00,FlowVolume,0.00,,G
02/28/2020 03:40:00,PT Level,0.00,in,G
02/28/2020 03:40:00,Flow_cfs,0.01,,G
02/28/2020 03:40:00,FlowVolume,0.00,,G
02/28/2020 03:45:00,PT Level,0.00,in,G
02/28/2020 03:45:00,Flow_cfs,0.00,,G
02/28/2020 03:45:00,FlowVolume,0.00,,G
02/28/2020 03:50:00,PT Level,0.00,in,G
02/28/2020 03:50:00,Flow_cfs,0.01,,G
02/28/2020 03:50:00,FlowVolume,0.00,,G
02/28/2020 03:55:00,PT Level,0.00,in,G
02/28/2020 03:55:00,Flow_cfs,0.01,,G
02/28/2020 03:55:00,FlowVolume,0.00,,G
02/28/2020 04:00:00,PT Level,0.00,in,G
02/28/2020 04:00:00,Flow_cfs,0.00,,G
02/28/2020 04:00:00,FlowVolume,0.00,,G
02/28/2020 04:05:00,PT Level,0.00,in,G
02/28/2020 04:05:00,Flow_cfs,0.00,,G
02/28/2020 04:05:00,FlowVolume,0.00,,G
02/28/2020 04:10:00,PT Level,0.00,in,G
02/28/2020 04:10:00,Flow_cfs,0.00,,G
02/28/2020 04:10:00,FlowVolume,0.00,,G
02/28/2020 04:15:00,PT Level,0.00,in,G
02/28/2020 04:15:00,Flow_cfs,0.01,,G
02/28/2020 04:15:00,FlowVolume,0.00,,G
02/28/2020 04:20:00,PT Level,0.00,in,G
02/28/2020 04:20:00,Flow_cfs,0.01,,G
02/28/2020 04:20:00,FlowVolume,0.00,,G
02/28/2020 04:25:00,PT Level,0.00,in,G
02/28/2020 04:25:00,Flow_cfs,0.00,,G
02/28/2020 04:25:00,FlowVolume,0.00,,G
02/28/2020 04:30:00,PT Level,0.00,in,G
02/28/2020 04:30:00,Flow_cfs,0.00,,G
02/28/2020 04:30:00,FlowVolume,0.00,,G
02/28/2020 04:35:00,PT Level,0.00,in,G
02/28/2020 04:35:00,Flow_cfs,0.00,,G
02/28/2020 04:35:00,FlowVolume,0.00,,G
02/28/2020 04:40:00,PT Level,0.00,in,G
02/28/2020 04:40:00,Flow_cfs,0.00,,G
02/28/2020 04:40:00,FlowVolume,0.00,,G
02/28/2020 04:45:00,PT Level,0.00,in,G
02/28/2020 04:45:00,Flow_cfs,0.00,,G
02/28/2020 04:45:00,FlowVolume,0.00,,G
02/28/2020 04:50:00,PT Level,0.00,in,G
02/28/2020 04:50:00,Flow_cfs,0.01,,G
02/28/2020 04:50:00,FlowVolume,0.00,,G
02/28/2020 04:55:00,PT Level,0.00,in,G
02/28/2020 04:55:00,Flow_cfs,0.01,,G
02/28/2020 04:55:00,FlowVolume,0.00,,G
02/28/2020 05:00:00,PT Level,0.00,in,G
02/28/2020 05:00:00,Flow_cfs,0.01,,G
02/28/2020 05:00:00,FlowVolume,0.00,,G
02/28/2020 05:05:00,PT Level,0.00,in,G
02/28/2020 05:05:00,Flow_cfs,0.01,,G
02/28/2020 05:05:00,FlowVolume,0.00,,G
02/28/2020 05:10:00,PT Level,0.00,in,G
02/28/2020 05:10:00,Flow_cfs,0.01,,G
02/28/2020 05:10:00,FlowVolume,0.00,,G
02/28/2020 05:15:00,PT Level,0.00,in,G
02/28/2020 05:15:00,Flow_cfs,0.01,,G
02/28/2020 05:15:00,FlowVolume,0.00,,G
02/28/2020 05:20:00,PT Level,0.00,in,G
02/28/2020 05:20:00,Flow_cfs,0.01,,G
02/28/2020 05:20:00,FlowVolume,0.00,,G
02/28/2020 05:25:00,PT Level,0.00,in,G
02/28/2020 05:25:00,Flow_cfs,0.01,,G
02/28/2020 05:25:00,FlowVolume,0.00,,G
02/28/2020 05:30:00,PT Level,0.00,in,G
02/28/2020 05:30:00,Flow_cfs,0.01,,G
02/28/2020 05:30:00,FlowVolume,0.00,,G
02/28/2020 05:35:00,PT Level,0.00,in,G
02/28/2020 05:35:00,Flow_cfs,0.01,,G
02/28/2020 05:35:00,FlowVolume,0.00,,G
02/28/2020 05:40:00,PT Level,0.00,in,G
02/28/2020 05:40:00,Flow_cfs,0.01,,G
02/28/2020 05:40:00,FlowVolume,0.00,,G
02/28/2020 05:45:00,PT Level,0.00,in,G
02/28/2020 05:45:00,Flow_cfs,0.01,,G
02/28/2020 05:45:00,FlowVolume,0.00,,G
02/28/2020 05:50:00,PT Level,0.00,in,G
02/28/2020 05:50:00,Flow_cfs,0.00,,G
02/28/2020 05:50:00,FlowVolume,0.00,,G
02/28/2020 05:55:00,PT Level,0.00,in,G
02/28/2020 05:55:00,Flow_cfs,0.00,,G
02/28/2020 05:55:00,FlowVolume,0.00,,G
02/28/2020 06:00:00,PT Level,0.00,in,G
02/28/2020 06:00:00,Flow_cfs,0.01,,G
02/28/2020 06:00:00,FlowVolume,0.00,,G
02/28/2020 06:05:00,PT Level,0.00,in,G
02/28/2020 06:05:00,Flow_cfs,0.00,,G
02/28/2020 06:05:00,FlowVolume,0.00,,G
02/28/2020 06:10:00,PT Level,0.00,in,G
02/28/2020 06:10:00,Flow_cfs,0.00,,G
02/28/2020 06:10:00,FlowVolume,0.00,,G
02/28/2020 06:15:00,PT Level,0.00,in,G
02/28/2020 06:15:00,Flow_cfs,0.00,,G
02/28/2020 06:15:00,FlowVolume,0.00,,G
02/28/2020 06:20:00,PT Level,0.00,in,G
02/28/2020 06:20:00,Flow_cfs,0.00,,G
02/28/2020 06:20:00,FlowVolume,0.00,,G
02/28/2020 06:25:00,PT Level,0.00,in,G
02/28/2020 06:25:00,Flow_cfs,0.00,,G
02/28/2020 06:25:00,FlowVolume,0.00,,G
02/28/2020 06:30:00,PT Level,0.00,in,G
02/28/2020 06:30:00,Flow_cfs,0.00,,G
02/28/2020 06:30:00,FlowVolume,0.00,,G
02/28/2020 06:35:00,PT Level,0.00,in,G
02/28/2020 06:35:00,Flow_cfs,0.01,,G
02/28/2020 06:35:00,FlowVolume,0.00,,G
02/28/2020 06:40:00,PT Level,0.00,in,G
02/28/2020 06:40:00,Flow_cfs,0.01,,G
02/28/2020 06:40:00,FlowVolume,0.00,,G
02/28/2020 06:45:00,PT Level,0.00,in,G
02/28/2020 06:45:00,Flow_cfs,0.01,,G
02/28/2020 06:45:00,FlowVolume,0.00,,G
02/28/2020 06:50:00,PT Level,0.00,in,G
02/28/2020 06:50:00,Flow_cfs,0.01,,G
02/28/2020 06:50:00,FlowVolume,0.00,,G
02/28/2020 06:55:00,PT Level,0.00,in,G
02/28/2020 06:55:00,Flow_cfs,0.02,,G
02/28/2020 06:55:00,FlowVolume,0.00,,G
02/28/2020 07:00:00,PT Level,0.00,in,G
02/28/2020 07:00:00,Flow_cfs,0.01,,G
02/28/2020 07:00:00,FlowVolume,0.00,,G
02/28/2020 07:05:00,PT Level,0.00,in,G
02/28/2020 07:05:00,Flow_cfs,0.01,,G
02/28/2020 07:05:00,FlowVolume,0.00,,G
02/28/2020 07:10:00,PT Level,0.00,in,G
02/28/2020 07:10:00,Flow_cfs,0.01,,G
02/28/2020 07:10:00,FlowVolume,0.00,,G
02/28/2020 07:15:00,PT Level,0.00,in,G
02/28/2020 07:15:00,Flow_cfs,0.01,,G
02/28/2020 07:15:00,FlowVolume,0.00,,G
02/28/2020 07:20:00,PT Level,0.00,in,G
02/28/2020 07:20:00,Flow_cfs,0.01,,G
02/28/2020 07:20:00,FlowVolume,0.00,,G
02/28/2020 07:25:00,PT Level,0.00,in,G
02/28/2020 07:25:00,Flow_cfs,0.01,,G
02/28/2020 07:25:00,FlowVolume,0.00,,G
02/28/2020 07:30:00,PT Level,0.00,in,G
02/28/2020 07:30:00,Flow_cfs,0.01,,G
02/28/2020 07:30:00,FlowVolume,0.00,,G
02/28/2020 07:35:00,PT Level,0.00,in,G
02/28/2020 07:35:00,Flow_cfs,0.01,,G
02/28/2020 07:35:00,FlowVolume,0.00,,G
02/28/2020 07:40:00,PT Level,0.00,in,G
02/28/2020 07:40:00,Flow_cfs,0.01,,G
02/28/2020 07:40:00,FlowVolume,0.00,,G
02/28/2020 07:45:00,PT Level,0.00,in,G
02/28/2020 07:45:00,Flow_cfs,0.00,,G
02/28/2020 07:45:00,FlowVolume,0.00,,G
02/28/2020 07:50:00,PT Level,0.00,in,G
02/28/2020 07:50:00,Flow_cfs,0.01,,G
02/28/2020 07:50:00,FlowVolume,0.00,,G
02/28/2020 07:55:00,PT Level,0.00,in,G
02/28/2020 07:55:00,Flow_cfs,0.01,,G
02/28/2020 07:55:00,FlowVolume,0.00,,G
02/28/2020 08:00:00,PT Level,0.00,in,G
02/28/2020 08:00:00,Flow_cfs,0.00,,G
02/28/2020 08:00:00,FlowVolume,0.00,,G
02/28/2020 08:05:00,PT Level,0.00,in,G
02/28/2020 08:05:00,Flow_cfs,0.00,,G
02/28/2020 08:05:00,FlowVolume,0.00,,G
02/28/2020 08:10:00,PT Level,0.00,in,G
02/28/2020 08:10:00,Flow_cfs,0.01,,G
02/28/2020 08:10:00,FlowVolume,0.00,,G
02/28/2020 08:15:00,PT Level,0.00,in,G
02/28/2020 08:15:00,Flow_cfs,0.00,,G
02/28/2020 08:15:00,FlowVolume,0.00,,G
02/28/2020 08:20:00,PT Level,0.00,in,G
02/28/2020 08:20:00,Flow_cfs,0.00,,G
02/28/2020 08:20:00,FlowVolume,0.00,,G
02/28/2020 08:25:00,PT Level,0.00,in,G
02/28/2020 08:25:00,Flow_cfs,0.00,,G
02/28/2020 08:25:00,FlowVolume,0.00,,G
02/28/2020 08:30:00,PT Level,0.00,in,G
02/28/2020 08:30:00,Flow_cfs,0.00,,G
02/28/2020 08:30:00,FlowVolume,0.00,,G
02/28/2020 08:35:00,PT Level,0.00,in,G
02/28/2020 08:35:00,Flow_cfs,0.00,,G
02/28/2020 08:35:00,FlowVolume,0.00,,G
02/28/2020 08:40:00,PT Level,0.00,in,G
02/28/2020 08:40:00,Flow_cfs,0.00,,G
02/28/2020 08:40:00,FlowVolume,0.00,,G
02/28/2020 08:45:00,PT Level,0.00,in,G
02/28/2020 08:45:00,Flow_cfs,0.00,,G
02/28/2020 08:45:00,FlowVolume,0.00,,G
02/28/2020 08:50:00,PT Level,0.00,in,G
02/28/2020 08:50:00,Flow_cfs,0.01,,G
02/28/2020 08:50:00,FlowVolume,0.00,,G
02/28/2020 08:55:00,PT Level,0.00,in,G
02/28/2020 08:55:00,Flow_cfs,0.00,,G
02/28/2020 08:55:00,FlowVolume,0.00,,G
02/28/2020 09:00:00,PT Level,0.00,in,G
02/28/2020 09:00:00,Flow_cfs,0.00,,G
02/28/2020 09:00:00,FlowVolume,0.00,,G
02/28/2020 09:05:00,PT Level,0.00,in,G
02/28/2020 09:05:00,Flow_cfs,0.00,,G
02/28/2020 09:05:00,FlowVolume,0.00,,G
02/28/2020 09:10:00,PT Level,0.00,in,G
02/28/2020 09:10:00,Flow_cfs,0.00,,G
02/28/2020 09:10:00,FlowVolume,0.00,,G
02/28/2020 09:15:00,PT Level,0.00,in,G
02/28/2020 09:15:00,Flow_cfs,0.00,,G
02/28/2020 09:15:00,FlowVolume,0.00,,G
02/28/2020 09:20:00,PT Level,0.00,in,G
02/28/2020 09:20:00,Flow_cfs,0.01,,G
02/28/2020 09:20:00,FlowVolume,0.00,,G
02/28/2020 09:25:00,PT Level,0.00,in,G
02/28/2020 09:25:00,Flow_cfs,0.00,,G
02/28/2020 09:25:00,FlowVolume,0.00,,G
02/28/2020 09:30:00,PT Level,0.00,in,G
02/28/2020 09:30:00,Flow_cfs,0.00,,G
02/28/2020 09:30:00,FlowVolume,0.00,,G
02/28/2020 09:35:00,PT Level,0.00,in,G
02/28/2020 09:35:00,Flow_cfs,0.00,,G
02/28/2020 09:35:00,FlowVolume,0.00,,G
02/28/2020 09:40:00,PT Level,0.00,in,G
02/28/2020 09:40:00,Flow_cfs,0.00,,G
02/28/2020 09:40:00,FlowVolume,0.00,,G
02/28/2020 09:45:00,PT Level,0.00,in,G
02/28/2020 09:45:00,Flow_cfs,0.00,,G
02/28/2020 09:45:00,FlowVolume,0.00,,G
02/28/2020 09:50:00,PT Level,0.00,in,G
02/28/2020 09:50:00,Flow_cfs,0.00,,G
02/28/2020 09:50:00,FlowVolume,0.00,,G
02/28/2020 09:55:00,PT Level,0.00,in,G
02/28/2020 09:55:00,Flow_cfs,0.00,,G
02/28/2020 09:55:00,FlowVolume,0.00,,G
02/28/2020 10:00:00,PT Level,0.00,in,G
02/28/2020 10:00:00,Flow_cfs,0.00,,G
02/28/2020 10:00:00,FlowVolume,0.00,,G
02/28/2020 10:05:00,PT Level,0.00,in,G
02/28/2020 10:05:00,Flow_cfs,0.01,,G
02/28/2020 10:05:00,FlowVolume,0.00,,G
02/28/2020 10:10:00,PT Level,0.00,in,G
02/28/2020 10:10:00,Flow_cfs,0.00,,G
02/28/2020 10:10:00,FlowVolume,0.00,,G
02/28/2020 10:15:00,PT Level,0.00,in,G
02/28/2020 10:15:00,Flow_cfs,0.01,,G
02/28/2020 10:15:00,FlowVolume,0.00,,G
02/28/2020 10:20:00,PT Level,0.00,in,G
02/28/2020 10:20:00,Flow_cfs,0.00,,G
02/28/2020 10:20:00,FlowVolume,0.00,,G
02/28/2020 10:25:00,PT Level,0.00,in,G
02/28/2020 10:25:00,Flow_cfs,0.00,,G
02/28/2020 10:25:00,FlowVolume,0.00,,G
02/28/2020 10:30:00,PT Level,0.00,in,G
02/28/2020 10:30:00,Flow_cfs,0.00,,G
02/28/2020 10:30:00,FlowVolume,0.00,,G
02/28/2020 10:35:00,PT Level,0.00,in,G
02/28/2020 10:35:00,Flow_cfs,0.00,,G
02/28/2020 10:35:00,FlowVolume,0.00,,G
02/28/2020 10:40:00,PT Level,0.00,in,G
02/28/2020 10:40:00,Flow_cfs,0.00,,G
02/28/2020 10:40:00,FlowVolume,0.00,,G
02/28/2020 10:45:00,PT Level,0.00,in,G
02/28/2020 10:45:00,Flow_cfs,0.00,,G
02/28/2020 10:45:00,FlowVolume,0.00,,G
02/28/2020 10:50:00,PT Level,0.00,in,G
02/28/2020 10:50:00,Flow_cfs,0.00,,G
02/28/2020 10:50:00,FlowVolume,0.00,,G
02/28/2020 10:55:00,PT Level,0.00,in,G
02/28/2020 10:55:00,Flow_cfs,0.00,,G
02/28/2020 10:55:00,FlowVolume,0.00,,G
02/28/2020 11:00:00,PT Level,0.00,in,G
02/28/2020 11:00:00,Flow_cfs,0.00,,G
02/28/2020 11:00:00,FlowVolume,0.00,,G
02/28/2020 11:05:00,PT Level,0.00,in,G
02/28/2020 11:05:00,Flow_cfs,0.00,,G
02/28/2020 11:05:00,FlowVolume,0.00,,G
02/28/2020 11:10:00,PT Level,0.00,in,G
02/28/2020 11:10:00,Flow_cfs,0.01,,G
02/28/2020 11:10:00,FlowVolume,0.00,,G
02/28/2020 11:15:00,PT Level,0.00,in,G
02/28/2020 11:15:00,Flow_cfs,0.00,,G
02/28/2020 11:15:00,FlowVolume,0.00,,G
02/28/2020 11:20:00,PT Level,0.00,in,G
02/28/2020 11:20:00,Flow_cfs,0.00,,G
02/28/2020 11:20:00,FlowVolume,0.00,,G
02/28/2020 11:25:00,PT Level,0.00,in,G
02/28/2020 11:25:00,Flow_cfs,0.00,,G
02/28/2020 11:25:00,FlowVolume,0.00,,G
02/28/2020 11:30:00,PT Level,0.00,in,G
02/28/2020 11:30:00,Flow_cfs,0.00,,G
02/28/2020 11:30:00,FlowVolume,0.00,,G
02/28/2020 11:35:00,PT Level,0.00,in,G
02/28/2020 11:35:00,Flow_cfs,0.00,,G
02/28/2020 11:35:00,FlowVolume,0.00,,G
02/28/2020 11:40:00,PT Level,0.00,in,G
02/28/2020 11:40:00,Flow_cfs,0.00,,G
02/28/2020 11:40:00,FlowVolume,0.00,,G
02/28/2020 11:45:00,PT Level,0.00,in,G
02/28/2020 11:45:00,Flow_cfs,0.00,,G
02/28/2020 11:45:00,FlowVolume,0.00,,G
02/28/2020 11:50:00,PT Level,0.00,in,G
02/28/2020 11:50:00,Flow_cfs,0.00,,G
02/28/2020 11:50:00,FlowVolume,0.00,,G
02/28/2020 11:55:00,PT Level,0.00,in,G
02/28/2020 11:55:00,Flow_cfs,0.00,,G
02/28/2020 11:55:00,FlowVolume,0.00,,G
02/28/2020 12:00:00,PT Level,0.00,in,G
02/28/2020 12:00:00,Flow_cfs,0.00,,G
02/28/2020 12:00:00,FlowVolume,0.00,,G
02/28/2020 12:05:00,PT Level,0.00,in,G
02/28/2020 12:05:00,Flow_cfs,0.00,,G
02/28/2020 12:05:00,FlowVolume,0.00,,G
02/28/2020 12:10:00,PT Level,0.00,in,G
02/28/2020 12:10:00,Flow_cfs,0.00,,G
02/28/2020 12:10:00,FlowVolume,0.00,,G
02/28/2020 12:15:00,PT Level,0.00,in,G
02/28/2020 12:15:00,Flow_cfs,0.00,,G
02/28/2020 12:15:00,FlowVolume,0.00,,G
02/28/2020 12:20:00,PT Level,0.00,in,G
02/28/2020 12:20:00,Flow_cfs,0.00,,G
02/28/2020 12:20:00,FlowVolume,0.00,,G
02/28/2020 12:25:00,PT Level,0.00,in,G
02/28/2020 12:25:00,Flow_cfs,0.00,,G
02/28/2020 12:25:00,FlowVolume,0.00,,G
02/28/2020 12:30:00,PT Level,0.00,in,G
02/28/2020 12:30:00,Flow_cfs,0.00,,G
02/28/2020 12:30:00,FlowVolume,0.00,,G
02/28/2020 12:35:00,PT Level,0.00,in,G
02/28/2020 12:35:00,Flow_cfs,0.00,,G
02/28/2020 12:35:00,FlowVolume,0.00,,G
02/28/2020 12:40:00,PT Level,0.00,in,G
02/28/2020 12:40:00,Flow_cfs,0.00,,G
02/28/2020 12:40:00,FlowVolume,0.00,,G
02/28/2020 12:45:00,PT Level,0.00,in,G
02/28/2020 12:45:00,Flow_cfs,0.00,,G
02/28/2020 12:45:00,FlowVolume,0.00,,G
02/28/2020 12:50:00,PT Level,0.00,in,G
02/28/2020 12:50:00,Flow_cfs,0.00,,G
02/28/2020 12:50:00,FlowVolume,0.00,,G
02/28/2020 12:55:00,PT Level,0.00,in,G
02/28/2020 12:55:00,Flow_cfs,0.00,,G
02/28/2020 12:55:00,FlowVolume,0.00,,G
02/28/2020 13:00:00,PT Level,0.00,in,G
02/28/2020 13:00:00,Flow_cfs,0.00,,G
02/28/2020 13:00:00,FlowVolume,0.00,,G
02/28/2020 13:05:00,PT Level,0.00,in,G
02/28/2020 13:05:00,Flow_cfs,0.00,,G
02/28/2020 13:05:00,FlowVolume,0.00,,G
02/28/2020 13:10:00,PT Level,0.00,in,G
02/28/2020 13:10:00,Flow_cfs,0.00,,G
02/28/2020 13:10:00,FlowVolume,0.00,,G
02/28/2020 13:15:00,PT Level,0.00,in,G
02/28/2020 13:15:00,Flow_cfs,0.00,,G
02/28/2020 13:15:00,FlowVolume,0.00,,G
02/28/2020 13:20:00,PT Level,0.00,in,G
02/28/2020 13:20:00,Flow_cfs,0.00,,G
02/28/2020 13:20:00,FlowVolume,0.00,,G
02/28/2020 13:25:00,PT Level,0.00,in,G
02/28/2020 13:25:00,Flow_cfs,0.00,,G
02/28/2020 13:25:00,FlowVolume,0.00,,G
02/28/2020 13:30:00,PT Level,0.00,in,G
02/28/2020 13:30:00,Flow_cfs,0.00,,G
02/28/2020 13:30:00,FlowVolume,0.00,,G
02/28/2020 13:35:00,PT Level,0.00,in,G
02/28/2020 13:35:00,Flow_cfs,0.00,,G
02/28/2020 13:35:00,FlowVolume,0.00,,G
02/28/2020 13:40:00,PT Level,0.00,in,G
02/28/2020 13:40:00,Flow_cfs,0.00,,G
02/28/2020 13:40:00,FlowVolume,0.00,,G
02/28/2020 13:45:00,PT Level,0.00,in,G
02/28/2020 13:45:00,Flow_cfs,0.00,,G
02/28/2020 13:45:00,FlowVolume,0.00,,G
02/28/2020 13:50:00,PT Level,0.00,in,G
02/28/2020 13:50:00,Flow_cfs,0.00,,G
02/28/2020 13:50:00,FlowVolume,0.00,,G
02/28/2020 13:55:00,PT Level,0.00,in,G
02/28/2020 13:55:00,Flow_cfs,0.00,,G
02/28/2020 13:55:00,FlowVolume,0.00,,G
02/28/2020 14:00:00,PT Level,0.00,in,G
02/28/2020 14:00:00,Flow_cfs,0.00,,G
02/28/2020 14:00:00,FlowVolume,0.00,,G
02/28/2020 14:05:00,PT Level,0.00,in,G
02/28/2020 14:05:00,Flow_cfs,0.00,,G
02/28/2020 14:05:00,FlowVolume,0.00,,G
02/28/2020 14:10:00,PT Level,0.00,in,G
02/28/2020 14:10:00,Flow_cfs,0.00,,G
02/28/2020 14:10:00,FlowVolume,0.00,,G
02/28/2020 14:15:00,PT Level,0.00,in,G
02/28/2020 14:15:00,Flow_cfs,0.00,,G
02/28/2020 14:15:00,FlowVolume,0.00,,G
02/28/2020 14:20:00,PT Level,0.00,in,G
02/28/2020 14:20:00,Flow_cfs,0.00,,G
02/28/2020 14:20:00,FlowVolume,0.00,,G
02/28/2020 14:25:00,PT Level,0.00,in,G
02/28/2020 14:25:00,Flow_cfs,0.00,,G
02/28/2020 14:25:00,FlowVolume,0.00,,G
02/28/2020 14:30:00,PT Level,0.00,in,G
02/28/2020 14:30:00,Flow_cfs,0.00,,G
02/28/2020 14:30:00,FlowVolume,0.00,,G
02/28/2020 14:35:00,PT Level,0.00,in,G
02/28/2020 14:35:00,Flow_cfs,0.00,,G
02/28/2020 14:35:00,FlowVolume,0.00,,G
02/28/2020 14:40:00,PT Level,0.00,in,G
02/28/2020 14:40:00,Flow_cfs,0.00,,G
02/28/2020 14:40:00,FlowVolume,0.00,,G
02/28/2020 14:45:00,PT Level,0.00,in,G
02/28/2020 14:45:00,Flow_cfs,0.00,,G
02/28/2020 14:45:00,FlowVolume,0.00,,G
02/28/2020 14:50:00,PT Level,0.00,in,G
02/28/2020 14:50:00,Flow_cfs,0.00,,G
02/28/2020 14:50:00,FlowVolume,0.00,,G
02/28/2020 14:55:00,PT Level,0.00,in,G
02/28/2020 14:55:00,Flow_cfs,0.00,,G
02/28/2020 14:55:00,FlowVolume,0.00,,G
02/28/2020 15:00:00,PT Level,0.00,in,G
02/28/2020 15:00:00,Flow_cfs,0.00,,G
02/28/2020 15:00:00,FlowVolume,0.00,,G
02/28/2020 15:05:00,PT Level,0.00,in,G
02/28/2020 15:05:00,Flow_cfs,0.00,,G
02/28/2020 15:05:00,FlowVolume,0.00,,G
02/28/2020 15:10:00,PT Level,0.00,in,G
02/28/2020 15:10:00,Flow_cfs,0.00,,G
02/28/2020 15:10:00,FlowVolume,0.00,,G
02/28/2020 15:15:00,PT Level,0.00,in,G
02/28/2020 15:15:00,Flow_cfs,0.00,,G
02/28/2020 15:15:00,FlowVolume,0.00,,G
02/28/2020 15:20:00,PT Level,0.00,in,G
02/28/2020 15:20:00,Flow_cfs,0.00,,G
02/28/2020 15:20:00,FlowVolume,0.00,,G
02/28/2020 15:25:00,PT Level,0.00,in,G
02/28/2020 15:25:00,Flow_cfs,0.00,,G
02/28/2020 15:25:00,FlowVolume,0.00,,G
02/28/2020 15:30:00,PT Level,0.00,in,G
02/28/2020 15:30:00,Flow_cfs,0.00,,G
02/28/2020 15:30:00,FlowVolume,0.00,,G
02/28/2020 15:35:00,PT Level,0.00,in,G
02/28/2020 15:35:00,Flow_cfs,0.00,,G
02/28/2020 15:35:00,FlowVolume,0.00,,G
02/28/2020 15:40:00,PT Level,0.00,in,G
02/28/2020 15:40:00,Flow_cfs,0.00,,G
02/28/2020 15:40:00,FlowVolume,0.00,,G
02/28/2020 15:45:00,PT Level,0.00,in,G
02/28/2020 15:45:00,Flow_cfs,0.00,,G
02/28/2020 15:45:00,FlowVolume,0.00,,G
02/28/2020 15:50:00,PT Level,0.00,in,G
02/28/2020 15:50:00,Flow_cfs,0.00,,G
02/28/2020 15:50:00,FlowVolume,0.00,,G
02/28/2020 15:55:00,PT Level,0.00,in,G
02/28/2020 15:55:00,Flow_cfs,0.00,,G
02/28/2020 15:55:00,FlowVolume,0.00,,G
02/28/2020 16:00:00,PT Level,0.00,in,G
02/28/2020 16:00:00,Flow_cfs,0.00,,G
02/28/2020 16:00:00,FlowVolume,0.00,,G
02/28/2020 16:05:00,PT Level,0.00,in,G
02/28/2020 16:05:00,Flow_cfs,0.00,,G
02/28/2020 16:05:00,FlowVolume,0.00,,G
02/28/2020 16:10:00,PT Level,0.00,in,G
02/28/2020 16:10:00,Flow_cfs,0.00,,G
02/28/2020 16:10:00,FlowVolume,0.00,,G
02/28/2020 16:15:00,PT Level,0.00,in,G
02/28/2020 16:15:00,Flow_cfs,0.00,,G
02/28/2020 16:15:00,FlowVolume,0.00,,G
02/28/2020 16:20:00,PT Level,0.00,in,G
02/28/2020 16:20:00,Flow_cfs,0.00,,G
02/28/2020 16:20:00,FlowVolume,0.00,,G
02/28/2020 16:25:00,PT Level,0.00,in,G
02/28/2020 16:25:00,Flow_cfs,0.00,,G
02/28/2020 16:25:00,FlowVolume,0.00,,G
02/28/2020 16:30:00,PT Level,-0.00,in,G
02/28/2020 16:30:00,Flow_cfs,0.00,,G
02/28/2020 16:30:00,FlowVolume,0.00,,G
02/28/2020 16:35:00,PT Level,0.00,in,G
02/28/2020 16:35:00,Flow_cfs,0.00,,G
02/28/2020 16:35:00,FlowVolume,0.00,,G
02/28/2020 16:40:00,PT Level,0.00,in,G
02/28/2020 16:40:00,Flow_cfs,0.00,,G
02/28/2020 16:40:00,FlowVolume,0.00,,G
02/28/2020 16:45:00,PT Level,0.00,in,G
02/28/2020 16:45:00,Flow_cfs,0.00,,G
02/28/2020 16:45:00,FlowVolume,0.00,,G
02/28/2020 16:50:00,PT Level,0.00,in,G
02/28/2020 16:50:00,Flow_cfs,0.00,,G
02/28/2020 16:50:00,FlowVolume,0.00,,G
02/28/2020 16:55:00,PT Level,0.00,in,G
02/28/2020 16:55:00,Flow_cfs,0.00,,G
02/28/2020 16:55:00,FlowVolume,0.00,,G
02/28/2020 17:00:00,PT Level,0.00,in,G
02/28/2020 17:00:00,Flow_cfs,0.00,,G
02/28/2020 17:00:00,FlowVolume,0.00,,G
02/28/2020 17:05:00,PT Level,0.00,in,G
02/28/2020 17:05:00,Flow_cfs,0.00,,G
02/28/2020 17:05:00,FlowVolume,0.00,,G
02/28/2020 17:10:00,PT Level,0.00,in,G
02/28/2020 17:10:00,Flow_cfs,0.00,,G
02/28/2020 17:10:00,FlowVolume,0.00,,G
02/28/2020 17:15:00,PT Level,0.00,in,G
02/28/2020 17:15:00,Flow_cfs,0.00,,G
02/28/2020 17:15:00,FlowVolume,0.00,,G
02/28/2020 17:20:00,PT Level,-0.00,in,G
02/28/2020 17:20:00,Flow_cfs,0.00,,G
02/28/2020 17:20:00,FlowVolume,0.00,,G
02/28/2020 17:25:00,PT Level,0.00,in,G
02/28/2020 17:25:00,Flow_cfs,0.00,,G
02/28/2020 17:25:00,FlowVolume,0.00,,G
02/28/2020 17:30:00,PT Level,-0.00,in,G
02/28/2020 17:30:00,Flow_cfs,0.00,,G
02/28/2020 17:30:00,FlowVolume,0.00,,G
02/28/2020 17:35:00,PT Level,-0.00,in,G
02/28/2020 17:35:00,Flow_cfs,0.00,,G
02/28/2020 17:35:00,FlowVolume,0.00,,G
02/28/2020 17:40:00,PT Level,-0.00,in,G
02/28/2020 17:40:00,Flow_cfs,0.00,,G
02/28/2020 17:40:00,FlowVolume,0.00,,G
02/28/2020 17:45:00,PT Level,0.00,in,G
02/28/2020 17:45:00,Flow_cfs,0.00,,G
02/28/2020 17:45:00,FlowVolume,0.00,,G
02/28/2020 17:50:00,PT Level,0.00,in,G
02/28/2020 17:50:00,Flow_cfs,0.00,,G
02/28/2020 17:50:00,FlowVolume,0.00,,G
02/28/2020 17:55:00,PT Level,-0.00,in,G
02/28/2020 17:55:00,Flow_cfs,0.00,,G
02/28/2020 17:55:00,FlowVolume,0.00,,G
02/28/2020 18:00:00,PT Level,0.00,in,G
02/28/2020 18:00:00,Flow_cfs,0.00,,G
02/28/2020 18:00:00,FlowVolume,0.00,,G
02/28/2020 18:05:00,PT Level,0.00,in,G
02/28/2020 18:05:00,Flow_cfs,0.01,,G
02/28/2020 18:05:00,FlowVolume,0.00,,G
02/28/2020 18:10:00,PT Level,0.00,in,G
02/28/2020 18:10:00,Flow_cfs,0.01,,G
02/28/2020 18:10:00,FlowVolume,0.00,,G
02/28/2020 18:15:00,PT Level,0.00,in,G
02/28/2020 18:15:00,Flow_cfs,0.00,,G
02/28/2020 18:15:00,FlowVolume,0.00,,G
02/28/2020 18:20:00,PT Level,0.00,in,G
02/28/2020 18:20:00,Flow_cfs,0.01,,G
02/28/2020 18:20:00,FlowVolume,0.00,,G
02/28/2020 18:25:00,PT Level,0.00,in,G
02/28/2020 18:25:00,Flow_cfs,0.00,,G
02/28/2020 18:25:00,FlowVolume,0.00,,G
02/28/2020 18:30:00,PT Level,0.00,in,G
02/28/2020 18:30:00,Flow_cfs,0.00,,G
02/28/2020 18:30:00,FlowVolume,0.00,,G
02/28/2020 18:35:00,PT Level,0.00,in,G
02/28/2020 18:35:00,Flow_cfs,0.00,,G
02/28/2020 18:35:00,FlowVolume,0.00,,G
02/28/2020 18:40:00,PT Level,0.00,in,G
02/28/2020 18:40:00,Flow_cfs,0.00,,G
02/28/2020 18:40:00,FlowVolume,0.00,,G
02/28/2020 18:45:00,PT Level,0.00,in,G
02/28/2020 18:45:00,Flow_cfs,0.01,,G
02/28/2020 18:45:00,FlowVolume,0.00,,G
02/28/2020 18:50:00,PT Level,0.00,in,G
02/28/2020 18:50:00,Flow_cfs,0.01,,G
02/28/2020 18:50:00,FlowVolume,0.00,,G
02/28/2020 18:55:00,PT Level,0.00,in,G
02/28/2020 18:55:00,Flow_cfs,0.01,,G
02/28/2020 18:55:00,FlowVolume,0.00,,G
02/28/2020 19:00:00,PT Level,0.00,in,G
02/28/2020 19:00:00,Flow_cfs,0.01,,G
02/28/2020 19:00:00,FlowVolume,0.00,,G
02/28/2020 19:05:00,PT Level,0.00,in,G
02/28/2020 19:05:00,Flow_cfs,0.01,,G
02/28/2020 19:05:00,FlowVolume,0.00,,G
02/28/2020 19:10:00,PT Level,0.00,in,G
02/28/2020 19:10:00,Flow_cfs,0.01,,G
02/28/2020 19:10:00,FlowVolume,0.00,,G
02/28/2020 19:15:00,PT Level,0.00,in,G
02/28/2020 19:15:00,Flow_cfs,0.01,,G
02/28/2020 19:15:00,FlowVolume,0.00,,G
02/28/2020 19:20:00,PT Level,0.00,in,G
02/28/2020 19:20:00,Flow_cfs,0.01,,G
02/28/2020 19:20:00,FlowVolume,0.00,,G
02/28/2020 19:25:00,PT Level,0.00,in,G
02/28/2020 19:25:00,Flow_cfs,0.01,,G
02/28/2020 19:25:00,FlowVolume,0.00,,G
02/28/2020 19:30:00,PT Level,0.00,in,G
02/28/2020 19:30:00,Flow_cfs,0.01,,G
02/28/2020 19:30:00,FlowVolume,0.00,,G
02/28/2020 19:35:00,PT Level,0.00,in,G
02/28/2020 19:35:00,Flow_cfs,0.01,,G
02/28/2020 19:35:00,FlowVolume,0.00,,G
02/28/2020 19:40:00,PT Level,0.00,in,G
02/28/2020 19:40:00,Flow_cfs,0.01,,G
02/28/2020 19:40:00,FlowVolume,0.00,,G
02/28/2020 19:45:00,PT Level,0.00,in,G
02/28/2020 19:45:00,Flow_cfs,0.01,,G
02/28/2020 19:45:00,FlowVolume,0.00,,G
02/28/2020 19:50:00,PT Level,0.00,in,G
02/28/2020 19:50:00,Flow_cfs,0.01,,G
02/28/2020 19:50:00,FlowVolume,0.00,,G
02/28/2020 19:55:00,PT Level,0.00,in,G
02/28/2020 19:55:00,Flow_cfs,0.01,,G
02/28/2020 19:55:00,FlowVolume,0.00,,G
02/28/2020 20:00:00,PT Level,0.00,in,G
02/28/2020 20:00:00,Flow_cfs,0.01,,G
02/28/2020 20:00:00,FlowVolume,0.00,,G
02/28/2020 20:05:00,PT Level,0.00,in,G
02/28/2020 20:05:00,Flow_cfs,0.00,,G
02/28/2020 20:05:00,FlowVolume,0.00,,G
02/28/2020 20:10:00,PT Level,0.00,in,G
02/28/2020 20:10:00,Flow_cfs,0.00,,G
02/28/2020 20:10:00,FlowVolume,0.00,,G
02/28/2020 20:15:00,PT Level,0.00,in,G
02/28/2020 20:15:00,Flow_cfs,0.01,,G
02/28/2020 20:15:00,FlowVolume,0.00,,G
02/28/2020 20:20:00,PT Level,0.00,in,G
02/28/2020 20:20:00,Flow_cfs,0.01,,G
02/28/2020 20:20:00,FlowVolume,0.00,,G
02/28/2020 20:25:00,PT Level,0.00,in,G
02/28/2020 20:25:00,Flow_cfs,0.00,,G
02/28/2020 20:25:00,FlowVolume,0.00,,G
02/28/2020 20:30:00,PT Level,0.00,in,G
02/28/2020 20:30:00,Flow_cfs,0.01,,G
02/28/2020 20:30:00,FlowVolume,0.00,,G
02/28/2020 20:35:00,PT Level,0.00,in,G
02/28/2020 20:35:00,Flow_cfs,0.01,,G
02/28/2020 20:35:00,FlowVolume,0.00,,G
02/28/2020 20:40:00,PT Level,0.00,in,G
02/28/2020 20:40:00,Flow_cfs,0.01,,G
02/28/2020 20:40:00,FlowVolume,0.00,,G
02/28/2020 20:45:00,PT Level,0.00,in,G
02/28/2020 20:45:00,Flow_cfs,0.01,,G
02/28/2020 20:45:00,FlowVolume,0.00,,G
02/28/2020 20:50:00,PT Level,0.00,in,G
02/28/2020 20:50:00,Flow_cfs,0.01,,G
02/28/2020 20:50:00,FlowVolume,0.00,,G
02/28/2020 20:55:00,PT Level,0.00,in,G
02/28/2020 20:55:00,Flow_cfs,0.00,,G
02/28/2020 20:55:00,FlowVolume,0.00,,G
02/28/2020 21:00:00,PT Level,0.00,in,G
02/28/2020 21:00:00,Flow_cfs,0.01,,G
02/28/2020 21:00:00,FlowVolume,0.00,,G
02/28/2020 21:05:00,PT Level,0.00,in,G
02/28/2020 21:05:00,Flow_cfs,0.01,,G
02/28/2020 21:05:00,FlowVolume,0.00,,G
02/28/2020 21:10:00,PT Level,0.00,in,G
02/28/2020 21:10:00,Flow_cfs,0.01,,G
02/28/2020 21:10:00,FlowVolume,0.00,,G
02/28/2020 21:15:00,PT Level,0.00,in,G
02/28/2020 21:15:00,Flow_cfs,0.01,,G
02/28/2020 21:15:00,FlowVolume,0.00,,G
02/28/2020 21:20:00,PT Level,0.00,in,G
02/28/2020 21:20:00,Flow_cfs,0.01,,G
02/28/2020 21:20:00,FlowVolume,0.00,,G
02/28/2020 21:25:00,PT Level,0.00,in,G
02/28/2020 21:25:00,Flow_cfs,0.01,,G
02/28/2020 21:25:00,FlowVolume,0.00,,G
02/28/2020 21:30:00,PT Level,0.00,in,G
02/28/2020 21:30:00,Flow_cfs,0.01,,G
02/28/2020 21:30:00,FlowVolume,0.00,,G
02/28/2020 21:35:00,PT Level,0.00,in,G
02/28/2020 21:35:00,Flow_cfs,0.01,,G
02/28/2020 21:35:00,FlowVolume,0.00,,G
02/28/2020 21:40:00,PT Level,0.00,in,G
02/28/2020 21:40:00,Flow_cfs,0.01,,G
02/28/2020 21:40:00,FlowVolume,0.00,,G
02/28/2020 21:45:00,PT Level,0.00,in,G
02/28/2020 21:45:00,Flow_cfs,0.01,,G
02/28/2020 21:45:00,FlowVolume,0.00,,G
02/28/2020 21:50:00,PT Level,0.00,in,G
02/28/2020 21:50:00,Flow_cfs,0.01,,G
02/28/2020 21:50:00,FlowVolume,0.00,,G
02/28/2020 21:55:00,PT Level,0.00,in,G
02/28/2020 21:55:00,Flow_cfs,0.01,,G
02/28/2020 21:55:00,FlowVolume,0.00,,G
02/28/2020 22:00:00,PT Level,0.00,in,G
02/28/2020 22:00:00,Flow_cfs,0.00,,G
02/28/2020 22:00:00,FlowVolume,0.00,,G
02/28/2020 22:05:00,PT Level,0.00,in,G
02/28/2020 22:05:00,Flow_cfs,0.00,,G
02/28/2020 22:05:00,FlowVolume,0.00,,G
02/28/2020 22:10:00,PT Level,0.00,in,G
02/28/2020 22:10:00,Flow_cfs,0.01,,G
02/28/2020 22:10:00,FlowVolume,0.00,,G
02/28/2020 22:15:00,PT Level,0.00,in,G
02/28/2020 22:15:00,Flow_cfs,0.01,,G
02/28/2020 22:15:00,FlowVolume,0.00,,G
02/28/2020 22:20:00,PT Level,0.00,in,G
02/28/2020 22:20:00,Flow_cfs,0.00,,G
02/28/2020 22:20:00,FlowVolume,0.00,,G
02/28/2020 22:25:00,PT Level,0.00,in,G
02/28/2020 22:25:00,Flow_cfs,0.00,,G
02/28/2020 22:25:00,FlowVolume,0.00,,G
02/28/2020 22:30:00,PT Level,0.00,in,G
02/28/2020 22:30:00,Flow_cfs,0.01,,G
02/28/2020 22:30:00,FlowVolume,0.00,,G
02/28/2020 22:35:00,PT Level,0.00,in,G
02/28/2020 22:35:00,Flow_cfs,0.00,,G
02/28/2020 22:35:00,FlowVolume,0.00,,G
02/28/2020 22:40:00,PT Level,0.00,in,G
02/28/2020 22:40:00,Flow_cfs,0.01,,G
02/28/2020 22:40:00,FlowVolume,0.00,,G
02/28/2020 22:45:00,PT Level,0.00,in,G
02/28/2020 22:45:00,Flow_cfs,0.01,,G
02/28/2020 22:45:00,FlowVolume,0.00,,G
02/28/2020 22:50:00,PT Level,0.00,in,G
02/28/2020 22:50:00,Flow_cfs,0.01,,G
02/28/2020 22:50:00,FlowVolume,0.00,,G
02/28/2020 22:55:00,PT Level,0.00,in,G
02/28/2020 22:55:00,Flow_cfs,0.01,,G
02/28/2020 22:55:00,FlowVolume,0.00,,G
02/28/2020 23:00:00,PT Level,0.00,in,G
02/28/2020 23:00:00,Flow_cfs,0.01,,G
02/28/2020 23:00:00,FlowVolume,0.00,,G
02/28/2020 23:05:00,PT Level,0.00,in,G
02/28/2020 23:05:00,Flow_cfs,0.01,,G
02/28/2020 23:05:00,FlowVolume,0.00,,G
02/28/2020 23:10:00,PT Level,0.00,in,G
02/28/2020 23:10:00,Flow_cfs,0.01,,G
02/28/2020 23:10:00,FlowVolume,0.00,,G
02/28/2020 23:15:00,PT Level,0.00,in,G
02/28/2020 23:15:00,Flow_cfs,0.00,,G
02/28/2020 23:15:00,FlowVolume,0.00,,G
02/28/2020 23:20:00,PT Level,0.00,in,G
02/28/2020 23:20:00,Flow_cfs,0.00,,G
02/28/2020 23:20:00,FlowVolume,0.00,,G
02/28/2020 23:25:00,PT Level,0.00,in,G
02/28/2020 23:25:00,Flow_cfs,0.00,,G
02/28/2020 23:25:00,FlowVolume,0.00,,G
02/28/2020 23:30:00,PT Level,0.00,in,G
02/28/2020 23:30:00,Flow_cfs,0.01,,G
02/28/2020 23:30:00,FlowVolume,0.00,,G
02/28/2020 23:35:00,PT Level,0.00,in,G
02/28/2020 23:35:00,Flow_cfs,0.01,,G
02/28/2020 23:35:00,FlowVolume,0.00,,G
02/28/2020 23:40:00,PT Level,0.00,in,G
02/28/2020 23:40:00,Flow_cfs,0.00,,G
02/28/2020 23:40:00,FlowVolume,0.00,,G
02/28/2020 23:45:00,PT Level,0.00,in,G
02/28/2020 23:45:00,Flow_cfs,0.00,,G
02/28/2020 23:45:00,FlowVolume,0.00,,G
02/28/2020 23:50:00,PT Level,0.00,in,G
02/28/2020 23:50:00,Flow_cfs,0.00,,G
02/28/2020 23:50:00,FlowVolume,0.00,,G
02/28/2020 23:55:00,PT Level,0.00,in,G
02/28/2020 23:55:00,Flow_cfs,0.00,,G
02/28/2020 23:55:00,FlowVolume,0.00,,G
02/29/2020 00:00:00,PT Level,0.00,in,G
02/29/2020 00:00:00,Flow_cfs,0.00,,G
02/29/2020 00:00:00,FlowVolume,0.00,,G
02/29/2020 00:05:00,PT Level,0.00,in,G
02/29/2020 00:05:00,Flow_cfs,0.00,,G
02/29/2020 00:05:00,FlowVolume,0.00,,G
02/29/2020 00:10:00,PT Level,0.00,in,G
02/29/2020 00:10:00,Flow_cfs,0.00,,G
02/29/2020 00:10:00,FlowVolume,0.00,,G
02/29/2020 00:15:00,PT Level,0.00,in,G
02/29/2020 00:15:00,Flow_cfs,0.00,,G
02/29/2020 00:15:00,FlowVolume,0.00,,G
02/29/2020 00:20:00,PT Level,0.00,in,G
02/29/2020 00:20:00,Flow_cfs,0.01,,G
02/29/2020 00:20:00,FlowVolume,0.00,,G
02/29/2020 00:25:00,PT Level,0.00,in,G
02/29/2020 00:25:00,Flow_cfs,0.00,,G
02/29/2020 00:25:00,FlowVolume,0.00,,G
02/29/2020 00:30:00,PT Level,0.00,in,G
02/29/2020 00:30:00,Flow_cfs,0.01,,G
02/29/2020 00:30:00,FlowVolume,0.00,,G
02/29/2020 00:35:00,PT Level,0.00,in,G
02/29/2020 00:35:00,Flow_cfs,0.00,,G
02/29/2020 00:35:00,FlowVolume,0.00,,G
02/29/2020 00:40:00,PT Level,0.00,in,G
02/29/2020 00:40:00,Flow_cfs,0.00,,G
02/29/2020 00:40:00,FlowVolume,0.00,,G
02/29/2020 00:45:00,PT Level,0.00,in,G
02/29/2020 00:45:00,Flow_cfs,0.00,,G
02/29/2020 00:45:00,FlowVolume,0.00,,G
02/29/2020 00:50:00,PT Level,0.00,in,G
02/29/2020 00:50:00,Flow_cfs,0.00,,G
02/29/2020 00:50:00,FlowVolume,0.00,,G
02/29/2020 00:55:00,PT Level,0.00,in,G
02/29/2020 00:55:00,Flow_cfs,0.00,,G
02/29/2020 00:55:00,FlowVolume,0.00,,G
02/29/2020 01:00:00,PT Level,0.00,in,G
02/29/2020 01:00:00,Flow_cfs,0.00,,G
02/29/2020 01:00:00,FlowVolume,0.00,,G
02/29/2020 01:05:00,PT Level,0.00,in,G
02/29/2020 01:05:00,Flow_cfs,0.00,,G
02/29/2020 01:05:00,FlowVolume,0.00,,G
02/29/2020 01:10:00,PT Level,0.00,in,G
02/29/2020 01:10:00,Flow_cfs,0.00,,G
02/29/2020 01:10:00,FlowVolume,0.00,,G
02/29/2020 01:15:00,PT Level,0.00,in,G
02/29/2020 01:15:00,Flow_cfs,0.00,,G
02/29/2020 01:15:00,FlowVolume,0.00,,G
02/29/2020 01:20:00,PT Level,0.00,in,G
02/29/2020 01:20:00,Flow_cfs,0.00,,G
02/29/2020 01:20:00,FlowVolume,0.00,,G
02/29/2020 01:25:00,PT Level,0.00,in,G
02/29/2020 01:25:00,Flow_cfs,0.00,,G
02/29/2020 01:25:00,FlowVolume,0.00,,G
02/29/2020 01:30:00,PT Level,0.00,in,G
02/29/2020 01:30:00,Flow_cfs,0.00,,G
02/29/2020 01:30:00,FlowVolume,0.00,,G
02/29/2020 01:35:00,PT Level,0.00,in,G
02/29/2020 01:35:00,Flow_cfs,0.00,,G
02/29/2020 01:35:00,FlowVolume,0.00,,G
02/29/2020 01:40:00,PT Level,0.00,in,G
02/29/2020 01:40:00,Flow_cfs,0.00,,G
02/29/2020 01:40:00,FlowVolume,0.00,,G
02/29/2020 01:45:00,PT Level,0.00,in,G
02/29/2020 01:45:00,Flow_cfs,0.00,,G
02/29/2020 01:45:00,FlowVolume,0.00,,G
02/29/2020 01:50:00,PT Level,0.00,in,G
02/29/2020 01:50:00,Flow_cfs,0.00,,G
02/29/2020 01:50:00,FlowVolume,0.00,,G
02/29/2020 01:55:00,PT Level,0.00,in,G
02/29/2020 01:55:00,Flow_cfs,0.00,,G
02/29/2020 01:55:00,FlowVolume,0.00,,G
02/29/2020 02:00:00,PT Level,0.00,in,G
02/29/2020 02:00:00,Flow_cfs,0.00,,G
02/29/2020 02:00:00,FlowVolume,0.00,,G
02/29/2020 02:05:00,PT Level,0.00,in,G
02/29/2020 02:05:00,Flow_cfs,0.00,,G
02/29/2020 02:05:00,FlowVolume,0.00,,G
02/29/2020 02:10:00,PT Level,0.00,in,G
02/29/2020 02:10:00,Flow_cfs,0.00,,G
02/29/2020 02:10:00,FlowVolume,0.00,,G
02/29/2020 02:15:00,PT Level,0.00,in,G
02/29/2020 02:15:00,Flow_cfs,0.00,,G
02/29/2020 02:15:00,FlowVolume,0.00,,G
02/29/2020 02:20:00,PT Level,0.00,in,G
02/29/2020 02:20:00,Flow_cfs,0.00,,G
02/29/2020 02:20:00,FlowVolume,0.00,,G
02/29/2020 02:25:00,PT Level,0.00,in,G
02/29/2020 02:25:00,Flow_cfs,0.00,,G
02/29/2020 02:25:00,FlowVolume,0.00,,G
02/29/2020 02:30:00,PT Level,0.00,in,G
02/29/2020 02:30:00,Flow_cfs,0.00,,G
02/29/2020 02:30:00,FlowVolume,0.00,,G
02/29/2020 02:35:00,PT Level,0.00,in,G
02/29/2020 02:35:00,Flow_cfs,0.00,,G
02/29/2020 02:35:00,FlowVolume,0.00,,G
02/29/2020 02:40:00,PT Level,0.00,in,G
02/29/2020 02:40:00,Flow_cfs,0.00,,G
02/29/2020 02:40:00,FlowVolume,0.00,,G
02/29/2020 02:45:00,PT Level,0.00,in,G
02/29/2020 02:45:00,Flow_cfs,0.00,,G
02/29/2020 02:45:00,FlowVolume,0.00,,G
02/29/2020 02:50:00,PT Level,0.00,in,G
02/29/2020 02:50:00,Flow_cfs,0.00,,G
02/29/2020 02:50:00,FlowVolume,0.00,,G
02/29/2020 02:55:00,PT Level,0.00,in,G
02/29/2020 02:55:00,Flow_cfs,0.00,,G
02/29/2020 02:55:00,FlowVolume,0.00,,G
02/29/2020 03:00:00,PT Level,0.00,in,G
02/29/2020 03:00:00,Flow_cfs,0.00,,G
02/29/2020 03:00:00,FlowVolume,0.00,,G
02/29/2020 03:05:00,PT Level,0.00,in,G
02/29/2020 03:05:00,Flow_cfs,0.00,,G
02/29/2020 03:05:00,FlowVolume,0.00,,G
02/29/2020 03:10:00,PT Level,0.00,in,G
02/29/2020 03:10:00,Flow_cfs,0.00,,G
02/29/2020 03:10:00,FlowVolume,0.00,,G
02/29/2020 03:15:00,PT Level,0.00,in,G
02/29/2020 03:15:00,Flow_cfs,0.00,,G
02/29/2020 03:15:00,FlowVolume,0.00,,G
02/29/2020 03:20:00,PT Level,0.00,in,G
02/29/2020 03:20:00,Flow_cfs,0.00,,G
02/29/2020 03:20:00,FlowVolume,0.00,,G
02/29/2020 03:25:00,PT Level,0.00,in,G
02/29/2020 03:25:00,Flow_cfs,0.00,,G
02/29/2020 03:25:00,FlowVolume,0.00,,G
02/29/2020 03:30:00,PT Level,0.00,in,G
02/29/2020 03:30:00,Flow_cfs,0.00,,G
02/29/2020 03:30:00,FlowVolume,0.00,,G
02/29/2020 03:35:00,PT Level,0.00,in,G
02/29/2020 03:35:00,Flow_cfs,0.00,,G
02/29/2020 03:35:00,FlowVolume,0.00,,G
02/29/2020 03:40:00,PT Level,0.00,in,G
02/29/2020 03:40:00,Flow_cfs,0.00,,G
02/29/2020 03:40:00,FlowVolume,0.00,,G
02/29/2020 03:45:00,PT Level,0.00,in,G
02/29/2020 03:45:00,Flow_cfs,0.00,,G
02/29/2020 03:45:00,FlowVolume,0.00,,G
02/29/2020 03:50:00,PT Level,0.00,in,G
02/29/2020 03:50:00,Flow_cfs,0.00,,G
02/29/2020 03:50:00,FlowVolume,0.00,,G
02/29/2020 03:55:00,PT Level,0.00,in,G
02/29/2020 03:55:00,Flow_cfs,0.00,,G
02/29/2020 03:55:00,FlowVolume,0.00,,G
02/29/2020 04:00:00,PT Level,0.00,in,G
02/29/2020 04:00:00,Flow_cfs,0.00,,G
02/29/2020 04:00:00,FlowVolume,0.00,,G
02/29/2020 04:05:00,PT Level,0.00,in,G
02/29/2020 04:05:00,Flow_cfs,0.00,,G
02/29/2020 04:05:00,FlowVolume,0.00,,G
02/29/2020 04:10:00,PT Level,0.00,in,G
02/29/2020 04:10:00,Flow_cfs,0.00,,G
02/29/2020 04:10:00,FlowVolume,0.00,,G
02/29/2020 04:15:00,PT Level,0.00,in,G
02/29/2020 04:15:00,Flow_cfs,0.00,,G
02/29/2020 04:15:00,FlowVolume,0.00,,G
02/29/2020 04:20:00,PT Level,0.00,in,G
02/29/2020 04:20:00,Flow_cfs,0.00,,G
02/29/2020 04:20:00,FlowVolume,0.00,,G
02/29/2020 04:25:00,PT Level,0.00,in,G
02/29/2020 04:25:00,Flow_cfs,0.00,,G
02/29/2020 04:25:00,FlowVolume,0.00,,G
02/29/2020 04:30:00,PT Level,0.00,in,G
02/29/2020 04:30:00,Flow_cfs,0.00,,G
02/29/2020 04:30:00,FlowVolume,0.00,,G
02/29/2020 04:35:00,PT Level,0.00,in,G
02/29/2020 04:35:00,Flow_cfs,0.00,,G
02/29/2020 04:35:00,FlowVolume,0.00,,G
02/29/2020 04:40:00,PT Level,0.00,in,G
02/29/2020 04:40:00,Flow_cfs,0.00,,G
02/29/2020 04:40:00,FlowVolume,0.00,,G
02/29/2020 04:45:00,PT Level,0.00,in,G
02/29/2020 04:45:00,Flow_cfs,0.00,,G
02/29/2020 04:45:00,FlowVolume,0.00,,G
02/29/2020 04:50:00,PT Level,0.00,in,G
02/29/2020 04:50:00,Flow_cfs,0.00,,G
02/29/2020 04:50:00,FlowVolume,0.00,,G
02/29/2020 04:55:00,PT Level,0.00,in,G
02/29/2020 04:55:00,Flow_cfs,0.00,,G
02/29/2020 04:55:00,FlowVolume,0.00,,G
02/29/2020 05:00:00,PT Level,0.00,in,G
02/29/2020 05:00:00,Flow_cfs,0.00,,G
02/29/2020 05:00:00,FlowVolume,0.00,,G
02/29/2020 05:05:00,PT Level,0.00,in,G
02/29/2020 05:05:00,Flow_cfs,0.00,,G
02/29/2020 05:05:00,FlowVolume,0.00,,G
02/29/2020 05:10:00,PT Level,0.00,in,G
02/29/2020 05:10:00,Flow_cfs,0.00,,G
02/29/2020 05:10:00,FlowVolume,0.00,,G
02/29/2020 05:15:00,PT Level,0.00,in,G
02/29/2020 05:15:00,Flow_cfs,0.00,,G
02/29/2020 05:15:00,FlowVolume,0.00,,G
02/29/2020 05:20:00,PT Level,0.00,in,G
02/29/2020 05:20:00,Flow_cfs,0.01,,G
02/29/2020 05:20:00,FlowVolume,0.00,,G
02/29/2020 05:25:00,PT Level,-0.00,in,G
02/29/2020 05:25:00,Flow_cfs,0.00,,G
02/29/2020 05:25:00,FlowVolume,0.00,,G
02/29/2020 05:30:00,PT Level,0.00,in,G
02/29/2020 05:30:00,Flow_cfs,0.00,,G
02/29/2020 05:30:00,FlowVolume,0.00,,G
02/29/2020 05:35:00,PT Level,0.00,in,G
02/29/2020 05:35:00,Flow_cfs,0.00,,G
02/29/2020 05:35:00,FlowVolume,0.00,,G
02/29/2020 05:40:00,PT Level,0.00,in,G
02/29/2020 05:40:00,Flow_cfs,0.00,,G
02/29/2020 05:40:00,FlowVolume,0.00,,G
02/29/2020 05:45:00,PT Level,0.00,in,G
02/29/2020 05:45:00,Flow_cfs,0.00,,G
02/29/2020 05:45:00,FlowVolume,0.00,,G
02/29/2020 05:50:00,PT Level,0.00,in,G
02/29/2020 05:50:00,Flow_cfs,0.00,,G
02/29/2020 05:50:00,FlowVolume,0.00,,G
02/29/2020 05:55:00,PT Level,0.00,in,G
02/29/2020 05:55:00,Flow_cfs,0.00,,G
02/29/2020 05:55:00,FlowVolume,0.00,,G
02/29/2020 06:00:00,PT Level,0.00,in,G
02/29/2020 06:00:00,Flow_cfs,0.00,,G
02/29/2020 06:00:00,FlowVolume,0.00,,G
02/29/2020 06:05:00,PT Level,0.00,in,G
02/29/2020 06:05:00,Flow_cfs,0.00,,G
02/29/2020 06:05:00,FlowVolume,0.00,,G
02/29/2020 06:10:00,PT Level,0.00,in,G
02/29/2020 06:10:00,Flow_cfs,0.00,,G
02/29/2020 06:10:00,FlowVolume,0.00,,G
02/29/2020 06:15:00,PT Level,0.00,in,G
02/29/2020 06:15:00,Flow_cfs,0.00,,G
02/29/2020 06:15:00,FlowVolume,0.00,,G
02/29/2020 06:20:00,PT Level,0.00,in,G
02/29/2020 06:20:00,Flow_cfs,0.00,,G
02/29/2020 06:20:00,FlowVolume,0.00,,G
02/29/2020 06:25:00,PT Level,0.00,in,G
02/29/2020 06:25:00,Flow_cfs,0.00,,G
02/29/2020 06:25:00,FlowVolume,0.00,,G
02/29/2020 06:30:00,PT Level,0.00,in,G
02/29/2020 06:30:00,Flow_cfs,0.00,,G
02/29/2020 06:30:00,FlowVolume,0.00,,G
02/29/2020 06:35:00,PT Level,0.00,in,G
02/29/2020 06:35:00,Flow_cfs,0.00,,G
02/29/2020 06:35:00,FlowVolume,0.00,,G
02/29/2020 06:40:00,PT Level,0.00,in,G
02/29/2020 06:40:00,Flow_cfs,0.00,,G
02/29/2020 06:40:00,FlowVolume,0.00,,G
02/29/2020 06:45:00,PT Level,0.00,in,G
02/29/2020 06:45:00,Flow_cfs,0.00,,G
02/29/2020 06:45:00,FlowVolume,0.00,,G
02/29/2020 06:50:00,PT Level,0.00,in,G
02/29/2020 06:50:00,Flow_cfs,0.00,,G
02/29/2020 06:50:00,FlowVolume,0.00,,G
02/29/2020 06:55:00,PT Level,0.00,in,G
02/29/2020 06:55:00,Flow_cfs,0.00,,G
02/29/2020 06:55:00,FlowVolume,0.00,,G
02/29/2020 07:00:00,PT Level,0.00,in,G
02/29/2020 07:00:00,Flow_cfs,0.00,,G
02/29/2020 07:00:00,FlowVolume,0.00,,G
02/29/2020 07:05:00,PT Level,0.00,in,G
02/29/2020 07:05:00,Flow_cfs,0.00,,G
02/29/2020 07:05:00,FlowVolume,0.00,,G
02/29/2020 07:10:00,PT Level,0.00,in,G
02/29/2020 07:10:00,Flow_cfs,0.00,,G
02/29/2020 07:10:00,FlowVolume,0.00,,G
02/29/2020 07:15:00,PT Level,0.00,in,G
02/29/2020 07:15:00,Flow_cfs,0.00,,G
02/29/2020 07:15:00,FlowVolume,0.00,,G
02/29/2020 07:20:00,PT Level,0.00,in,G
02/29/2020 07:20:00,Flow_cfs,0.00,,G
02/29/2020 07:20:00,FlowVolume,0.00,,G
02/29/2020 07:25:00,PT Level,0.00,in,G
02/29/2020 07:25:00,Flow_cfs,0.00,,G
02/29/2020 07:25:00,FlowVolume,0.00,,G
02/29/2020 07:30:00,PT Level,0.00,in,G
02/29/2020 07:30:00,Flow_cfs,0.00,,G
02/29/2020 07:30:00,FlowVolume,0.00,,G
02/29/2020 07:35:00,PT Level,0.00,in,G
02/29/2020 07:35:00,Flow_cfs,0.00,,G
02/29/2020 07:35:00,FlowVolume,0.00,,G
02/29/2020 07:40:00,PT Level,0.00,in,G
02/29/2020 07:40:00,Flow_cfs,0.00,,G
02/29/2020 07:40:00,FlowVolume,0.00,,G
02/29/2020 07:45:00,PT Level,0.00,in,G
02/29/2020 07:45:00,Flow_cfs,0.00,,G
02/29/2020 07:45:00,FlowVolume,0.00,,G
02/29/2020 07:50:00,PT Level,0.00,in,G
02/29/2020 07:50:00,Flow_cfs,0.00,,G
02/29/2020 07:50:00,FlowVolume,0.00,,G
02/29/2020 07:55:00,PT Level,0.00,in,G
02/29/2020 07:55:00,Flow_cfs,0.00,,G
02/29/2020 07:55:00,FlowVolume,0.00,,G
02/29/2020 08:00:00,PT Level,0.00,in,G
02/29/2020 08:00:00,Flow_cfs,0.00,,G
02/29/2020 08:00:00,FlowVolume,0.00,,G
02/29/2020 08:05:00,PT Level,0.00,in,G
02/29/2020 08:05:00,Flow_cfs,0.00,,G
02/29/2020 08:05:00,FlowVolume,0.00,,G
02/29/2020 08:10:00,PT Level,0.00,in,G
02/29/2020 08:10:00,Flow_cfs,0.00,,G
02/29/2020 08:10:00,FlowVolume,0.00,,G
02/29/2020 08:15:00,PT Level,0.00,in,G
02/29/2020 08:15:00,Flow_cfs,0.00,,G
02/29/2020 08:15:00,FlowVolume,0.00,,G
02/29/2020 08:20:00,PT Level,0.00,in,G
02/29/2020 08:20:00,Flow_cfs,0.00,,G
02/29/2020 08:20:00,FlowVolume,0.00,,G
02/29/2020 08:25:00,PT Level,0.00,in,G
02/29/2020 08:25:00,Flow_cfs,0.00,,G
02/29/2020 08:25:00,FlowVolume,0.00,,G
02/29/2020 08:30:00,PT Level,0.00,in,G
02/29/2020 08:30:00,Flow_cfs,0.00,,G
02/29/2020 08:30:00,FlowVolume,0.00,,G
02/29/2020 08:35:00,PT Level,0.00,in,G
02/29/2020 08:35:00,Flow_cfs,0.00,,G
02/29/2020 08:35:00,FlowVolume,0.00,,G
02/29/2020 08:40:00,PT Level,0.00,in,G
02/29/2020 08:40:00,Flow_cfs,0.00,,G
02/29/2020 08:40:00,FlowVolume,0.00,,G
02/29/2020 08:45:00,PT Level,0.00,in,G
02/29/2020 08:45:00,Flow_cfs,0.00,,G
02/29/2020 08:45:00,FlowVolume,0.00,,G
02/29/2020 08:50:00,PT Level,0.00,in,G
02/29/2020 08:50:00,Flow_cfs,0.00,,G
02/29/2020 08:50:00,FlowVolume,0.00,,G
02/29/2020 08:55:00,PT Level,0.00,in,G
02/29/2020 08:55:00,Flow_cfs,0.00,,G
02/29/2020 08:55:00,FlowVolume,0.00,,G
02/29/2020 09:00:00,PT Level,0.00,in,G
02/29/2020 09:00:00,Flow_cfs,0.00,,G
02/29/2020 09:00:00,FlowVolume,0.00,,G
02/29/2020 09:05:00,PT Level,0.00,in,G
02/29/2020 09:05:00,Flow_cfs,0.00,,G
02/29/2020 09:05:00,FlowVolume,0.00,,G
02/29/2020 09:10:00,PT Level,0.00,in,G
02/29/2020 09:10:00,Flow_cfs,0.00,,G
02/29/2020 09:10:00,FlowVolume,0.00,,G
02/29/2020 09:15:00,PT Level,0.00,in,G
02/29/2020 09:15:00,Flow_cfs,0.00,,G
02/29/2020 09:15:00,FlowVolume,0.00,,G
02/29/2020 09:20:00,PT Level,0.00,in,G
02/29/2020 09:20:00,Flow_cfs,0.00,,G
02/29/2020 09:20:00,FlowVolume,0.00,,G
02/29/2020 09:25:00,PT Level,0.00,in,G
02/29/2020 09:25:00,Flow_cfs,0.00,,G
02/29/2020 09:25:00,FlowVolume,0.00,,G
02/29/2020 09:30:00,PT Level,0.00,in,G
02/29/2020 09:30:00,Flow_cfs,0.00,,G
02/29/2020 09:30:00,FlowVolume,0.00,,G
02/29/2020 09:35:00,PT Level,0.00,in,G
02/29/2020 09:35:00,Flow_cfs,0.00,,G
02/29/2020 09:35:00,FlowVolume,0.00,,G
02/29/2020 09:40:00,PT Level,0.00,in,G
02/29/2020 09:40:00,Flow_cfs,0.00,,G
02/29/2020 09:40:00,FlowVolume,0.00,,G
02/29/2020 09:45:00,PT Level,0.00,in,G
02/29/2020 09:45:00,Flow_cfs,0.00,,G
02/29/2020 09:45:00,FlowVolume,0.00,,G
02/29/2020 09:50:00,PT Level,0.00,in,G
02/29/2020 09:50:00,Flow_cfs,0.00,,G
02/29/2020 09:50:00,FlowVolume,0.00,,G
02/29/2020 09:55:00,PT Level,0.00,in,G
02/29/2020 09:55:00,Flow_cfs,0.00,,G
02/29/2020 09:55:00,FlowVolume,0.00,,G
02/29/2020 10:00:00,PT Level,0.00,in,G
02/29/2020 10:00:00,Flow_cfs,0.00,,G
02/29/2020 10:00:00,FlowVolume,0.00,,G
02/29/2020 10:05:00,PT Level,0.00,in,G
02/29/2020 10:05:00,Flow_cfs,0.00,,G
02/29/2020 10:05:00,FlowVolume,0.00,,G
02/29/2020 10:10:00,PT Level,0.00,in,G
02/29/2020 10:10:00,Flow_cfs,0.00,,G
02/29/2020 10:10:00,FlowVolume,0.00,,G
02/29/2020 10:15:00,PT Level,0.00,in,G
02/29/2020 10:15:00,Flow_cfs,0.00,,G
02/29/2020 10:15:00,FlowVolume,0.00,,G
02/29/2020 10:20:00,PT Level,0.00,in,G
02/29/2020 10:20:00,Flow_cfs,0.00,,G
02/29/2020 10:20:00,FlowVolume,0.00,,G
02/29/2020 10:25:00,PT Level,0.00,in,G
02/29/2020 10:25:00,Flow_cfs,0.00,,G
02/29/2020 10:25:00,FlowVolume,0.00,,G
02/29/2020 10:30:00,PT Level,0.00,in,G
02/29/2020 10:30:00,Flow_cfs,0.00,,G
02/29/2020 10:30:00,FlowVolume,0.00,,G
02/29/2020 10:35:00,PT Level,0.00,in,G
02/29/2020 10:35:00,Flow_cfs,0.00,,G
02/29/2020 10:35:00,FlowVolume,0.00,,G
02/29/2020 10:40:00,PT Level,0.00,in,G
02/29/2020 10:40:00,Flow_cfs,0.00,,G
02/29/2020 10:40:00,FlowVolume,0.00,,G
02/29/2020 10:45:00,PT Level,0.00,in,G
02/29/2020 10:45:00,Flow_cfs,0.00,,G
02/29/2020 10:45:00,FlowVolume,0.00,,G
02/29/2020 10:50:00,PT Level,0.00,in,G
02/29/2020 10:50:00,Flow_cfs,0.00,,G
02/29/2020 10:50:00,FlowVolume,0.00,,G
02/29/2020 10:55:00,PT Level,0.00,in,G
02/29/2020 10:55:00,Flow_cfs,0.00,,G
02/29/2020 10:55:00,FlowVolume,0.00,,G
02/29/2020 11:00:00,PT Level,0.00,in,G
02/29/2020 11:00:00,Flow_cfs,0.00,,G
02/29/2020 11:00:00,FlowVolume,0.00,,G
02/29/2020 11:05:00,PT Level,0.00,in,G
02/29/2020 11:05:00,Flow_cfs,0.00,,G
02/29/2020 11:05:00,FlowVolume,0.00,,G
02/29/2020 11:10:00,PT Level,0.00,in,G
02/29/2020 11:10:00,Flow_cfs,0.00,,G
02/29/2020 11:10:00,FlowVolume,0.00,,G
02/29/2020 11:15:00,PT Level,0.00,in,G
02/29/2020 11:15:00,Flow_cfs,0.01,,G
02/29/2020 11:15:00,FlowVolume,0.00,,G
02/29/2020 11:20:00,PT Level,0.00,in,G
02/29/2020 11:20:00,Flow_cfs,0.00,,G
02/29/2020 11:20:00,FlowVolume,0.00,,G
02/29/2020 11:25:00,PT Level,0.00,in,G
02/29/2020 11:25:00,Flow_cfs,0.00,,G
02/29/2020 11:25:00,FlowVolume,0.00,,G
02/29/2020 11:30:00,PT Level,0.00,in,G
02/29/2020 11:30:00,Flow_cfs,0.00,,G
02/29/2020 11:30:00,FlowVolume,0.00,,G
02/29/2020 11:35:00,PT Level,0.00,in,G
02/29/2020 11:35:00,Flow_cfs,0.00,,G
02/29/2020 11:35:00,FlowVolume,0.00,,G
02/29/2020 11:40:00,PT Level,0.00,in,G
02/29/2020 11:40:00,Flow_cfs,0.00,,G
02/29/2020 11:40:00,FlowVolume,0.00,,G
02/29/2020 11:45:00,PT Level,0.00,in,G
02/29/2020 11:45:00,Flow_cfs,0.00,,G
02/29/2020 11:45:00,FlowVolume,0.00,,G
02/29/2020 11:50:00,PT Level,0.00,in,G
02/29/2020 11:50:00,Flow_cfs,0.00,,G
02/29/2020 11:50:00,FlowVolume,0.00,,G
02/29/2020 11:55:00,PT Level,0.00,in,G
02/29/2020 11:55:00,Flow_cfs,0.00,,G
02/29/2020 11:55:00,FlowVolume,0.00,,G
02/29/2020 12:00:00,PT Level,0.00,in,G
02/29/2020 12:00:00,Flow_cfs,0.00,,G
02/29/2020 12:00:00,FlowVolume,0.00,,G
02/29/2020 12:05:00,PT Level,0.00,in,G
02/29/2020 12:05:00,Flow_cfs,0.00,,G
02/29/2020 12:05:00,FlowVolume,0.00,,G
02/29/2020 12:10:00,PT Level,0.00,in,G
02/29/2020 12:10:00,Flow_cfs,0.00,,G
02/29/2020 12:10:00,FlowVolume,0.00,,G
02/29/2020 12:15:00,PT Level,0.00,in,G
02/29/2020 12:15:00,Flow_cfs,0.00,,G
02/29/2020 12:15:00,FlowVolume,0.00,,G
02/29/2020 12:20:00,PT Level,0.00,in,G
02/29/2020 12:20:00,Flow_cfs,0.00,,G
02/29/2020 12:20:00,FlowVolume,0.00,,G
02/29/2020 12:25:00,PT Level,0.00,in,G
02/29/2020 12:25:00,Flow_cfs,0.00,,G
02/29/2020 12:25:00,FlowVolume,0.00,,G
02/29/2020 12:30:00,PT Level,0.00,in,G
02/29/2020 12:30:00,Flow_cfs,0.00,,G
02/29/2020 12:30:00,FlowVolume,0.00,,G
02/29/2020 12:35:00,PT Level,0.00,in,G
02/29/2020 12:35:00,Flow_cfs,0.00,,G
02/29/2020 12:35:00,FlowVolume,0.00,,G
02/29/2020 12:40:00,PT Level,0.00,in,G
02/29/2020 12:40:00,Flow_cfs,0.00,,G
02/29/2020 12:40:00,FlowVolume,0.00,,G
02/29/2020 12:45:00,PT Level,0.00,in,G
02/29/2020 12:45:00,Flow_cfs,0.00,,G
02/29/2020 12:45:00,FlowVolume,0.00,,G
02/29/2020 12:50:00,PT Level,0.00,in,G
02/29/2020 12:50:00,Flow_cfs,0.00,,G
02/29/2020 12:50:00,FlowVolume,0.00,,G
02/29/2020 12:55:00,PT Level,0.00,in,G
02/29/2020 12:55:00,Flow_cfs,0.00,,G
02/29/2020 12:55:00,FlowVolume,0.00,,G
02/29/2020 13:00:00,PT Level,0.00,in,G
02/29/2020 13:00:00,Flow_cfs,0.00,,G
02/29/2020 13:00:00,FlowVolume,0.00,,G
02/29/2020 13:05:00,PT Level,0.00,in,G
02/29/2020 13:05:00,Flow_cfs,0.00,,G
02/29/2020 13:05:00,FlowVolume,0.00,,G
02/29/2020 13:10:00,PT Level,0.00,in,G
02/29/2020 13:10:00,Flow_cfs,0.00,,G
02/29/2020 13:10:00,FlowVolume,0.00,,G
02/29/2020 13:15:00,PT Level,0.00,in,G
02/29/2020 13:15:00,Flow_cfs,0.00,,G
02/29/2020 13:15:00,FlowVolume,0.00,,G
02/29/2020 13:20:00,PT Level,0.00,in,G
02/29/2020 13:20:00,Flow_cfs,0.00,,G
02/29/2020 13:20:00,FlowVolume,0.00,,G
02/29/2020 13:25:00,PT Level,0.00,in,G
02/29/2020 13:25:00,Flow_cfs,0.00,,G
02/29/2020 13:25:00,FlowVolume,0.00,,G
02/29/2020 13:30:00,PT Level,0.00,in,G
02/29/2020 13:30:00,Flow_cfs,0.00,,G
02/29/2020 13:30:00,FlowVolume,0.00,,G
02/29/2020 13:35:00,PT Level,0.00,in,G
02/29/2020 13:35:00,Flow_cfs,0.00,,G
02/29/2020 13:35:00,FlowVolume,0.00,,G
02/29/2020 13:40:00,PT Level,0.00,in,G
02/29/2020 13:40:00,Flow_cfs,0.00,,G
02/29/2020 13:40:00,FlowVolume,0.00,,G
02/29/2020 13:45:00,PT Level,0.00,in,G
02/29/2020 13:45:00,Flow_cfs,0.00,,G
02/29/2020 13:45:00,FlowVolume,0.00,,G
02/29/2020 13:50:00,PT Level,0.00,in,G
02/29/2020 13:50:00,Flow_cfs,0.00,,G
02/29/2020 13:50:00,FlowVolume,0.00,,G
02/29/2020 13:55:00,PT Level,0.00,in,G
02/29/2020 13:55:00,Flow_cfs,0.00,,G
02/29/2020 13:55:00,FlowVolume,0.00,,G
02/29/2020 14:00:00,PT Level,0.00,in,G
02/29/2020 14:00:00,Flow_cfs,0.00,,G
02/29/2020 14:00:00,FlowVolume,0.00,,G
02/29/2020 14:05:00,PT Level,0.00,in,G
02/29/2020 14:05:00,Flow_cfs,0.00,,G
02/29/2020 14:05:00,FlowVolume,0.00,,G
02/29/2020 14:10:00,PT Level,0.00,in,G
02/29/2020 14:10:00,Flow_cfs,0.00,,G
02/29/2020 14:10:00,FlowVolume,0.00,,G
02/29/2020 14:15:00,PT Level,0.00,in,G
02/29/2020 14:15:00,Flow_cfs,0.01,,G
02/29/2020 14:15:00,FlowVolume,0.00,,G
02/29/2020 14:20:00,PT Level,0.00,in,G
02/29/2020 14:20:00,Flow_cfs,0.00,,G
02/29/2020 14:20:00,FlowVolume,0.00,,G
02/29/2020 14:25:00,PT Level,0.00,in,G
02/29/2020 14:25:00,Flow_cfs,0.00,,G
02/29/2020 14:25:00,FlowVolume,0.00,,G
02/29/2020 14:30:00,PT Level,0.00,in,G
02/29/2020 14:30:00,Flow_cfs,0.00,,G
02/29/2020 14:30:00,FlowVolume,0.00,,G
02/29/2020 14:35:00,PT Level,0.00,in,G
02/29/2020 14:35:00,Flow_cfs,0.00,,G
02/29/2020 14:35:00,FlowVolume,0.00,,G
02/29/2020 14:40:00,PT Level,0.00,in,G
02/29/2020 14:40:00,Flow_cfs,0.00,,G
02/29/2020 14:40:00,FlowVolume,0.00,,G
02/29/2020 14:45:00,PT Level,0.00,in,G
02/29/2020 14:45:00,Flow_cfs,0.00,,G
02/29/2020 14:45:00,FlowVolume,0.00,,G
02/29/2020 14:50:00,PT Level,0.00,in,G
02/29/2020 14:50:00,Flow_cfs,0.00,,G
02/29/2020 14:50:00,FlowVolume,0.00,,G
02/29/2020 14:55:00,PT Level,0.00,in,G
02/29/2020 14:55:00,Flow_cfs,0.00,,G
02/29/2020 14:55:00,FlowVolume,0.00,,G
02/29/2020 15:00:00,PT Level,0.00,in,G
02/29/2020 15:00:00,Flow_cfs,0.00,,G
02/29/2020 15:00:00,FlowVolume,0.00,,G
02/29/2020 15:05:00,PT Level,0.00,in,G
02/29/2020 15:05:00,Flow_cfs,0.00,,G
02/29/2020 15:05:00,FlowVolume,0.00,,G
02/29/2020 15:10:00,PT Level,0.00,in,G
02/29/2020 15:10:00,Flow_cfs,0.00,,G
02/29/2020 15:10:00,FlowVolume,0.00,,G
02/29/2020 15:15:00,PT Level,0.00,in,G
02/29/2020 15:15:00,Flow_cfs,0.00,,G
02/29/2020 15:15:00,FlowVolume,0.00,,G
02/29/2020 15:20:00,PT Level,0.00,in,G
02/29/2020 15:20:00,Flow_cfs,0.00,,G
02/29/2020 15:20:00,FlowVolume,0.00,,G
02/29/2020 15:25:00,PT Level,0.00,in,G
02/29/2020 15:25:00,Flow_cfs,0.00,,G
02/29/2020 15:25:00,FlowVolume,0.00,,G
02/29/2020 15:30:00,PT Level,0.00,in,G
02/29/2020 15:30:00,Flow_cfs,0.00,,G
02/29/2020 15:30:00,FlowVolume,0.00,,G
02/29/2020 15:35:00,PT Level,-0.00,in,G
02/29/2020 15:35:00,Flow_cfs,0.00,,G
02/29/2020 15:35:00,FlowVolume,0.00,,G
02/29/2020 15:40:00,PT Level,-0.00,in,G
02/29/2020 15:40:00,Flow_cfs,0.00,,G
02/29/2020 15:40:00,FlowVolume,0.00,,G
02/29/2020 15:45:00,PT Level,-0.00,in,G
02/29/2020 15:45:00,Flow_cfs,0.00,,G
02/29/2020 15:45:00,FlowVolume,0.00,,G
02/29/2020 15:50:00,PT Level,-0.00,in,G
02/29/2020 15:50:00,Flow_cfs,0.00,,G
02/29/2020 15:50:00,FlowVolume,0.00,,G
02/29/2020 15:55:00,PT Level,-0.00,in,G
02/29/2020 15:55:00,Flow_cfs,0.00,,G
02/29/2020 15:55:00,FlowVolume,0.00,,G
02/29/2020 16:00:00,PT Level,0.00,in,G
02/29/2020 16:00:00,Flow_cfs,0.00,,G
02/29/2020 16:00:00,FlowVolume,0.00,,G
02/29/2020 16:05:00,PT Level,0.00,in,G
02/29/2020 16:05:00,Flow_cfs,0.00,,G
02/29/2020 16:05:00,FlowVolume,0.00,,G
02/29/2020 16:10:00,PT Level,-0.00,in,G
02/29/2020 16:10:00,Flow_cfs,0.00,,G
02/29/2020 16:10:00,FlowVolume,0.00,,G
02/29/2020 16:15:00,PT Level,-0.00,in,G
02/29/2020 16:15:00,Flow_cfs,0.00,,G
02/29/2020 16:15:00,FlowVolume,0.00,,G
02/29/2020 16:20:00,PT Level,-0.00,in,G
02/29/2020 16:20:00,Flow_cfs,0.00,,G
02/29/2020 16:20:00,FlowVolume,0.00,,G
02/29/2020 16:25:00,PT Level,0.00,in,G
02/29/2020 16:25:00,Flow_cfs,0.00,,G
02/29/2020 16:25:00,FlowVolume,0.00,,G
02/29/2020 16:30:00,PT Level,-0.00,in,G
02/29/2020 16:30:00,Flow_cfs,0.00,,G
02/29/2020 16:30:00,FlowVolume,0.00,,G
02/29/2020 16:35:00,PT Level,0.00,in,G
02/29/2020 16:35:00,Flow_cfs,0.00,,G
02/29/2020 16:35:00,FlowVolume,0.00,,G
02/29/2020 16:40:00,PT Level,-0.00,in,G
02/29/2020 16:40:00,Flow_cfs,0.00,,G
02/29/2020 16:40:00,FlowVolume,0.00,,G
02/29/2020 16:45:00,PT Level,0.00,in,G
02/29/2020 16:45:00,Flow_cfs,0.00,,G
02/29/2020 16:45:00,FlowVolume,0.00,,G
02/29/2020 16:50:00,PT Level,0.00,in,G
02/29/2020 16:50:00,Flow_cfs,0.00,,G
02/29/2020 16:50:00,FlowVolume,0.00,,G
02/29/2020 16:55:00,PT Level,0.00,in,G
02/29/2020 16:55:00,Flow_cfs,0.00,,G
02/29/2020 16:55:00,FlowVolume,0.00,,G
02/29/2020 17:00:00,PT Level,0.00,in,G
02/29/2020 17:00:00,Flow_cfs,0.00,,G
02/29/2020 17:00:00,FlowVolume,0.00,,G
02/29/2020 17:05:00,PT Level,-0.00,in,G
02/29/2020 17:05:00,Flow_cfs,0.00,,G
02/29/2020 17:05:00,FlowVolume,0.00,,G
02/29/2020 17:10:00,PT Level,-0.00,in,G
02/29/2020 17:10:00,Flow_cfs,0.00,,G
02/29/2020 17:10:00,FlowVolume,0.00,,G
02/29/2020 17:15:00,PT Level,0.00,in,G
02/29/2020 17:15:00,Flow_cfs,0.00,,G
02/29/2020 17:15:00,FlowVolume,0.00,,G
02/29/2020 17:20:00,PT Level,-0.00,in,G
02/29/2020 17:20:00,Flow_cfs,0.00,,G
02/29/2020 17:20:00,FlowVolume,0.00,,G
02/29/2020 17:25:00,PT Level,0.00,in,G
02/29/2020 17:25:00,Flow_cfs,0.00,,G
02/29/2020 17:25:00,FlowVolume,0.00,,G
02/29/2020 17:30:00,PT Level,-0.00,in,G
02/29/2020 17:30:00,Flow_cfs,0.00,,G
02/29/2020 17:30:00,FlowVolume,0.00,,G
02/29/2020 17:35:00,PT Level,-0.00,in,G
02/29/2020 17:35:00,Flow_cfs,0.00,,G
02/29/2020 17:35:00,FlowVolume,0.00,,G
02/29/2020 17:40:00,PT Level,0.00,in,G
02/29/2020 17:40:00,Flow_cfs,0.00,,G
02/29/2020 17:40:00,FlowVolume,0.00,,G
02/29/2020 17:45:00,PT Level,-0.00,in,G
02/29/2020 17:45:00,Flow_cfs,0.00,,G
02/29/2020 17:45:00,FlowVolume,0.00,,G
02/29/2020 17:50:00,PT Level,-0.00,in,G
02/29/2020 17:50:00,Flow_cfs,0.00,,G
02/29/2020 17:50:00,FlowVolume,0.00,,G
02/29/2020 17:55:00,PT Level,-0.00,in,G
02/29/2020 17:55:00,Flow_cfs,0.00,,G
02/29/2020 17:55:00,FlowVolume,0.00,,G
02/29/2020 18:00:00,PT Level,-0.00,in,G
02/29/2020 18:00:00,Flow_cfs,0.00,,G
02/29/2020 18:00:00,FlowVolume,0.00,,G
02/29/2020 18:05:00,PT Level,0.00,in,G
02/29/2020 18:05:00,Flow_cfs,0.00,,G
02/29/2020 18:05:00,FlowVolume,0.00,,G
02/29/2020 18:10:00,PT Level,-0.00,in,G
02/29/2020 18:10:00,Flow_cfs,0.00,,G
02/29/2020 18:10:00,FlowVolume,0.00,,G
02/29/2020 18:15:00,PT Level,0.00,in,G
02/29/2020 18:15:00,Flow_cfs,0.00,,G
02/29/2020 18:15:00,FlowVolume,0.00,,G
02/29/2020 18:20:00,PT Level,0.00,in,G
02/29/2020 18:20:00,Flow_cfs,0.00,,G
02/29/2020 18:20:00,FlowVolume,0.00,,G
02/29/2020 18:25:00,PT Level,0.00,in,G
02/29/2020 18:25:00,Flow_cfs,0.00,,G
02/29/2020 18:25:00,FlowVolume,0.00,,G
02/29/2020 18:30:00,PT Level,0.00,in,G
02/29/2020 18:30:00,Flow_cfs,0.00,,G
02/29/2020 18:30:00,FlowVolume,0.00,,G
02/29/2020 18:35:00,PT Level,-0.00,in,G
02/29/2020 18:35:00,Flow_cfs,0.00,,G
02/29/2020 18:35:00,FlowVolume,0.00,,G
02/29/2020 18:40:00,PT Level,0.00,in,G
02/29/2020 18:40:00,Flow_cfs,0.00,,G
02/29/2020 18:40:00,FlowVolume,0.00,,G
02/29/2020 18:45:00,PT Level,0.00,in,G
02/29/2020 18:45:00,Flow_cfs,0.00,,G
02/29/2020 18:45:00,FlowVolume,0.00,,G
02/29/2020 18:50:00,PT Level,0.00,in,G
02/29/2020 18:50:00,Flow_cfs,0.00,,G
02/29/2020 18:50:00,FlowVolume,0.00,,G
02/29/2020 18:55:00,PT Level,-0.00,in,G
02/29/2020 18:55:00,Flow_cfs,0.00,,G
02/29/2020 18:55:00,FlowVolume,0.00,,G
02/29/2020 19:00:00,PT Level,0.00,in,G
02/29/2020 19:00:00,Flow_cfs,0.00,,G
02/29/2020 19:00:00,FlowVolume,0.00,,G
02/29/2020 19:05:00,PT Level,0.00,in,G
02/29/2020 19:05:00,Flow_cfs,0.00,,G
02/29/2020 19:05:00,FlowVolume,0.00,,G
02/29/2020 19:10:00,PT Level,0.00,in,G
02/29/2020 19:10:00,Flow_cfs,0.00,,G
02/29/2020 19:10:00,FlowVolume,0.00,,G
02/29/2020 19:15:00,PT Level,0.00,in,G
02/29/2020 19:15:00,Flow_cfs,0.00,,G
02/29/2020 19:15:00,FlowVolume,0.00,,G
02/29/2020 19:20:00,PT Level,0.00,in,G
02/29/2020 19:20:00,Flow_cfs,0.00,,G
02/29/2020 19:20:00,FlowVolume,0.00,,G
02/29/2020 19:25:00,PT Level,0.00,in,G
02/29/2020 19:25:00,Flow_cfs,0.00,,G
02/29/2020 19:25:00,FlowVolume,0.00,,G
02/29/2020 19:30:00,PT Level,-0.00,in,G
02/29/2020 19:30:00,Flow_cfs,0.00,,G
02/29/2020 19:30:00,FlowVolume,0.00,,G
02/29/2020 19:35:00,PT Level,-0.00,in,G
02/29/2020 19:35:00,Flow_cfs,0.00,,G
02/29/2020 19:35:00,FlowVolume,0.00,,G
02/29/2020 19:40:00,PT Level,0.00,in,G
02/29/2020 19:40:00,Flow_cfs,0.00,,G
02/29/2020 19:40:00,FlowVolume,0.00,,G
02/29/2020 19:45:00,PT Level,0.00,in,G
02/29/2020 19:45:00,Flow_cfs,0.00,,G
02/29/2020 19:45:00,FlowVolume,0.00,,G
02/29/2020 19:50:00,PT Level,0.00,in,G
02/29/2020 19:50:00,Flow_cfs,0.00,,G
02/29/2020 19:50:00,FlowVolume,0.00,,G
02/29/2020 19:55:00,PT Level,0.00,in,G
02/29/2020 19:55:00,Flow_cfs,0.00,,G
02/29/2020 19:55:00,FlowVolume,0.00,,G
02/29/2020 20:00:00,PT Level,0.00,in,G
02/29/2020 20:00:00,Flow_cfs,0.00,,G
02/29/2020 20:00:00,FlowVolume,0.00,,G
02/29/2020 20:05:00,PT Level,0.00,in,G
02/29/2020 20:05:00,Flow_cfs,0.00,,G
02/29/2020 20:05:00,FlowVolume,0.00,,G
02/29/2020 20:10:00,PT Level,0.00,in,G
02/29/2020 20:10:00,Flow_cfs,0.00,,G
02/29/2020 20:10:00,FlowVolume,0.00,,G
02/29/2020 20:15:00,PT Level,0.00,in,G
02/29/2020 20:15:00,Flow_cfs,0.00,,G
02/29/2020 20:15:00,FlowVolume,0.00,,G
02/29/2020 20:20:00,PT Level,0.00,in,G
02/29/2020 20:20:00,Flow_cfs,0.00,,G
02/29/2020 20:20:00,FlowVolume,0.00,,G
02/29/2020 20:25:00,PT Level,0.00,in,G
02/29/2020 20:25:00,Flow_cfs,0.00,,G
02/29/2020 20:25:00,FlowVolume,0.00,,G
02/29/2020 20:30:00,PT Level,0.00,in,G
02/29/2020 20:30:00,Flow_cfs,0.00,,G
02/29/2020 20:30:00,FlowVolume,0.00,,G
02/29/2020 20:35:00,PT Level,0.00,in,G
02/29/2020 20:35:00,Flow_cfs,0.00,,G
02/29/2020 20:35:00,FlowVolume,0.00,,G
02/29/2020 20:40:00,PT Level,0.00,in,G
02/29/2020 20:40:00,Flow_cfs,0.00,,G
02/29/2020 20:40:00,FlowVolume,0.00,,G
02/29/2020 20:45:00,PT Level,0.00,in,G
02/29/2020 20:45:00,Flow_cfs,0.00,,G
02/29/2020 20:45:00,FlowVolume,0.00,,G
02/29/2020 20:50:00,PT Level,0.00,in,G
02/29/2020 20:50:00,Flow_cfs,0.00,,G
02/29/2020 20:50:00,FlowVolume,0.00,,G
02/29/2020 20:55:00,PT Level,0.00,in,G
02/29/2020 20:55:00,Flow_cfs,0.00,,G
02/29/2020 20:55:00,FlowVolume,0.00,,G
02/29/2020 21:00:00,PT Level,0.00,in,G
02/29/2020 21:00:00,Flow_cfs,0.00,,G
02/29/2020 21:00:00,FlowVolume,0.00,,G
02/29/2020 21:05:00,PT Level,0.00,in,G
02/29/2020 21:05:00,Flow_cfs,0.00,,G
02/29/2020 21:05:00,FlowVolume,0.00,,G
02/29/2020 21:10:00,PT Level,0.00,in,G
02/29/2020 21:10:00,Flow_cfs,0.00,,G
02/29/2020 21:10:00,FlowVolume,0.00,,G
02/29/2020 21:15:00,PT Level,0.00,in,G
02/29/2020 21:15:00,Flow_cfs,0.00,,G
02/29/2020 21:15:00,FlowVolume,0.00,,G
02/29/2020 21:20:00,PT Level,0.00,in,G
02/29/2020 21:20:00,Flow_cfs,0.00,,G
02/29/2020 21:20:00,FlowVolume,0.00,,G
02/29/2020 21:25:00,PT Level,0.00,in,G
02/29/2020 21:25:00,Flow_cfs,0.00,,G
02/29/2020 21:25:00,FlowVolume,0.00,,G
02/29/2020 21:30:00,PT Level,0.00,in,G
02/29/2020 21:30:00,Flow_cfs,0.00,,G
02/29/2020 21:30:00,FlowVolume,0.00,,G
02/29/2020 21:35:00,PT Level,0.00,in,G
02/29/2020 21:35:00,Flow_cfs,0.00,,G
02/29/2020 21:35:00,FlowVolume,0.00,,G
02/29/2020 21:40:00,PT Level,0.00,in,G
02/29/2020 21:40:00,Flow_cfs,0.00,,G
02/29/2020 21:40:00,FlowVolume,0.00,,G
02/29/2020 21:45:00,PT Level,0.00,in,G
02/29/2020 21:45:00,Flow_cfs,0.00,,G
02/29/2020 21:45:00,FlowVolume,0.00,,G
02/29/2020 21:50:00,PT Level,0.00,in,G
02/29/2020 21:50:00,Flow_cfs,0.00,,G
02/29/2020 21:50:00,FlowVolume,0.00,,G
02/29/2020 21:55:00,PT Level,0.00,in,G
02/29/2020 21:55:00,Flow_cfs,0.00,,G
02/29/2020 21:55:00,FlowVolume,0.00,,G
02/29/2020 22:00:00,PT Level,0.00,in,G
02/29/2020 22:00:00,Flow_cfs,0.00,,G
02/29/2020 22:00:00,FlowVolume,0.00,,G
02/29/2020 22:05:00,PT Level,0.00,in,G
02/29/2020 22:05:00,Flow_cfs,0.00,,G
02/29/2020 22:05:00,FlowVolume,0.00,,G
02/29/2020 22:10:00,PT Level,0.00,in,G
02/29/2020 22:10:00,Flow_cfs,0.00,,G
02/29/2020 22:10:00,FlowVolume,0.00,,G
02/29/2020 22:15:00,PT Level,0.00,in,G
02/29/2020 22:15:00,Flow_cfs,0.00,,G
02/29/2020 22:15:00,FlowVolume,0.00,,G
02/29/2020 22:20:00,PT Level,0.00,in,G
02/29/2020 22:20:00,Flow_cfs,0.00,,G
02/29/2020 22:20:00,FlowVolume,0.00,,G
02/29/2020 22:25:00,PT Level,0.00,in,G
02/29/2020 22:25:00,Flow_cfs,0.00,,G
02/29/2020 22:25:00,FlowVolume,0.00,,G
02/29/2020 22:30:00,PT Level,0.00,in,G
02/29/2020 22:30:00,Flow_cfs,0.01,,G
02/29/2020 22:30:00,FlowVolume,0.00,,G
02/29/2020 22:35:00,PT Level,0.00,in,G
02/29/2020 22:35:00,Flow_cfs,0.00,,G
02/29/2020 22:35:00,FlowVolume,0.00,,G
02/29/2020 22:40:00,PT Level,0.00,in,G
02/29/2020 22:40:00,Flow_cfs,0.00,,G
02/29/2020 22:40:00,FlowVolume,0.00,,G
02/29/2020 22:45:00,PT Level,0.00,in,G
02/29/2020 22:45:00,Flow_cfs,0.00,,G
02/29/2020 22:45:00,FlowVolume,0.00,,G
02/29/2020 22:50:00,PT Level,0.00,in,G
02/29/2020 22:50:00,Flow_cfs,0.00,,G
02/29/2020 22:50:00,FlowVolume,0.00,,G
02/29/2020 22:55:00,PT Level,0.00,in,G
02/29/2020 22:55:00,Flow_cfs,0.01,,G
02/29/2020 22:55:00,FlowVolume,0.00,,G
02/29/2020 23:00:00,PT Level,0.00,in,G
02/29/2020 23:00:00,Flow_cfs,0.00,,G
02/29/2020 23:00:00,FlowVolume,0.00,,G
02/29/2020 23:05:00,PT Level,0.00,in,G
02/29/2020 23:05:00,Flow_cfs,0.00,,G
02/29/2020 23:05:00,FlowVolume,0.00,,G
02/29/2020 23:10:00,PT Level,0.00,in,G
02/29/2020 23:10:00,Flow_cfs,0.00,,G
02/29/2020 23:10:00,FlowVolume,0.00,,G
02/29/2020 23:15:00,PT Level,0.00,in,G
02/29/2020 23:15:00,Flow_cfs,0.00,,G
02/29/2020 23:15:00,FlowVolume,0.00,,G
02/29/2020 23:20:00,PT Level,0.00,in,G
02/29/2020 23:20:00,Flow_cfs,0.01,,G
02/29/2020 23:20:00,FlowVolume,0.00,,G
02/29/2020 23:25:00,PT Level,0.00,in,G
02/29/2020 23:25:00,Flow_cfs,0.00,,G
02/29/2020 23:25:00,FlowVolume,0.00,,G
02/29/2020 23:30:00,PT Level,0.00,in,G
02/29/2020 23:30:00,Flow_cfs,0.00,,G
02/29/2020 23:30:00,FlowVolume,0.00,,G
02/29/2020 23:35:00,PT Level,0.00,in,G
02/29/2020 23:35:00,Flow_cfs,0.00,,G
02/29/2020 23:35:00,FlowVolume,0.00,,G
02/29/2020 23:40:00,PT Level,0.00,in,G
02/29/2020 23:40:00,Flow_cfs,0.00,,G
02/29/2020 23:40:00,FlowVolume,0.00,,G
02/29/2020 23:45:00,PT Level,0.00,in,G
02/29/2020 23:45:00,Flow_cfs,0.00,,G
02/29/2020 23:45:00,FlowVolume,0.00,,G
02/29/2020 23:50:00,PT Level,0.00,in,G
02/29/2020 23:50:00,Flow_cfs,0.00,,G
02/29/2020 23:50:00,FlowVolume,0.00,,G
02/29/2020 23:55:00,PT Level,0.00,in,G
02/29/2020 23:55:00,Flow_cfs,0.00,,G
02/29/2020 23:55:00,FlowVolume,0.00,,G
03/01/2020 00:00:00,PT Level,0.00,in,G
03/01/2020 00:00:00,Flow_cfs,0.00,,G
03/01/2020 00:00:00,FlowVolume,0.00,,G
03/01/2020 00:05:00,PT Level,0.00,in,G
03/01/2020 00:05:00,Flow_cfs,0.00,,G
03/01/2020 00:05:00,FlowVolume,0.00,,G
03/01/2020 00:10:00,PT Level,0.00,in,G
03/01/2020 00:10:00,Flow_cfs,0.00,,G
03/01/2020 00:10:00,FlowVolume,0.00,,G
03/01/2020 00:15:00,PT Level,0.00,in,G
03/01/2020 00:15:00,Flow_cfs,0.00,,G
03/01/2020 00:15:00,FlowVolume,0.00,,G
03/01/2020 00:20:00,PT Level,0.00,in,G
03/01/2020 00:20:00,Flow_cfs,0.00,,G
03/01/2020 00:20:00,FlowVolume,0.00,,G
03/01/2020 00:25:00,PT Level,0.00,in,G
03/01/2020 00:25:00,Flow_cfs,0.00,,G
03/01/2020 00:25:00,FlowVolume,0.00,,G
03/01/2020 00:30:00,PT Level,0.00,in,G
03/01/2020 00:30:00,Flow_cfs,0.00,,G
03/01/2020 00:30:00,FlowVolume,0.00,,G
03/01/2020 00:35:00,PT Level,0.00,in,G
03/01/2020 00:35:00,Flow_cfs,0.00,,G
03/01/2020 00:35:00,FlowVolume,0.00,,G
03/01/2020 00:40:00,PT Level,0.00,in,G
03/01/2020 00:40:00,Flow_cfs,0.00,,G
03/01/2020 00:40:00,FlowVolume,0.00,,G
03/01/2020 00:45:00,PT Level,0.00,in,G
03/01/2020 00:45:00,Flow_cfs,0.00,,G
03/01/2020 00:45:00,FlowVolume,0.00,,G
03/01/2020 00:50:00,PT Level,0.00,in,G
03/01/2020 00:50:00,Flow_cfs,0.00,,G
03/01/2020 00:50:00,FlowVolume,0.00,,G
03/01/2020 00:55:00,PT Level,0.00,in,G
03/01/2020 00:55:00,Flow_cfs,0.00,,G
03/01/2020 00:55:00,FlowVolume,0.00,,G
03/01/2020 01:00:00,PT Level,0.00,in,G
03/01/2020 01:00:00,Flow_cfs,0.00,,G
03/01/2020 01:00:00,FlowVolume,0.00,,G
03/01/2020 01:05:00,PT Level,0.00,in,G
03/01/2020 01:05:00,Flow_cfs,0.00,,G
03/01/2020 01:05:00,FlowVolume,0.00,,G
03/01/2020 01:10:00,PT Level,0.00,in,G
03/01/2020 01:10:00,Flow_cfs,0.00,,G
03/01/2020 01:10:00,FlowVolume,0.00,,G
03/01/2020 01:15:00,PT Level,0.00,in,G
03/01/2020 01:15:00,Flow_cfs,0.00,,G
03/01/2020 01:15:00,FlowVolume,0.00,,G
03/01/2020 01:20:00,PT Level,0.00,in,G
03/01/2020 01:20:00,Flow_cfs,0.00,,G
03/01/2020 01:20:00,FlowVolume,0.00,,G
03/01/2020 01:25:00,PT Level,0.00,in,G
03/01/2020 01:25:00,Flow_cfs,0.00,,G
03/01/2020 01:25:00,FlowVolume,0.00,,G
03/01/2020 01:30:00,PT Level,0.00,in,G
03/01/2020 01:30:00,Flow_cfs,0.00,,G
03/01/2020 01:30:00,FlowVolume,0.00,,G
03/01/2020 01:35:00,PT Level,0.00,in,G
03/01/2020 01:35:00,Flow_cfs,0.00,,G
03/01/2020 01:35:00,FlowVolume,0.00,,G
03/01/2020 01:40:00,PT Level,0.00,in,G
03/01/2020 01:40:00,Flow_cfs,0.00,,G
03/01/2020 01:40:00,FlowVolume,0.00,,G
03/01/2020 01:45:00,PT Level,0.00,in,G
03/01/2020 01:45:00,Flow_cfs,0.00,,G
03/01/2020 01:45:00,FlowVolume,0.00,,G
03/01/2020 01:50:00,PT Level,0.00,in,G
03/01/2020 01:50:00,Flow_cfs,0.00,,G
03/01/2020 01:50:00,FlowVolume,0.00,,G
03/01/2020 01:55:00,PT Level,-0.00,in,G
03/01/2020 01:55:00,Flow_cfs,0.00,,G
03/01/2020 01:55:00,FlowVolume,0.00,,G
03/01/2020 02:00:00,PT Level,0.00,in,G
03/01/2020 02:00:00,Flow_cfs,0.00,,G
03/01/2020 02:00:00,FlowVolume,0.00,,G
03/01/2020 02:05:00,PT Level,0.00,in,G
03/01/2020 02:05:00,Flow_cfs,0.00,,G
03/01/2020 02:05:00,FlowVolume,0.00,,G
03/01/2020 02:10:00,PT Level,0.00,in,G
03/01/2020 02:10:00,Flow_cfs,0.00,,G
03/01/2020 02:10:00,FlowVolume,0.00,,G
03/01/2020 02:15:00,PT Level,0.00,in,G
03/01/2020 02:15:00,Flow_cfs,0.00,,G
03/01/2020 02:15:00,FlowVolume,0.00,,G
03/01/2020 02:20:00,PT Level,0.00,in,G
03/01/2020 02:20:00,Flow_cfs,0.00,,G
03/01/2020 02:20:00,FlowVolume,0.00,,G
03/01/2020 02:25:00,PT Level,-0.00,in,G
03/01/2020 02:25:00,Flow_cfs,0.00,,G
03/01/2020 02:25:00,FlowVolume,0.00,,G
03/01/2020 02:30:00,PT Level,-0.00,in,G
03/01/2020 02:30:00,Flow_cfs,0.00,,G
03/01/2020 02:30:00,FlowVolume,0.00,,G
03/01/2020 02:35:00,PT Level,0.00,in,G
03/01/2020 02:35:00,Flow_cfs,0.00,,G
03/01/2020 02:35:00,FlowVolume,0.00,,G
03/01/2020 02:40:00,PT Level,0.00,in,G
03/01/2020 02:40:00,Flow_cfs,0.00,,G
03/01/2020 02:40:00,FlowVolume,0.00,,G
03/01/2020 02:45:00,PT Level,0.00,in,G
03/01/2020 02:45:00,Flow_cfs,0.00,,G
03/01/2020 02:45:00,FlowVolume,0.00,,G
03/01/2020 02:50:00,PT Level,0.00,in,G
03/01/2020 02:50:00,Flow_cfs,0.00,,G
03/01/2020 02:50:00,FlowVolume,0.00,,G
03/01/2020 02:55:00,PT Level,0.00,in,G
03/01/2020 02:55:00,Flow_cfs,0.00,,G
03/01/2020 02:55:00,FlowVolume,0.00,,G
03/01/2020 03:00:00,PT Level,0.00,in,G
03/01/2020 03:00:00,Flow_cfs,0.00,,G
03/01/2020 03:00:00,FlowVolume,0.00,,G
03/01/2020 03:05:00,PT Level,0.00,in,G
03/01/2020 03:05:00,Flow_cfs,0.00,,G
03/01/2020 03:05:00,FlowVolume,0.00,,G
03/01/2020 03:10:00,PT Level,0.00,in,G
03/01/2020 03:10:00,Flow_cfs,0.00,,G
03/01/2020 03:10:00,FlowVolume,0.00,,G
03/01/2020 03:15:00,PT Level,0.00,in,G
03/01/2020 03:15:00,Flow_cfs,0.00,,G
03/01/2020 03:15:00,FlowVolume,0.00,,G
03/01/2020 03:20:00,PT Level,0.00,in,G
03/01/2020 03:20:00,Flow_cfs,0.00,,G
03/01/2020 03:20:00,FlowVolume,0.00,,G
03/01/2020 03:25:00,PT Level,0.00,in,G
03/01/2020 03:25:00,Flow_cfs,0.00,,G
03/01/2020 03:25:00,FlowVolume,0.00,,G
03/01/2020 03:30:00,PT Level,0.00,in,G
03/01/2020 03:30:00,Flow_cfs,0.00,,G
03/01/2020 03:30:00,FlowVolume,0.00,,G
03/01/2020 03:35:00,PT Level,0.00,in,G
03/01/2020 03:35:00,Flow_cfs,0.00,,G
03/01/2020 03:35:00,FlowVolume,0.00,,G
03/01/2020 03:40:00,PT Level,-0.00,in,G
03/01/2020 03:40:00,Flow_cfs,0.00,,G
03/01/2020 03:40:00,FlowVolume,0.00,,G
03/01/2020 03:45:00,PT Level,0.00,in,G
03/01/2020 03:45:00,Flow_cfs,0.00,,G
03/01/2020 03:45:00,FlowVolume,0.00,,G
03/01/2020 03:50:00,PT Level,0.00,in,G
03/01/2020 03:50:00,Flow_cfs,0.00,,G
03/01/2020 03:50:00,FlowVolume,0.00,,G
03/01/2020 03:55:00,PT Level,0.00,in,G
03/01/2020 03:55:00,Flow_cfs,0.00,,G
03/01/2020 03:55:00,FlowVolume,0.00,,G
03/01/2020 04:00:00,PT Level,0.00,in,G
03/01/2020 04:00:00,Flow_cfs,0.00,,G
03/01/2020 04:00:00,FlowVolume,0.00,,G
03/01/2020 04:05:00,PT Level,0.00,in,G
03/01/2020 04:05:00,Flow_cfs,0.00,,G
03/01/2020 04:05:00,FlowVolume,0.00,,G
03/01/2020 04:10:00,PT Level,-0.00,in,G
03/01/2020 04:10:00,Flow_cfs,0.00,,G
03/01/2020 04:10:00,FlowVolume,0.00,,G
03/01/2020 04:15:00,PT Level,-0.00,in,G
03/01/2020 04:15:00,Flow_cfs,0.00,,G
03/01/2020 04:15:00,FlowVolume,0.00,,G
03/01/2020 04:20:00,PT Level,-0.00,in,G
03/01/2020 04:20:00,Flow_cfs,0.00,,G
03/01/2020 04:20:00,FlowVolume,0.00,,G
03/01/2020 04:25:00,PT Level,0.00,in,G
03/01/2020 04:25:00,Flow_cfs,0.00,,G
03/01/2020 04:25:00,FlowVolume,0.00,,G
03/01/2020 04:30:00,PT Level,0.00,in,G
03/01/2020 04:30:00,Flow_cfs,0.00,,G
03/01/2020 04:30:00,FlowVolume,0.00,,G
03/01/2020 04:35:00,PT Level,-0.00,in,G
03/01/2020 04:35:00,Flow_cfs,0.00,,G
03/01/2020 04:35:00,FlowVolume,0.00,,G
03/01/2020 04:40:00,PT Level,0.00,in,G
03/01/2020 04:40:00,Flow_cfs,0.00,,G
03/01/2020 04:40:00,FlowVolume,0.00,,G
03/01/2020 04:45:00,PT Level,0.00,in,G
03/01/2020 04:45:00,Flow_cfs,0.00,,G
03/01/2020 04:45:00,FlowVolume,0.00,,G
03/01/2020 04:50:00,PT Level,0.00,in,G
03/01/2020 04:50:00,Flow_cfs,0.00,,G
03/01/2020 04:50:00,FlowVolume,0.00,,G
03/01/2020 04:55:00,PT Level,0.00,in,G
03/01/2020 04:55:00,Flow_cfs,0.00,,G
03/01/2020 04:55:00,FlowVolume,0.00,,G
03/01/2020 05:00:00,PT Level,0.00,in,G
03/01/2020 05:00:00,Flow_cfs,0.00,,G
03/01/2020 05:00:00,FlowVolume,0.00,,G
03/01/2020 05:05:00,PT Level,0.00,in,G
03/01/2020 05:05:00,Flow_cfs,0.00,,G
03/01/2020 05:05:00,FlowVolume,0.00,,G
03/01/2020 05:10:00,PT Level,-0.00,in,G
03/01/2020 05:10:00,Flow_cfs,0.00,,G
03/01/2020 05:10:00,FlowVolume,0.00,,G
03/01/2020 05:15:00,PT Level,0.00,in,G
03/01/2020 05:15:00,Flow_cfs,0.00,,G
03/01/2020 05:15:00,FlowVolume,0.00,,G
03/01/2020 05:20:00,PT Level,-0.00,in,G
03/01/2020 05:20:00,Flow_cfs,0.00,,G
03/01/2020 05:20:00,FlowVolume,0.00,,G
03/01/2020 05:25:00,PT Level,-0.00,in,G
03/01/2020 05:25:00,Flow_cfs,0.00,,G
03/01/2020 05:25:00,FlowVolume,0.00,,G
03/01/2020 05:30:00,PT Level,0.00,in,G
03/01/2020 05:30:00,Flow_cfs,0.00,,G
03/01/2020 05:30:00,FlowVolume,0.00,,G
03/01/2020 05:35:00,PT Level,0.00,in,G
03/01/2020 05:35:00,Flow_cfs,0.00,,G
03/01/2020 05:35:00,FlowVolume,0.00,,G
03/01/2020 05:40:00,PT Level,0.00,in,G
03/01/2020 05:40:00,Flow_cfs,0.00,,G
03/01/2020 05:40:00,FlowVolume,0.00,,G
03/01/2020 05:45:00,PT Level,-0.00,in,G
03/01/2020 05:45:00,Flow_cfs,0.00,,G
03/01/2020 05:45:00,FlowVolume,0.00,,G
03/01/2020 05:50:00,PT Level,-0.00,in,G
03/01/2020 05:50:00,Flow_cfs,0.00,,G
03/01/2020 05:50:00,FlowVolume,0.00,,G
03/01/2020 05:55:00,PT Level,0.00,in,G
03/01/2020 05:55:00,Flow_cfs,0.00,,G
03/01/2020 05:55:00,FlowVolume,0.00,,G
03/01/2020 06:00:00,PT Level,0.00,in,G
03/01/2020 06:00:00,Flow_cfs,0.00,,G
03/01/2020 06:00:00,FlowVolume,0.00,,G
03/01/2020 06:05:00,PT Level,0.00,in,G
03/01/2020 06:05:00,Flow_cfs,0.00,,G
03/01/2020 06:05:00,FlowVolume,0.00,,G
03/01/2020 06:10:00,PT Level,-0.00,in,G
03/01/2020 06:10:00,Flow_cfs,0.00,,G
03/01/2020 06:10:00,FlowVolume,0.00,,G
03/01/2020 06:15:00,PT Level,0.00,in,G
03/01/2020 06:15:00,Flow_cfs,0.00,,G
03/01/2020 06:15:00,FlowVolume,0.00,,G
03/01/2020 06:20:00,PT Level,-0.00,in,G
03/01/2020 06:20:00,Flow_cfs,0.00,,G
03/01/2020 06:20:00,FlowVolume,0.00,,G
03/01/2020 06:25:00,PT Level,0.00,in,G
03/01/2020 06:25:00,Flow_cfs,0.00,,G
03/01/2020 06:25:00,FlowVolume,0.00,,G
03/01/2020 06:30:00,PT Level,0.00,in,G
03/01/2020 06:30:00,Flow_cfs,0.00,,G
03/01/2020 06:30:00,FlowVolume,0.00,,G
03/01/2020 06:35:00,PT Level,-0.00,in,G
03/01/2020 06:35:00,Flow_cfs,0.00,,G
03/01/2020 06:35:00,FlowVolume,0.00,,G
03/01/2020 06:40:00,PT Level,0.00,in,G
03/01/2020 06:40:00,Flow_cfs,0.00,,G
03/01/2020 06:40:00,FlowVolume,0.00,,G
03/01/2020 06:45:00,PT Level,-0.00,in,G
03/01/2020 06:45:00,Flow_cfs,0.00,,G
03/01/2020 06:45:00,FlowVolume,0.00,,G
03/01/2020 06:50:00,PT Level,0.00,in,G
03/01/2020 06:50:00,Flow_cfs,0.00,,G
03/01/2020 06:50:00,FlowVolume,0.00,,G
03/01/2020 06:55:00,PT Level,0.00,in,G
03/01/2020 06:55:00,Flow_cfs,0.00,,G
03/01/2020 06:55:00,FlowVolume,0.00,,G
03/01/2020 07:00:00,PT Level,0.00,in,G
03/01/2020 07:00:00,Flow_cfs,0.00,,G
03/01/2020 07:00:00,FlowVolume,0.00,,G
03/01/2020 07:05:00,PT Level,0.00,in,G
03/01/2020 07:05:00,Flow_cfs,0.00,,G
03/01/2020 07:05:00,FlowVolume,0.00,,G
03/01/2020 07:10:00,PT Level,0.00,in,G
03/01/2020 07:10:00,Flow_cfs,0.00,,G
03/01/2020 07:10:00,FlowVolume,0.00,,G
03/01/2020 07:15:00,PT Level,0.00,in,G
03/01/2020 07:15:00,Flow_cfs,0.00,,G
03/01/2020 07:15:00,FlowVolume,0.00,,G
03/01/2020 07:20:00,PT Level,0.00,in,G
03/01/2020 07:20:00,Flow_cfs,0.00,,G
03/01/2020 07:20:00,FlowVolume,0.00,,G
03/01/2020 07:25:00,PT Level,0.00,in,G
03/01/2020 07:25:00,Flow_cfs,0.00,,G
03/01/2020 07:25:00,FlowVolume,0.00,,G
03/01/2020 07:30:00,PT Level,0.00,in,G
03/01/2020 07:30:00,Flow_cfs,0.00,,G
03/01/2020 07:30:00,FlowVolume,0.00,,G
03/01/2020 07:35:00,PT Level,0.00,in,G
03/01/2020 07:35:00,Flow_cfs,0.00,,G
03/01/2020 07:35:00,FlowVolume,0.00,,G
03/01/2020 07:40:00,PT Level,0.00,in,G
03/01/2020 07:40:00,Flow_cfs,0.00,,G
03/01/2020 07:40:00,FlowVolume,0.00,,G
03/01/2020 07:45:00,PT Level,0.00,in,G
03/01/2020 07:45:00,Flow_cfs,0.00,,G
03/01/2020 07:45:00,FlowVolume,0.00,,G
03/01/2020 07:50:00,PT Level,0.00,in,G
03/01/2020 07:50:00,Flow_cfs,0.00,,G
03/01/2020 07:50:00,FlowVolume,0.00,,G
03/01/2020 07:55:00,PT Level,0.00,in,G
03/01/2020 07:55:00,Flow_cfs,0.00,,G
03/01/2020 07:55:00,FlowVolume,0.00,,G
03/01/2020 08:00:00,PT Level,0.00,in,G
03/01/2020 08:00:00,Flow_cfs,0.00,,G
03/01/2020 08:00:00,FlowVolume,0.00,,G
03/01/2020 08:05:00,PT Level,-0.00,in,G
03/01/2020 08:05:00,Flow_cfs,0.00,,G
03/01/2020 08:05:00,FlowVolume,0.00,,G
03/01/2020 08:10:00,PT Level,0.00,in,G
03/01/2020 08:10:00,Flow_cfs,0.00,,G
03/01/2020 08:10:00,FlowVolume,0.00,,G
03/01/2020 08:15:00,PT Level,-0.00,in,G
03/01/2020 08:15:00,Flow_cfs,0.00,,G
03/01/2020 08:15:00,FlowVolume,0.00,,G
03/01/2020 08:20:00,PT Level,0.00,in,G
03/01/2020 08:20:00,Flow_cfs,0.00,,G
03/01/2020 08:20:00,FlowVolume,0.00,,G
03/01/2020 08:25:00,PT Level,0.00,in,G
03/01/2020 08:25:00,Flow_cfs,0.00,,G
03/01/2020 08:25:00,FlowVolume,0.00,,G
03/01/2020 08:30:00,PT Level,0.00,in,G
03/01/2020 08:30:00,Flow_cfs,0.00,,G
03/01/2020 08:30:00,FlowVolume,0.00,,G
03/01/2020 08:35:00,PT Level,-0.00,in,G
03/01/2020 08:35:00,Flow_cfs,0.00,,G
03/01/2020 08:35:00,FlowVolume,0.00,,G
03/01/2020 08:40:00,PT Level,0.00,in,G
03/01/2020 08:40:00,Flow_cfs,0.00,,G
03/01/2020 08:40:00,FlowVolume,0.00,,G
03/01/2020 08:45:00,PT Level,0.00,in,G
03/01/2020 08:45:00,Flow_cfs,0.00,,G
03/01/2020 08:45:00,FlowVolume,0.00,,G
03/01/2020 08:50:00,PT Level,0.00,in,G
03/01/2020 08:50:00,Flow_cfs,0.00,,G
03/01/2020 08:50:00,FlowVolume,0.00,,G
03/01/2020 08:55:00,PT Level,0.00,in,G
03/01/2020 08:55:00,Flow_cfs,0.00,,G
03/01/2020 08:55:00,FlowVolume,0.00,,G
03/01/2020 09:00:00,PT Level,0.00,in,G
03/01/2020 09:00:00,Flow_cfs,0.00,,G
03/01/2020 09:00:00,FlowVolume,0.00,,G
03/01/2020 09:05:00,PT Level,0.00,in,G
03/01/2020 09:05:00,Flow_cfs,0.00,,G
03/01/2020 09:05:00,FlowVolume,0.00,,G
03/01/2020 09:10:00,PT Level,-0.00,in,G
03/01/2020 09:10:00,Flow_cfs,0.00,,G
03/01/2020 09:10:00,FlowVolume,0.00,,G
03/01/2020 09:15:00,PT Level,0.00,in,G
03/01/2020 09:15:00,Flow_cfs,0.00,,G
03/01/2020 09:15:00,FlowVolume,0.00,,G
03/01/2020 09:20:00,PT Level,0.00,in,G
03/01/2020 09:20:00,Flow_cfs,0.00,,G
03/01/2020 09:20:00,FlowVolume,0.00,,G
03/01/2020 09:25:00,PT Level,0.00,in,G
03/01/2020 09:25:00,Flow_cfs,0.00,,G
03/01/2020 09:25:00,FlowVolume,0.00,,G
03/01/2020 09:30:00,PT Level,0.00,in,G
03/01/2020 09:30:00,Flow_cfs,0.00,,G
03/01/2020 09:30:00,FlowVolume,0.00,,G
03/01/2020 09:35:00,PT Level,0.00,in,G
03/01/2020 09:35:00,Flow_cfs,0.00,,G
03/01/2020 09:35:00,FlowVolume,0.00,,G
03/01/2020 09:40:00,PT Level,0.00,in,G
03/01/2020 09:40:00,Flow_cfs,0.00,,G
03/01/2020 09:40:00,FlowVolume,0.00,,G
03/01/2020 09:45:00,PT Level,0.00,in,G
03/01/2020 09:45:00,Flow_cfs,0.00,,G
03/01/2020 09:45:00,FlowVolume,0.00,,G
03/01/2020 09:50:00,PT Level,-0.00,in,G
03/01/2020 09:50:00,Flow_cfs,0.00,,G
03/01/2020 09:50:00,FlowVolume,0.00,,G
03/01/2020 09:55:00,PT Level,0.00,in,G
03/01/2020 09:55:00,Flow_cfs,0.00,,G
03/01/2020 09:55:00,FlowVolume,0.00,,G
03/01/2020 10:00:00,PT Level,0.00,in,G
03/01/2020 10:00:00,Flow_cfs,0.00,,G
03/01/2020 10:00:00,FlowVolume,0.00,,G
03/01/2020 10:05:00,PT Level,-0.00,in,G
03/01/2020 10:05:00,Flow_cfs,0.00,,G
03/01/2020 10:05:00,FlowVolume,0.00,,G
03/01/2020 10:10:00,PT Level,0.00,in,G
03/01/2020 10:10:00,Flow_cfs,0.00,,G
03/01/2020 10:10:00,FlowVolume,0.00,,G
03/01/2020 10:15:00,PT Level,0.00,in,G
03/01/2020 10:15:00,Flow_cfs,0.00,,G
03/01/2020 10:15:00,FlowVolume,0.00,,G
03/01/2020 10:20:00,PT Level,0.00,in,G
03/01/2020 10:20:00,Flow_cfs,0.00,,G
03/01/2020 10:20:00,FlowVolume,0.00,,G
03/01/2020 10:25:00,PT Level,0.00,in,G
03/01/2020 10:25:00,Flow_cfs,0.00,,G
03/01/2020 10:25:00,FlowVolume,0.00,,G
03/01/2020 10:30:00,PT Level,0.00,in,G
03/01/2020 10:30:00,Flow_cfs,0.00,,G
03/01/2020 10:30:00,FlowVolume,0.00,,G
03/01/2020 10:35:00,PT Level,0.00,in,G
03/01/2020 10:35:00,Flow_cfs,0.00,,G
03/01/2020 10:35:00,FlowVolume,0.00,,G
03/01/2020 10:40:00,PT Level,0.00,in,G
03/01/2020 10:40:00,Flow_cfs,0.00,,G
03/01/2020 10:40:00,FlowVolume,0.00,,G
03/01/2020 10:45:00,PT Level,0.00,in,G
03/01/2020 10:45:00,Flow_cfs,0.00,,G
03/01/2020 10:45:00,FlowVolume,0.00,,G
03/01/2020 10:50:00,PT Level,0.00,in,G
03/01/2020 10:50:00,Flow_cfs,0.00,,G
03/01/2020 10:50:00,FlowVolume,0.00,,G
03/01/2020 10:55:00,PT Level,-0.00,in,G
03/01/2020 10:55:00,Flow_cfs,0.00,,G
03/01/2020 10:55:00,FlowVolume,0.00,,G
03/01/2020 11:00:00,PT Level,0.00,in,G
03/01/2020 11:00:00,Flow_cfs,0.00,,G
03/01/2020 11:00:00,FlowVolume,0.00,,G
03/01/2020 11:05:00,PT Level,0.00,in,G
03/01/2020 11:05:00,Flow_cfs,0.00,,G
03/01/2020 11:05:00,FlowVolume,0.00,,G
03/01/2020 11:10:00,PT Level,0.00,in,G
03/01/2020 11:10:00,Flow_cfs,0.00,,G
03/01/2020 11:10:00,FlowVolume,0.00,,G
03/01/2020 11:15:00,PT Level,0.00,in,G
03/01/2020 11:15:00,Flow_cfs,0.00,,G
03/01/2020 11:15:00,FlowVolume,0.00,,G
03/01/2020 11:20:00,PT Level,-0.00,in,G
03/01/2020 11:20:00,Flow_cfs,0.00,,G
03/01/2020 11:20:00,FlowVolume,0.00,,G
03/01/2020 11:25:00,PT Level,0.00,in,G
03/01/2020 11:25:00,Flow_cfs,0.00,,G
03/01/2020 11:25:00,FlowVolume,0.00,,G
03/01/2020 11:30:00,PT Level,0.00,in,G
03/01/2020 11:30:00,Flow_cfs,0.00,,G
03/01/2020 11:30:00,FlowVolume,0.00,,G
03/01/2020 11:35:00,PT Level,0.00,in,G
03/01/2020 11:35:00,Flow_cfs,0.00,,G
03/01/2020 11:35:00,FlowVolume,0.00,,G
03/01/2020 11:40:00,PT Level,0.00,in,G
03/01/2020 11:40:00,Flow_cfs,0.00,,G
03/01/2020 11:40:00,FlowVolume,0.00,,G
03/01/2020 11:45:00,PT Level,0.00,in,G
03/01/2020 11:45:00,Flow_cfs,0.00,,G
03/01/2020 11:45:00,FlowVolume,0.00,,G
03/01/2020 11:50:00,PT Level,-0.00,in,G
03/01/2020 11:50:00,Flow_cfs,0.00,,G
03/01/2020 11:50:00,FlowVolume,0.00,,G
03/01/2020 11:55:00,PT Level,0.00,in,G
03/01/2020 11:55:00,Flow_cfs,0.00,,G
03/01/2020 11:55:00,FlowVolume,0.00,,G
03/01/2020 12:00:00,PT Level,0.00,in,G
03/01/2020 12:00:00,Flow_cfs,0.00,,G
03/01/2020 12:00:00,FlowVolume,0.00,,G
03/01/2020 12:05:00,PT Level,0.00,in,G
03/01/2020 12:05:00,Flow_cfs,0.00,,G
03/01/2020 12:05:00,FlowVolume,0.00,,G
03/01/2020 12:10:00,PT Level,0.00,in,G
03/01/2020 12:10:00,Flow_cfs,0.00,,G
03/01/2020 12:10:00,FlowVolume,0.00,,G
03/01/2020 12:15:00,PT Level,0.00,in,G
03/01/2020 12:15:00,Flow_cfs,0.00,,G
03/01/2020 12:15:00,FlowVolume,0.00,,G
03/01/2020 12:20:00,PT Level,0.00,in,G
03/01/2020 12:20:00,Flow_cfs,0.00,,G
03/01/2020 12:20:00,FlowVolume,0.00,,G
03/01/2020 12:25:00,PT Level,0.00,in,G
03/01/2020 12:25:00,Flow_cfs,0.00,,G
03/01/2020 12:25:00,FlowVolume,0.00,,G
03/01/2020 12:30:00,PT Level,-0.00,in,G
03/01/2020 12:30:00,Flow_cfs,0.00,,G
03/01/2020 12:30:00,FlowVolume,0.00,,G
03/01/2020 12:35:00,PT Level,0.00,in,G
03/01/2020 12:35:00,Flow_cfs,0.00,,G
03/01/2020 12:35:00,FlowVolume,0.00,,G
03/01/2020 12:40:00,PT Level,0.00,in,G
03/01/2020 12:40:00,Flow_cfs,0.00,,G
03/01/2020 12:40:00,FlowVolume,0.00,,G
03/01/2020 12:45:00,PT Level,0.00,in,G
03/01/2020 12:45:00,Flow_cfs,0.00,,G
03/01/2020 12:45:00,FlowVolume,0.00,,G
03/01/2020 12:50:00,PT Level,0.00,in,G
03/01/2020 12:50:00,Flow_cfs,0.00,,G
03/01/2020 12:50:00,FlowVolume,0.00,,G
03/01/2020 12:55:00,PT Level,0.00,in,G
03/01/2020 12:55:00,Flow_cfs,0.00,,G
03/01/2020 12:55:00,FlowVolume,0.00,,G
03/01/2020 13:00:00,PT Level,0.00,in,G
03/01/2020 13:00:00,Flow_cfs,0.00,,G
03/01/2020 13:00:00,FlowVolume,0.00,,G
03/01/2020 13:05:00,PT Level,0.00,in,G
03/01/2020 13:05:00,Flow_cfs,0.00,,G
03/01/2020 13:05:00,FlowVolume,0.00,,G
03/01/2020 13:10:00,PT Level,0.00,in,G
03/01/2020 13:10:00,Flow_cfs,0.00,,G
03/01/2020 13:10:00,FlowVolume,0.00,,G
03/01/2020 13:15:00,PT Level,0.00,in,G
03/01/2020 13:15:00,Flow_cfs,0.00,,G
03/01/2020 13:15:00,FlowVolume,0.00,,G
03/01/2020 13:20:00,PT Level,0.00,in,G
03/01/2020 13:20:00,Flow_cfs,0.00,,G
03/01/2020 13:20:00,FlowVolume,0.00,,G
03/01/2020 13:25:00,PT Level,-0.00,in,G
03/01/2020 13:25:00,Flow_cfs,0.00,,G
03/01/2020 13:25:00,FlowVolume,0.00,,G
03/01/2020 13:30:00,PT Level,0.00,in,G
03/01/2020 13:30:00,Flow_cfs,0.00,,G
03/01/2020 13:30:00,FlowVolume,0.00,,G
03/01/2020 13:35:00,PT Level,0.00,in,G
03/01/2020 13:35:00,Flow_cfs,0.00,,G
03/01/2020 13:35:00,FlowVolume,0.00,,G
03/01/2020 13:40:00,PT Level,-0.00,in,G
03/01/2020 13:40:00,Flow_cfs,0.00,,G
03/01/2020 13:40:00,FlowVolume,0.00,,G
03/01/2020 13:45:00,PT Level,0.00,in,G
03/01/2020 13:45:00,Flow_cfs,0.00,,G
03/01/2020 13:45:00,FlowVolume,0.00,,G
03/01/2020 13:50:00,PT Level,0.00,in,G
03/01/2020 13:50:00,Flow_cfs,0.00,,G
03/01/2020 13:50:00,FlowVolume,0.00,,G
03/01/2020 13:55:00,PT Level,-0.00,in,G
03/01/2020 13:55:00,Flow_cfs,0.00,,G
03/01/2020 13:55:00,FlowVolume,0.00,,G
03/01/2020 14:00:00,PT Level,0.00,in,G
03/01/2020 14:00:00,Flow_cfs,0.00,,G
03/01/2020 14:00:00,FlowVolume,0.00,,G
03/01/2020 14:05:00,PT Level,0.00,in,G
03/01/2020 14:05:00,Flow_cfs,0.00,,G
03/01/2020 14:05:00,FlowVolume,0.00,,G
03/01/2020 14:10:00,PT Level,0.00,in,G
03/01/2020 14:10:00,Flow_cfs,0.00,,G
03/01/2020 14:10:00,FlowVolume,0.00,,G
03/01/2020 14:15:00,PT Level,-0.00,in,G
03/01/2020 14:15:00,Flow_cfs,0.00,,G
03/01/2020 14:15:00,FlowVolume,0.00,,G
03/01/2020 14:20:00,PT Level,-0.00,in,G
03/01/2020 14:20:00,Flow_cfs,0.00,,G
03/01/2020 14:20:00,FlowVolume,0.00,,G
03/01/2020 14:25:00,PT Level,0.00,in,G
03/01/2020 14:25:00,Flow_cfs,0.00,,G
03/01/2020 14:25:00,FlowVolume,0.00,,G
03/01/2020 14:30:00,PT Level,-0.00,in,G
03/01/2020 14:30:00,Flow_cfs,0.00,,G
03/01/2020 14:30:00,FlowVolume,0.00,,G
03/01/2020 14:35:00,PT Level,-0.00,in,G
03/01/2020 14:35:00,Flow_cfs,0.00,,G
03/01/2020 14:35:00,FlowVolume,0.00,,G
03/01/2020 14:40:00,PT Level,0.00,in,G
03/01/2020 14:40:00,Flow_cfs,0.00,,G
03/01/2020 14:40:00,FlowVolume,0.00,,G
03/01/2020 14:45:00,PT Level,-0.00,in,G
03/01/2020 14:45:00,Flow_cfs,0.00,,G
03/01/2020 14:45:00,FlowVolume,0.00,,G
03/01/2020 14:50:00,PT Level,0.00,in,G
03/01/2020 14:50:00,Flow_cfs,0.00,,G
03/01/2020 14:50:00,FlowVolume,0.00,,G
03/01/2020 14:55:00,PT Level,0.00,in,G
03/01/2020 14:55:00,Flow_cfs,0.00,,G
03/01/2020 14:55:00,FlowVolume,0.00,,G
03/01/2020 15:00:00,PT Level,-0.00,in,G
03/01/2020 15:00:00,Flow_cfs,0.00,,G
03/01/2020 15:00:00,FlowVolume,0.00,,G
03/01/2020 15:05:00,PT Level,-0.00,in,G
03/01/2020 15:05:00,Flow_cfs,0.00,,G
03/01/2020 15:05:00,FlowVolume,0.00,,G
03/01/2020 15:10:00,PT Level,-0.00,in,G
03/01/2020 15:10:00,Flow_cfs,0.00,,G
03/01/2020 15:10:00,FlowVolume,0.00,,G
03/01/2020 15:15:00,PT Level,-0.00,in,G
03/01/2020 15:15:00,Flow_cfs,0.00,,G
03/01/2020 15:15:00,FlowVolume,0.00,,G
03/01/2020 15:20:00,PT Level,0.00,in,G
03/01/2020 15:20:00,Flow_cfs,0.00,,G
03/01/2020 15:20:00,FlowVolume,0.00,,G
03/01/2020 15:25:00,PT Level,0.00,in,G
03/01/2020 15:25:00,Flow_cfs,0.00,,G
03/01/2020 15:25:00,FlowVolume,0.00,,G
03/01/2020 15:30:00,PT Level,-0.00,in,G
03/01/2020 15:30:00,Flow_cfs,0.00,,G
03/01/2020 15:30:00,FlowVolume,0.00,,G
03/01/2020 15:35:00,PT Level,0.00,in,G
03/01/2020 15:35:00,Flow_cfs,0.00,,G
03/01/2020 15:35:00,FlowVolume,0.00,,G
03/01/2020 15:40:00,PT Level,-0.00,in,G
03/01/2020 15:40:00,Flow_cfs,0.00,,G
03/01/2020 15:40:00,FlowVolume,0.00,,G
03/01/2020 15:45:00,PT Level,0.00,in,G
03/01/2020 15:45:00,Flow_cfs,0.00,,G
03/01/2020 15:45:00,FlowVolume,0.00,,G
03/01/2020 15:50:00,PT Level,0.00,in,G
03/01/2020 15:50:00,Flow_cfs,0.00,,G
03/01/2020 15:50:00,FlowVolume,0.00,,G
03/01/2020 15:55:00,PT Level,-0.00,in,G
03/01/2020 15:55:00,Flow_cfs,0.00,,G
03/01/2020 15:55:00,FlowVolume,0.00,,G
03/01/2020 16:00:00,PT Level,0.00,in,G
03/01/2020 16:00:00,Flow_cfs,0.00,,G
03/01/2020 16:00:00,FlowVolume,0.00,,G
03/01/2020 16:05:00,PT Level,0.00,in,G
03/01/2020 16:05:00,Flow_cfs,0.00,,G
03/01/2020 16:05:00,FlowVolume,0.00,,G
03/01/2020 16:10:00,PT Level,0.00,in,G
03/01/2020 16:10:00,Flow_cfs,0.00,,G
03/01/2020 16:10:00,FlowVolume,0.00,,G
03/01/2020 16:15:00,PT Level,0.00,in,G
03/01/2020 16:15:00,Flow_cfs,0.00,,G
03/01/2020 16:15:00,FlowVolume,0.00,,G
03/01/2020 16:20:00,PT Level,0.00,in,G
03/01/2020 16:20:00,Flow_cfs,0.00,,G
03/01/2020 16:20:00,FlowVolume,0.00,,G
03/01/2020 16:25:00,PT Level,0.00,in,G
03/01/2020 16:25:00,Flow_cfs,0.00,,G
03/01/2020 16:25:00,FlowVolume,0.00,,G
03/01/2020 16:30:00,PT Level,0.00,in,G
03/01/2020 16:30:00,Flow_cfs,0.00,,G
03/01/2020 16:30:00,FlowVolume,0.00,,G
03/01/2020 16:35:00,PT Level,-0.00,in,G
03/01/2020 16:35:00,Flow_cfs,0.00,,G
03/01/2020 16:35:00,FlowVolume,0.00,,G
03/01/2020 16:40:00,PT Level,0.00,in,G
03/01/2020 16:40:00,Flow_cfs,0.00,,G
03/01/2020 16:40:00,FlowVolume,0.00,,G
03/01/2020 16:45:00,PT Level,0.00,in,G
03/01/2020 16:45:00,Flow_cfs,0.00,,G
03/01/2020 16:45:00,FlowVolume,0.00,,G
03/01/2020 16:50:00,PT Level,0.00,in,G
03/01/2020 16:50:00,Flow_cfs,0.00,,G
03/01/2020 16:50:00,FlowVolume,0.00,,G
03/01/2020 16:55:00,PT Level,0.00,in,G
03/01/2020 16:55:00,Flow_cfs,0.00,,G
03/01/2020 16:55:00,FlowVolume,0.00,,G
03/01/2020 17:00:00,PT Level,-0.00,in,G
03/01/2020 17:00:00,Flow_cfs,0.00,,G
03/01/2020 17:00:00,FlowVolume,0.00,,G
03/01/2020 17:05:00,PT Level,-0.00,in,G
03/01/2020 17:05:00,Flow_cfs,0.00,,G
03/01/2020 17:05:00,FlowVolume,0.00,,G
03/01/2020 17:10:00,PT Level,0.00,in,G
03/01/2020 17:10:00,Flow_cfs,0.00,,G
03/01/2020 17:10:00,FlowVolume,0.00,,G
03/01/2020 17:15:00,PT Level,0.00,in,G
03/01/2020 17:15:00,Flow_cfs,0.00,,G
03/01/2020 17:15:00,FlowVolume,0.00,,G
03/01/2020 17:20:00,PT Level,0.00,in,G
03/01/2020 17:20:00,Flow_cfs,0.00,,G
03/01/2020 17:20:00,FlowVolume,0.00,,G
03/01/2020 17:25:00,PT Level,0.00,in,G
03/01/2020 17:25:00,Flow_cfs,0.00,,G
03/01/2020 17:25:00,FlowVolume,0.00,,G
03/01/2020 17:30:00,PT Level,0.00,in,G
03/01/2020 17:30:00,Flow_cfs,0.00,,G
03/01/2020 17:30:00,FlowVolume,0.00,,G
03/01/2020 17:35:00,PT Level,-0.00,in,G
03/01/2020 17:35:00,Flow_cfs,0.00,,G
03/01/2020 17:35:00,FlowVolume,0.00,,G
03/01/2020 17:40:00,PT Level,0.00,in,G
03/01/2020 17:40:00,Flow_cfs,0.00,,G
03/01/2020 17:40:00,FlowVolume,0.00,,G
03/01/2020 17:45:00,PT Level,0.00,in,G
03/01/2020 17:45:00,Flow_cfs,0.00,,G
03/01/2020 17:45:00,FlowVolume,0.00,,G
03/01/2020 17:50:00,PT Level,0.00,in,G
03/01/2020 17:50:00,Flow_cfs,0.00,,G
03/01/2020 17:50:00,FlowVolume,0.00,,G
03/01/2020 17:55:00,PT Level,0.00,in,G
03/01/2020 17:55:00,Flow_cfs,0.00,,G
03/01/2020 17:55:00,FlowVolume,0.00,,G
03/01/2020 18:00:00,PT Level,0.00,in,G
03/01/2020 18:00:00,Flow_cfs,0.00,,G
03/01/2020 18:00:00,FlowVolume,0.00,,G
03/01/2020 18:05:00,PT Level,-0.00,in,G
03/01/2020 18:05:00,Flow_cfs,0.00,,G
03/01/2020 18:05:00,FlowVolume,0.00,,G
03/01/2020 18:10:00,PT Level,-0.00,in,G
03/01/2020 18:10:00,Flow_cfs,0.00,,G
03/01/2020 18:10:00,FlowVolume,0.00,,G
03/01/2020 18:15:00,PT Level,-0.00,in,G
03/01/2020 18:15:00,Flow_cfs,0.00,,G
03/01/2020 18:15:00,FlowVolume,0.00,,G
03/01/2020 18:20:00,PT Level,0.00,in,G
03/01/2020 18:20:00,Flow_cfs,0.00,,G
03/01/2020 18:20:00,FlowVolume,0.00,,G
03/01/2020 18:25:00,PT Level,-0.00,in,G
03/01/2020 18:25:00,Flow_cfs,0.00,,G
03/01/2020 18:25:00,FlowVolume,0.00,,G
03/01/2020 18:30:00,PT Level,-0.00,in,G
03/01/2020 18:30:00,Flow_cfs,0.00,,G
03/01/2020 18:30:00,FlowVolume,0.00,,G
03/01/2020 18:35:00,PT Level,-0.00,in,G
03/01/2020 18:35:00,Flow_cfs,0.00,,G
03/01/2020 18:35:00,FlowVolume,0.00,,G
03/01/2020 18:40:00,PT Level,0.00,in,G
03/01/2020 18:40:00,Flow_cfs,0.01,,G
03/01/2020 18:40:00,FlowVolume,0.00,,G
03/01/2020 18:45:00,PT Level,0.00,in,G
03/01/2020 18:45:00,Flow_cfs,0.00,,G
03/01/2020 18:45:00,FlowVolume,0.00,,G
03/01/2020 18:50:00,PT Level,0.00,in,G
03/01/2020 18:50:00,Flow_cfs,0.00,,G
03/01/2020 18:50:00,FlowVolume,0.00,,G
03/01/2020 18:55:00,PT Level,0.00,in,G
03/01/2020 18:55:00,Flow_cfs,0.01,,G
03/01/2020 18:55:00,FlowVolume,0.00,,G
03/01/2020 19:00:00,PT Level,0.00,in,G
03/01/2020 19:00:00,Flow_cfs,0.00,,G
03/01/2020 19:00:00,FlowVolume,0.00,,G
03/01/2020 19:05:00,PT Level,0.00,in,G
03/01/2020 19:05:00,Flow_cfs,0.00,,G
03/01/2020 19:05:00,FlowVolume,0.00,,G
03/01/2020 19:10:00,PT Level,0.00,in,G
03/01/2020 19:10:00,Flow_cfs,0.00,,G
03/01/2020 19:10:00,FlowVolume,0.00,,G
03/01/2020 19:15:00,PT Level,0.00,in,G
03/01/2020 19:15:00,Flow_cfs,0.00,,G
03/01/2020 19:15:00,FlowVolume,0.00,,G
03/01/2020 19:20:00,PT Level,-0.00,in,G
03/01/2020 19:20:00,Flow_cfs,0.00,,G
03/01/2020 19:20:00,FlowVolume,0.00,,G
03/01/2020 19:25:00,PT Level,-0.00,in,G
03/01/2020 19:25:00,Flow_cfs,0.00,,G
03/01/2020 19:25:00,FlowVolume,0.00,,G
03/01/2020 19:30:00,PT Level,0.00,in,G
03/01/2020 19:30:00,Flow_cfs,0.00,,G
03/01/2020 19:30:00,FlowVolume,0.00,,G
03/01/2020 19:35:00,PT Level,-0.00,in,G
03/01/2020 19:35:00,Flow_cfs,0.00,,G
03/01/2020 19:35:00,FlowVolume,0.00,,G
03/01/2020 19:40:00,PT Level,0.00,in,G
03/01/2020 19:40:00,Flow_cfs,0.00,,G
03/01/2020 19:40:00,FlowVolume,0.00,,G
03/01/2020 19:45:00,PT Level,0.00,in,G
03/01/2020 19:45:00,Flow_cfs,0.00,,G
03/01/2020 19:45:00,FlowVolume,0.00,,G
03/01/2020 19:50:00,PT Level,0.00,in,G
03/01/2020 19:50:00,Flow_cfs,0.00,,G
03/01/2020 19:50:00,FlowVolume,0.00,,G
03/01/2020 19:55:00,PT Level,0.00,in,G
03/01/2020 19:55:00,Flow_cfs,0.00,,G
03/01/2020 19:55:00,FlowVolume,0.00,,G
03/01/2020 20:00:00,PT Level,0.00,in,G
03/01/2020 20:00:00,Flow_cfs,0.00,,G
03/01/2020 20:00:00,FlowVolume,0.00,,G
03/01/2020 20:05:00,PT Level,0.00,in,G
03/01/2020 20:05:00,Flow_cfs,0.00,,G
03/01/2020 20:05:00,FlowVolume,0.00,,G
03/01/2020 20:10:00,PT Level,0.00,in,G
03/01/2020 20:10:00,Flow_cfs,0.00,,G
03/01/2020 20:10:00,FlowVolume,0.00,,G
03/01/2020 20:15:00,PT Level,0.00,in,G
03/01/2020 20:15:00,Flow_cfs,0.00,,G
03/01/2020 20:15:00,FlowVolume,0.00,,G
03/01/2020 20:20:00,PT Level,0.00,in,G
03/01/2020 20:20:00,Flow_cfs,0.00,,G
03/01/2020 20:20:00,FlowVolume,0.00,,G
03/01/2020 20:25:00,PT Level,0.00,in,G
03/01/2020 20:25:00,Flow_cfs,0.00,,G
03/01/2020 20:25:00,FlowVolume,0.00,,G
03/01/2020 20:30:00,PT Level,-0.00,in,G
03/01/2020 20:30:00,Flow_cfs,0.00,,G
03/01/2020 20:30:00,FlowVolume,0.00,,G
03/01/2020 20:35:00,PT Level,0.00,in,G
03/01/2020 20:35:00,Flow_cfs,0.00,,G
03/01/2020 20:35:00,FlowVolume,0.00,,G
03/01/2020 20:40:00,PT Level,0.00,in,G
03/01/2020 20:40:00,Flow_cfs,0.00,,G
03/01/2020 20:40:00,FlowVolume,0.00,,G
03/01/2020 20:45:00,PT Level,0.00,in,G
03/01/2020 20:45:00,Flow_cfs,0.00,,G
03/01/2020 20:45:00,FlowVolume,0.00,,G
03/01/2020 20:50:00,PT Level,0.00,in,G
03/01/2020 20:50:00,Flow_cfs,0.00,,G
03/01/2020 20:50:00,FlowVolume,0.00,,G
03/01/2020 20:55:00,PT Level,0.00,in,G
03/01/2020 20:55:00,Flow_cfs,0.00,,G
03/01/2020 20:55:00,FlowVolume,0.00,,G
03/01/2020 21:00:00,PT Level,0.00,in,G
03/01/2020 21:00:00,Flow_cfs,0.00,,G
03/01/2020 21:00:00,FlowVolume,0.00,,G
03/01/2020 21:05:00,PT Level,0.00,in,G
03/01/2020 21:05:00,Flow_cfs,0.00,,G
03/01/2020 21:05:00,FlowVolume,0.00,,G
03/01/2020 21:10:00,PT Level,0.00,in,G
03/01/2020 21:10:00,Flow_cfs,0.00,,G
03/01/2020 21:10:00,FlowVolume,0.00,,G
03/01/2020 21:15:00,PT Level,0.00,in,G
03/01/2020 21:15:00,Flow_cfs,0.00,,G
03/01/2020 21:15:00,FlowVolume,0.00,,G
03/01/2020 21:20:00,PT Level,-0.00,in,G
03/01/2020 21:20:00,Flow_cfs,0.00,,G
03/01/2020 21:20:00,FlowVolume,0.00,,G
03/01/2020 21:25:00,PT Level,0.00,in,G
03/01/2020 21:25:00,Flow_cfs,0.00,,G
03/01/2020 21:25:00,FlowVolume,0.00,,G
03/01/2020 21:30:00,PT Level,0.00,in,G
03/01/2020 21:30:00,Flow_cfs,0.01,,G
03/01/2020 21:30:00,FlowVolume,0.00,,G
03/01/2020 21:35:00,PT Level,0.00,in,G
03/01/2020 21:35:00,Flow_cfs,0.01,,G
03/01/2020 21:35:00,FlowVolume,0.00,,G
03/01/2020 21:40:00,PT Level,0.00,in,G
03/01/2020 21:40:00,Flow_cfs,0.01,,G
03/01/2020 21:40:00,FlowVolume,0.00,,G
03/01/2020 21:45:00,PT Level,0.00,in,G
03/01/2020 21:45:00,Flow_cfs,0.00,,G
03/01/2020 21:45:00,FlowVolume,0.00,,G
03/01/2020 21:50:00,PT Level,0.00,in,G
03/01/2020 21:50:00,Flow_cfs,0.00,,G
03/01/2020 21:50:00,FlowVolume,0.00,,G
03/01/2020 21:55:00,PT Level,0.00,in,G
03/01/2020 21:55:00,Flow_cfs,0.00,,G
03/01/2020 21:55:00,FlowVolume,0.00,,G
03/01/2020 22:00:00,PT Level,0.00,in,G
03/01/2020 22:00:00,Flow_cfs,0.00,,G
03/01/2020 22:00:00,FlowVolume,0.00,,G
03/01/2020 22:05:00,PT Level,0.00,in,G
03/01/2020 22:05:00,Flow_cfs,0.00,,G
03/01/2020 22:05:00,FlowVolume,0.00,,G
03/01/2020 22:10:00,PT Level,0.00,in,G
03/01/2020 22:10:00,Flow_cfs,0.00,,G
03/01/2020 22:10:00,FlowVolume,0.00,,G
03/01/2020 22:15:00,PT Level,0.00,in,G
03/01/2020 22:15:00,Flow_cfs,0.00,,G
03/01/2020 22:15:00,FlowVolume,0.00,,G
03/01/2020 22:20:00,PT Level,0.00,in,G
03/01/2020 22:20:00,Flow_cfs,0.00,,G
03/01/2020 22:20:00,FlowVolume,0.00,,G
03/01/2020 22:25:00,PT Level,0.00,in,G
03/01/2020 22:25:00,Flow_cfs,0.00,,G
03/01/2020 22:25:00,FlowVolume,0.00,,G
03/01/2020 22:30:00,PT Level,0.00,in,G
03/01/2020 22:30:00,Flow_cfs,0.00,,G
03/01/2020 22:30:00,FlowVolume,0.00,,G
03/01/2020 22:35:00,PT Level,0.00,in,G
03/01/2020 22:35:00,Flow_cfs,0.00,,G
03/01/2020 22:35:00,FlowVolume,0.00,,G
03/01/2020 22:40:00,PT Level,0.00,in,G
03/01/2020 22:40:00,Flow_cfs,0.00,,G
03/01/2020 22:40:00,FlowVolume,0.00,,G
03/01/2020 22:45:00,PT Level,0.00,in,G
03/01/2020 22:45:00,Flow_cfs,0.00,,G
03/01/2020 22:45:00,FlowVolume,0.00,,G
03/01/2020 22:50:00,PT Level,0.00,in,G
03/01/2020 22:50:00,Flow_cfs,0.00,,G
03/01/2020 22:50:00,FlowVolume,0.00,,G
03/01/2020 22:55:00,PT Level,0.00,in,G
03/01/2020 22:55:00,Flow_cfs,0.00,,G
03/01/2020 22:55:00,FlowVolume,0.00,,G
03/01/2020 23:00:00,PT Level,0.00,in,G
03/01/2020 23:00:00,Flow_cfs,0.00,,G
03/01/2020 23:00:00,FlowVolume,0.00,,G
03/01/2020 23:05:00,PT Level,0.00,in,G
03/01/2020 23:05:00,Flow_cfs,0.00,,G
03/01/2020 23:05:00,FlowVolume,0.00,,G
03/01/2020 23:10:00,PT Level,0.00,in,G
03/01/2020 23:10:00,Flow_cfs,0.00,,G
03/01/2020 23:10:00,FlowVolume,0.00,,G
03/01/2020 23:15:00,PT Level,0.00,in,G
03/01/2020 23:15:00,Flow_cfs,0.00,,G
03/01/2020 23:15:00,FlowVolume,0.00,,G
03/01/2020 23:20:00,PT Level,-0.00,in,G
03/01/2020 23:20:00,Flow_cfs,0.00,,G
03/01/2020 23:20:00,FlowVolume,0.00,,G
03/01/2020 23:25:00,PT Level,0.00,in,G
03/01/2020 23:25:00,Flow_cfs,0.00,,G
03/01/2020 23:25:00,FlowVolume,0.00,,G
03/01/2020 23:30:00,PT Level,0.00,in,G
03/01/2020 23:30:00,Flow_cfs,0.00,,G
03/01/2020 23:30:00,FlowVolume,0.00,,G
03/01/2020 23:35:00,PT Level,-0.00,in,G
03/01/2020 23:35:00,Flow_cfs,0.00,,G
03/01/2020 23:35:00,FlowVolume,0.00,,G
03/01/2020 23:40:00,PT Level,0.00,in,G
03/01/2020 23:40:00,Flow_cfs,0.00,,G
03/01/2020 23:40:00,FlowVolume,0.00,,G
03/01/2020 23:45:00,PT Level,-0.00,in,G
03/01/2020 23:45:00,Flow_cfs,0.00,,G
03/01/2020 23:45:00,FlowVolume,0.00,,G
03/01/2020 23:50:00,PT Level,0.00,in,G
03/01/2020 23:50:00,Flow_cfs,0.00,,G
03/01/2020 23:50:00,FlowVolume,0.00,,G
03/01/2020 23:55:00,PT Level,0.00,in,G
03/01/2020 23:55:00,Flow_cfs,0.00,,G
03/01/2020 23:55:00,FlowVolume,0.00,,G
