Station Name,model and version,XL2 S/N
LakeHodges_SDGCRK,Sutron XLink 500 Version 8.28 Build  8:19:24 10/11/2019 revision 3127,1911367
Label,Meas Type,Slope,Offset,Equation
PT Level,SDI-12,1.000000,-7.750000,Off
Flow_cfs,Meta,1.000000,0.000000,Off
Curr_pacing,Meta,1.000000,0.000000,Off
FlowVolume,Meta,1.000000,0.000000,Off
Aliquot_Num,Meta,1.000000,0.000000,Off
04/07/2020,00:00:00,PT Level,3.42,in,G
04/07/2020,00:00:00,Aliquot_Num,0,ali,G
04/07/2020,00:00:00,Flow_cfs,2.75,,G
04/07/2020,00:00:00,Curr_pacing,30000.00,,G
04/07/2020,00:00:00,FlowVolume,0.00,,G
04/07/2020,00:05:00,PT Level,3.47,in,G
04/07/2020,00:05:00,Aliquot_Num,0,ali,G
04/07/2020,00:05:00,Flow_cfs,2.83,,G
04/07/2020,00:05:00,Curr_pacing,30000.00,,G
04/07/2020,00:05:00,FlowVolume,0.00,,G
04/07/2020,00:10:00,PT Level,3.50,in,G
04/07/2020,00:10:00,Alarm In,1,,G
04/07/2020,00:10:00,Setup Change,0,,G
04/07/2020,00:10:00,Aliquot_Num,0,ali,G
04/07/2020,00:10:00,Flow_cfs,2.88,,G
04/07/2020,00:10:00,Curr_pacing,30000.00,,G
04/07/2020,00:10:05,BottleChang,1,,G
04/07/2020,00:10:00,FlowVolume,0.00,,G
04/07/2020,00:11:00,PT Level,3.50,in,G
04/07/2020,00:11:00,Flow_cfs,2.88,,G
04/07/2020,00:11:00,FlowVolume,172.50,,G
04/07/2020,00:12:00,PT Level,3.50,in,G
04/07/2020,00:12:00,Flow_cfs,2.88,,G
04/07/2020,00:12:00,FlowVolume,345.00,,G
04/07/2020,00:13:00,PT Level,3.51,in,G
04/07/2020,00:13:00,Flow_cfs,2.89,,G
04/07/2020,00:13:00,FlowVolume,518.44,,G
04/07/2020,00:14:00,PT Level,3.51,in,G
04/07/2020,00:14:00,Flow_cfs,2.89,,G
04/07/2020,00:14:00,FlowVolume,691.88,,G
04/07/2020,00:15:00,PT Level,3.53,in,G
04/07/2020,00:15:00,Aliquot_Num,0,ali,G
04/07/2020,00:15:00,Flow_cfs,2.92,,G
04/07/2020,00:15:00,Curr_pacing,30000.00,,G
04/07/2020,00:15:00,FlowVolume,867.19,,G
04/07/2020,00:16:00,PT Level,3.53,in,G
04/07/2020,00:16:00,Flow_cfs,2.92,,G
04/07/2020,00:16:00,FlowVolume,1042.50,,G
04/07/2020,00:17:00,PT Level,3.54,in,G
04/07/2020,00:17:00,Flow_cfs,2.94,,G
04/07/2020,00:17:00,FlowVolume,1218.75,,G
04/07/2020,00:18:00,PT Level,3.54,in,G
04/07/2020,00:18:00,Flow_cfs,2.94,,G
04/07/2020,00:18:00,FlowVolume,1395.00,,G
04/07/2020,00:19:00,PT Level,3.56,in,G
04/07/2020,00:19:00,Flow_cfs,2.97,,G
04/07/2020,00:19:00,FlowVolume,1573.13,,G
04/07/2020,00:19:41,Setup Change,0,,G
04/07/2020,00:20:00,PT Level,3.54,in,G
04/07/2020,00:20:00,Aliquot_Num,0,ali,G
04/07/2020,00:20:00,Flow_cfs,2.94,,G
04/07/2020,00:20:00,Curr_pacing,30000.00,,G
04/07/2020,00:20:00,FlowVolume,1749.38,,G
04/07/2020,00:21:00,PT Level,3.55,in,G
04/07/2020,00:21:00,Flow_cfs,2.95,,G
04/07/2020,00:21:00,FlowVolume,2102.81,,G
04/07/2020,00:21:25,Log Download,0,,G
04/07/2020,00:22:00,PT Level,3.56,in,G
04/07/2020,00:22:00,Flow_cfs,2.97,,G
04/07/2020,00:22:00,FlowVolume,2459.06,,G
04/07/2020,00:22:06,Client Conn,64,,G
04/07/2020,00:23:00,PT Level,3.56,in,G
04/07/2020,00:23:00,Flow_cfs,2.97,,G
04/07/2020,00:23:00,FlowVolume,2637.19,,G
04/07/2020,00:24:00,PT Level,3.55,in,G
04/07/2020,00:24:00,Flow_cfs,2.95,,G
04/07/2020,00:24:00,FlowVolume,2814.38,,G
04/07/2020,00:25:00,PT Level,3.56,in,G
04/07/2020,00:25:00,Aliquot_Num,0,ali,G
04/07/2020,00:25:00,Flow_cfs,2.97,,G
04/07/2020,00:25:00,Curr_pacing,30000.00,,G
04/07/2020,00:25:00,FlowVolume,2992.50,,G
04/07/2020,00:26:00,PT Level,3.56,in,G
04/07/2020,00:26:00,Flow_cfs,2.97,,G
04/07/2020,00:26:00,FlowVolume,3170.63,,G
04/07/2020,00:27:00,PT Level,3.57,in,G
04/07/2020,00:27:00,Flow_cfs,2.98,,G
04/07/2020,00:27:00,FlowVolume,3349.69,,G
04/07/2020,00:27:28,Client Conn,65,,G
04/07/2020,00:28:00,PT Level,3.56,in,G
04/07/2020,00:28:00,Flow_cfs,2.97,,G
04/07/2020,00:28:00,FlowVolume,3527.81,,G
04/07/2020,00:29:00,PT Level,3.56,in,G
04/07/2020,00:29:00,Flow_cfs,2.97,,G
04/07/2020,00:29:00,FlowVolume,3705.94,,G
04/07/2020,00:30:00,PT Level,3.56,in,G
04/07/2020,00:30:00,Aliquot_Num,0,ali,G
04/07/2020,00:30:00,Flow_cfs,2.97,,G
04/07/2020,00:30:00,Curr_pacing,30000.00,,G
04/07/2020,00:30:00,FlowVolume,3884.06,,G
04/07/2020,00:31:00,PT Level,3.57,in,G
04/07/2020,00:31:00,Flow_cfs,2.98,,G
04/07/2020,00:31:00,FlowVolume,4063.13,,G
04/07/2020,00:32:00,PT Level,3.58,in,G
04/07/2020,00:32:00,Flow_cfs,3.00,,G
04/07/2020,00:32:00,FlowVolume,4243.13,,G
04/07/2020,00:33:00,PT Level,3.58,in,G
04/07/2020,00:33:00,Flow_cfs,3.00,,G
04/07/2020,00:33:00,FlowVolume,4423.13,,G
04/07/2020,00:34:00,PT Level,3.59,in,G
04/07/2020,00:34:00,Flow_cfs,3.02,,G
04/07/2020,00:34:00,FlowVolume,4604.16,,G
04/07/2020,00:35:00,PT Level,3.57,in,G
04/07/2020,00:35:00,Aliquot_Num,0,ali,G
04/07/2020,00:35:00,Flow_cfs,2.98,,G
04/07/2020,00:35:00,Curr_pacing,30000.00,,G
04/07/2020,00:35:00,FlowVolume,4783.22,,G
04/07/2020,00:36:00,PT Level,3.57,in,G
04/07/2020,00:36:00,Flow_cfs,2.98,,G
04/07/2020,00:36:00,FlowVolume,4962.28,,G
04/07/2020,00:37:00,PT Level,3.57,in,G
04/07/2020,00:37:00,Flow_cfs,2.98,,G
04/07/2020,00:37:00,FlowVolume,5141.35,,G
04/07/2020,00:38:00,PT Level,3.57,in,G
04/07/2020,00:38:00,Flow_cfs,2.98,,G
04/07/2020,00:38:00,FlowVolume,5320.41,,G
04/07/2020,00:39:00,PT Level,3.57,in,G
04/07/2020,00:39:00,Flow_cfs,2.98,,G
04/07/2020,00:39:00,FlowVolume,5499.47,,G
04/07/2020,00:40:00,PT Level,3.58,in,G
04/07/2020,00:40:00,Flow_cfs,3.00,,G
04/07/2020,00:40:00,Aliquot_Num,0,ali,G
04/07/2020,00:40:00,Curr_pacing,30000.00,,G
04/07/2020,00:40:00,FlowVolume,5679.47,,G
04/07/2020,00:41:00,PT Level,3.58,in,G
04/07/2020,00:41:00,Flow_cfs,3.00,,G
04/07/2020,00:41:00,FlowVolume,5859.47,,G
04/07/2020,00:42:00,PT Level,3.57,in,G
04/07/2020,00:42:00,Flow_cfs,2.98,,G
04/07/2020,00:42:00,FlowVolume,6038.53,,G
04/07/2020,00:43:00,PT Level,3.58,in,G
04/07/2020,00:43:00,Flow_cfs,3.00,,G
04/07/2020,00:43:00,FlowVolume,6218.53,,G
04/07/2020,00:44:00,PT Level,3.57,in,G
04/07/2020,00:44:00,Flow_cfs,2.98,,G
04/07/2020,00:44:00,FlowVolume,6397.60,,G
04/07/2020,00:45:00,PT Level,3.59,in,G
04/07/2020,00:45:00,Aliquot_Num,0,ali,G
04/07/2020,00:45:00,Flow_cfs,3.02,,G
04/07/2020,00:45:00,Curr_pacing,30000.00,,G
04/07/2020,00:45:00,FlowVolume,6578.63,,G
04/07/2020,00:46:00,PT Level,3.58,in,G
04/07/2020,00:46:00,Flow_cfs,3.00,,G
04/07/2020,00:46:00,FlowVolume,6758.63,,G
04/07/2020,00:47:00,PT Level,3.57,in,G
04/07/2020,00:47:00,Flow_cfs,2.98,,G
04/07/2020,00:47:00,FlowVolume,6937.69,,G
04/07/2020,00:48:00,PT Level,3.57,in,G
04/07/2020,00:48:00,Flow_cfs,2.98,,G
04/07/2020,00:48:00,FlowVolume,7116.76,,G
04/07/2020,00:49:00,PT Level,3.59,in,G
04/07/2020,00:49:00,Flow_cfs,3.02,,G
04/07/2020,00:49:00,FlowVolume,7297.79,,G
04/07/2020,00:50:00,PT Level,3.61,in,G
04/07/2020,00:50:00,Aliquot_Num,0,ali,G
04/07/2020,00:50:00,Flow_cfs,3.05,,G
04/07/2020,00:50:00,Curr_pacing,30000.00,,G
04/07/2020,00:50:00,FlowVolume,7480.89,,G
04/07/2020,00:51:00,PT Level,3.61,in,G
04/07/2020,00:51:00,Flow_cfs,3.05,,G
04/07/2020,00:51:00,FlowVolume,7664.00,,G
04/07/2020,00:52:00,PT Level,3.60,in,G
04/07/2020,00:52:00,Flow_cfs,3.03,,G
04/07/2020,00:52:00,FlowVolume,7846.07,,G
04/07/2020,00:53:00,PT Level,3.61,in,G
04/07/2020,00:53:00,Flow_cfs,3.05,,G
04/07/2020,00:53:00,FlowVolume,8029.17,,G
04/07/2020,00:54:00,PT Level,3.60,in,G
04/07/2020,00:54:00,Flow_cfs,3.03,,G
04/07/2020,00:54:00,FlowVolume,8211.24,,G
04/07/2020,00:55:00,PT Level,3.62,in,G
04/07/2020,00:55:00,Flow_cfs,3.07,,G
04/07/2020,00:55:00,Aliquot_Num,0,ali,G
04/07/2020,00:55:00,Curr_pacing,30000.00,,G
04/07/2020,00:55:00,FlowVolume,8395.38,,G
04/07/2020,00:56:00,PT Level,3.61,in,G
04/07/2020,00:56:00,Flow_cfs,3.05,,G
04/07/2020,00:56:00,FlowVolume,8578.48,,G
04/07/2020,00:57:00,PT Level,3.62,in,G
04/07/2020,00:57:00,Flow_cfs,3.07,,G
04/07/2020,00:57:00,FlowVolume,8762.62,,G
04/07/2020,00:58:00,PT Level,3.63,in,G
04/07/2020,00:58:00,Flow_cfs,3.09,,G
04/07/2020,00:58:00,FlowVolume,8947.79,,G
04/07/2020,00:59:00,PT Level,3.63,in,G
04/07/2020,00:59:00,Flow_cfs,3.09,,G
04/07/2020,00:59:00,FlowVolume,9132.96,,G
04/07/2020,01:00:00,PT Level,3.62,in,G
04/07/2020,01:00:00,Aliquot_Num,0,ali,G
04/07/2020,01:00:00,Flow_cfs,3.07,,G
04/07/2020,01:00:00,Curr_pacing,30000.00,,G
04/07/2020,01:00:00,FlowVolume,9317.10,,G
04/07/2020,01:01:00,PT Level,3.63,in,G
04/07/2020,01:01:00,Flow_cfs,3.09,,G
04/07/2020,01:01:00,FlowVolume,9502.27,,G
04/07/2020,01:02:00,PT Level,3.63,in,G
04/07/2020,01:02:00,Flow_cfs,3.09,,G
04/07/2020,01:02:00,FlowVolume,9687.45,,G
04/07/2020,01:03:00,PT Level,3.62,in,G
04/07/2020,01:03:00,Flow_cfs,3.07,,G
04/07/2020,01:03:00,FlowVolume,9871.58,,G
04/07/2020,01:04:00,PT Level,3.64,in,G
04/07/2020,01:04:00,Flow_cfs,3.10,,G
04/07/2020,01:04:00,FlowVolume,10057.79,,G
04/07/2020,01:05:00,PT Level,3.62,in,G
04/07/2020,01:05:00,Aliquot_Num,0,ali,G
04/07/2020,01:05:00,Flow_cfs,3.07,,G
04/07/2020,01:05:00,Curr_pacing,30000.00,,G
04/07/2020,01:05:00,FlowVolume,10241.93,,G
04/07/2020,01:06:00,PT Level,3.62,in,G
04/07/2020,01:06:00,Flow_cfs,3.07,,G
04/07/2020,01:06:00,FlowVolume,10426.07,,G
04/07/2020,01:07:00,PT Level,3.64,in,G
04/07/2020,01:07:00,Flow_cfs,3.10,,G
04/07/2020,01:07:00,FlowVolume,10612.27,,G
04/07/2020,01:08:00,PT Level,3.64,in,G
04/07/2020,01:08:00,Flow_cfs,3.10,,G
04/07/2020,01:08:00,FlowVolume,10798.48,,G
04/07/2020,01:09:00,PT Level,3.65,in,G
04/07/2020,01:09:00,Flow_cfs,3.12,,G
04/07/2020,01:09:00,FlowVolume,10985.72,,G
04/07/2020,01:10:00,PT Level,3.66,in,G
04/07/2020,01:10:00,Aliquot_Num,0,ali,G
04/07/2020,01:10:00,Flow_cfs,3.14,,G
04/07/2020,01:10:00,Curr_pacing,30000.00,,G
04/07/2020,01:10:00,FlowVolume,11174.00,,G
04/07/2020,01:11:00,PT Level,3.66,in,G
04/07/2020,01:11:00,Flow_cfs,3.14,,G
04/07/2020,01:11:00,FlowVolume,11362.27,,G
04/07/2020,01:12:00,PT Level,3.65,in,G
04/07/2020,01:12:00,Flow_cfs,3.12,,G
04/07/2020,01:12:00,FlowVolume,11549.52,,G
04/07/2020,01:13:00,PT Level,3.67,in,G
04/07/2020,01:13:00,Flow_cfs,3.16,,G
04/07/2020,01:13:00,FlowVolume,11738.83,,G
04/07/2020,01:14:00,PT Level,3.68,in,G
04/07/2020,01:14:00,Flow_cfs,3.17,,G
04/07/2020,01:14:00,FlowVolume,11929.17,,G
04/07/2020,01:15:00,PT Level,3.68,in,G
04/07/2020,01:15:00,Aliquot_Num,0,ali,G
04/07/2020,01:15:00,Flow_cfs,3.17,,G
04/07/2020,01:15:00,Curr_pacing,30000.00,,G
04/07/2020,01:15:00,FlowVolume,12119.52,,G
04/07/2020,01:16:00,PT Level,3.67,in,G
04/07/2020,01:16:00,Flow_cfs,3.16,,G
04/07/2020,01:16:00,FlowVolume,12308.83,,G
04/07/2020,01:17:00,PT Level,3.69,in,G
04/07/2020,01:17:00,Flow_cfs,3.19,,G
04/07/2020,01:17:00,FlowVolume,12500.20,,G
04/07/2020,01:18:00,PT Level,3.68,in,G
04/07/2020,01:18:00,Flow_cfs,3.17,,G
04/07/2020,01:18:00,FlowVolume,12690.55,,G
04/07/2020,01:19:00,PT Level,3.69,in,G
04/07/2020,01:19:00,Flow_cfs,3.19,,G
04/07/2020,01:19:00,FlowVolume,12881.93,,G
04/07/2020,01:20:00,PT Level,3.71,in,G
04/07/2020,01:20:00,Aliquot_Num,0,ali,G
04/07/2020,01:20:00,Flow_cfs,3.22,,G
04/07/2020,01:20:00,Curr_pacing,30000.00,,G
04/07/2020,01:20:00,FlowVolume,13075.38,,G
04/07/2020,01:21:00,PT Level,3.71,in,G
04/07/2020,01:21:00,Flow_cfs,3.22,,G
04/07/2020,01:21:00,FlowVolume,13268.83,,G
04/07/2020,01:22:00,PT Level,3.71,in,G
04/07/2020,01:22:00,Flow_cfs,3.22,,G
04/07/2020,01:22:00,FlowVolume,13462.27,,G
04/07/2020,01:23:00,PT Level,3.73,in,G
04/07/2020,01:23:00,Flow_cfs,3.26,,G
04/07/2020,01:23:00,FlowVolume,13657.79,,G
04/07/2020,01:24:00,PT Level,3.75,in,G
04/07/2020,01:24:00,Flow_cfs,3.29,,G
04/07/2020,01:24:00,FlowVolume,13855.38,,G
04/07/2020,01:25:00,PT Level,3.76,in,G
04/07/2020,01:25:00,Aliquot_Num,0,ali,G
04/07/2020,01:25:00,Flow_cfs,3.31,,G
04/07/2020,01:25:00,Curr_pacing,30000.00,,G
04/07/2020,01:25:00,FlowVolume,14054.00,,G
04/07/2020,01:26:00,PT Level,3.77,in,G
04/07/2020,01:26:00,Flow_cfs,3.33,,G
04/07/2020,01:26:00,FlowVolume,14253.65,,G
04/07/2020,01:27:00,PT Level,3.76,in,G
04/07/2020,01:27:00,Flow_cfs,3.31,,G
04/07/2020,01:27:00,FlowVolume,14452.27,,G
04/07/2020,01:28:00,PT Level,3.78,in,G
04/07/2020,01:28:00,Flow_cfs,3.34,,G
04/07/2020,01:28:00,FlowVolume,14652.96,,G
04/07/2020,01:29:00,PT Level,3.79,in,G
04/07/2020,01:29:00,Flow_cfs,3.36,,G
04/07/2020,01:29:00,FlowVolume,14854.69,,G
04/07/2020,01:30:00,PT Level,3.81,in,G
04/07/2020,01:30:00,Aliquot_Num,0,ali,G
04/07/2020,01:30:00,Flow_cfs,3.40,,G
04/07/2020,01:30:00,Curr_pacing,30000.00,,G
04/07/2020,01:30:00,FlowVolume,15058.48,,G
04/07/2020,01:31:00,PT Level,3.82,in,G
04/07/2020,01:31:00,Flow_cfs,3.41,,G
04/07/2020,01:31:00,FlowVolume,15263.31,,G
04/07/2020,01:32:00,PT Level,3.82,in,G
04/07/2020,01:32:00,Flow_cfs,3.41,,G
04/07/2020,01:32:00,FlowVolume,15468.14,,G
04/07/2020,01:33:00,PT Level,3.83,in,G
04/07/2020,01:33:00,Flow_cfs,3.43,,G
04/07/2020,01:33:00,FlowVolume,15674.00,,G
04/07/2020,01:34:00,PT Level,3.85,in,G
04/07/2020,01:34:00,Flow_cfs,3.47,,G
04/07/2020,01:34:00,FlowVolume,15881.93,,G
04/07/2020,01:35:00,PT Level,3.87,in,G
04/07/2020,01:35:00,Aliquot_Num,0,ali,G
04/07/2020,01:35:00,Flow_cfs,3.50,,G
04/07/2020,01:35:00,Curr_pacing,30000.00,,G
04/07/2020,01:35:00,FlowVolume,16091.93,,G
04/07/2020,01:36:00,PT Level,3.87,in,G
04/07/2020,01:36:00,Flow_cfs,3.50,,G
04/07/2020,01:36:00,FlowVolume,16301.93,,G
04/07/2020,01:37:00,PT Level,3.89,in,G
04/07/2020,01:37:00,Flow_cfs,3.54,,G
04/07/2020,01:37:00,FlowVolume,16514.15,,G
04/07/2020,01:38:00,PT Level,3.90,in,G
04/07/2020,01:38:00,Flow_cfs,3.56,,G
04/07/2020,01:38:00,FlowVolume,16727.48,,G
04/07/2020,01:39:00,PT Level,3.92,in,G
04/07/2020,01:39:00,Flow_cfs,3.59,,G
04/07/2020,01:39:00,FlowVolume,16943.04,,G
04/07/2020,01:40:00,PT Level,3.92,in,G
04/07/2020,01:40:00,Aliquot_Num,0,ali,G
04/07/2020,01:40:00,Flow_cfs,3.59,,G
04/07/2020,01:40:00,Curr_pacing,30000.00,,G
04/07/2020,01:40:00,FlowVolume,17158.60,,G
04/07/2020,01:41:00,PT Level,3.95,in,G
04/07/2020,01:41:00,Flow_cfs,3.65,,G
04/07/2020,01:41:00,FlowVolume,17377.48,,G
04/07/2020,01:42:00,PT Level,3.95,in,G
04/07/2020,01:42:00,Flow_cfs,3.65,,G
04/07/2020,01:42:00,FlowVolume,17596.37,,G
04/07/2020,01:43:00,PT Level,3.97,in,G
04/07/2020,01:43:00,Flow_cfs,3.69,,G
04/07/2020,01:43:00,FlowVolume,17817.48,,G
04/07/2020,01:44:00,PT Level,3.98,in,G
04/07/2020,01:44:00,Flow_cfs,3.70,,G
04/07/2020,01:44:00,FlowVolume,18039.71,,G
04/07/2020,01:45:00,PT Level,3.98,in,G
04/07/2020,01:45:00,Aliquot_Num,0,ali,G
04/07/2020,01:45:00,Flow_cfs,3.70,,G
04/07/2020,01:45:00,Curr_pacing,30000.00,,G
04/07/2020,01:45:00,FlowVolume,18261.93,,G
04/07/2020,01:46:00,PT Level,3.98,in,G
04/07/2020,01:46:00,Flow_cfs,3.70,,G
04/07/2020,01:46:00,FlowVolume,18484.15,,G
04/07/2020,01:47:00,PT Level,3.99,in,G
04/07/2020,01:47:00,Flow_cfs,3.72,,G
04/07/2020,01:47:00,FlowVolume,18707.48,,G
04/07/2020,01:48:00,PT Level,4.01,in,G
04/07/2020,01:48:00,Flow_cfs,3.76,,G
04/07/2020,01:48:00,FlowVolume,18933.04,,G
04/07/2020,01:49:00,PT Level,4.01,in,G
04/07/2020,01:49:00,Flow_cfs,3.76,,G
04/07/2020,01:49:00,FlowVolume,19158.60,,G
04/07/2020,01:50:00,PT Level,4.03,in,G
04/07/2020,01:50:00,Aliquot_Num,0,ali,G
04/07/2020,01:50:00,Flow_cfs,3.80,,G
04/07/2020,01:50:00,Curr_pacing,30000.00,,G
04/07/2020,01:50:00,FlowVolume,19386.37,,G
04/07/2020,01:51:00,PT Level,4.03,in,G
04/07/2020,01:51:00,Flow_cfs,3.80,,G
04/07/2020,01:51:00,FlowVolume,19614.15,,G
04/07/2020,01:52:00,PT Level,4.06,in,G
04/07/2020,01:52:00,Flow_cfs,3.85,,G
04/07/2020,01:52:00,FlowVolume,19845.26,,G
04/07/2020,01:53:00,PT Level,4.05,in,G
04/07/2020,01:53:00,Flow_cfs,3.83,,G
04/07/2020,01:53:00,FlowVolume,20075.26,,G
04/07/2020,01:54:00,PT Level,4.05,in,G
04/07/2020,01:54:00,Flow_cfs,3.83,,G
04/07/2020,01:54:00,FlowVolume,20305.26,,G
04/07/2020,01:55:00,PT Level,4.07,in,G
04/07/2020,01:55:00,Aliquot_Num,0,ali,G
04/07/2020,01:55:00,Flow_cfs,3.87,,G
04/07/2020,01:55:00,Curr_pacing,30000.00,,G
04/07/2020,01:55:00,FlowVolume,20537.48,,G
04/07/2020,01:56:00,PT Level,4.09,in,G
04/07/2020,01:56:00,Flow_cfs,3.91,,G
04/07/2020,01:56:00,FlowVolume,20771.93,,G
04/07/2020,01:57:00,PT Level,4.09,in,G
04/07/2020,01:57:00,Flow_cfs,3.91,,G
04/07/2020,01:57:00,FlowVolume,21006.37,,G
04/07/2020,01:58:00,PT Level,4.11,in,G
04/07/2020,01:58:00,Flow_cfs,3.94,,G
04/07/2020,01:58:00,FlowVolume,21243.04,,G
04/07/2020,01:59:00,PT Level,4.12,in,G
04/07/2020,01:59:00,Flow_cfs,3.96,,G
04/07/2020,01:59:00,FlowVolume,21480.82,,G
04/07/2020,02:00:00,PT Level,4.12,in,G
04/07/2020,02:00:00,Aliquot_Num,0,ali,G
04/07/2020,02:00:00,Flow_cfs,3.96,,G
04/07/2020,02:00:00,Curr_pacing,30000.00,,G
04/07/2020,02:00:00,FlowVolume,21718.60,,G
04/07/2020,02:01:00,PT Level,4.14,in,G
04/07/2020,02:01:00,Flow_cfs,4.00,,G
04/07/2020,02:01:00,FlowVolume,21958.60,,G
04/07/2020,02:02:00,PT Level,4.15,in,G
04/07/2020,02:02:00,Flow_cfs,4.02,,G
04/07/2020,02:02:00,FlowVolume,22199.80,,G
04/07/2020,02:03:00,PT Level,4.14,in,G
04/07/2020,02:03:00,Flow_cfs,4.00,,G
04/07/2020,02:03:00,FlowVolume,22439.80,,G
04/07/2020,02:04:00,PT Level,4.16,in,G
04/07/2020,02:04:00,Flow_cfs,4.04,,G
04/07/2020,02:04:00,FlowVolume,22682.20,,G
04/07/2020,02:05:00,PT Level,4.18,in,G
04/07/2020,02:05:00,Aliquot_Num,0,ali,G
04/07/2020,02:05:00,Flow_cfs,4.08,,G
04/07/2020,02:05:00,Curr_pacing,30000.00,,G
04/07/2020,02:05:00,FlowVolume,22927.00,,G
04/07/2020,02:06:00,PT Level,4.20,in,G
04/07/2020,02:06:00,Flow_cfs,4.12,,G
04/07/2020,02:06:00,FlowVolume,23174.20,,G
04/07/2020,02:07:00,PT Level,4.20,in,G
04/07/2020,02:07:00,Flow_cfs,4.12,,G
04/07/2020,02:07:00,FlowVolume,23421.40,,G
04/07/2020,02:08:00,PT Level,4.21,in,G
04/07/2020,02:08:00,Flow_cfs,4.14,,G
04/07/2020,02:08:00,FlowVolume,23669.80,,G
04/07/2020,02:09:00,PT Level,4.21,in,G
04/07/2020,02:09:00,Flow_cfs,4.14,,G
04/07/2020,02:09:00,FlowVolume,23918.20,,G
04/07/2020,02:10:00,PT Level,4.22,in,G
04/07/2020,02:10:00,Aliquot_Num,0,ali,G
04/07/2020,02:10:00,Flow_cfs,4.16,,G
04/07/2020,02:10:00,Curr_pacing,30000.00,,G
04/07/2020,02:10:00,FlowVolume,24167.80,,G
04/07/2020,02:11:00,PT Level,4.24,in,G
04/07/2020,02:11:00,Flow_cfs,4.20,,G
04/07/2020,02:11:00,FlowVolume,24419.80,,G
04/07/2020,02:12:00,PT Level,4.23,in,G
04/07/2020,02:12:00,Flow_cfs,4.18,,G
04/07/2020,02:12:00,FlowVolume,24670.60,,G
04/07/2020,02:13:00,PT Level,4.26,in,G
04/07/2020,02:13:00,Flow_cfs,4.24,,G
04/07/2020,02:13:00,FlowVolume,24925.00,,G
04/07/2020,02:14:00,PT Level,4.26,in,G
04/07/2020,02:14:00,Flow_cfs,4.24,,G
04/07/2020,02:14:00,FlowVolume,25179.40,,G
04/07/2020,02:15:00,PT Level,4.20,in,G
04/07/2020,02:15:00,Aliquot_Num,0,ali,G
04/07/2020,02:15:00,Flow_cfs,4.12,,G
04/07/2020,02:15:00,Curr_pacing,30000.00,,G
04/07/2020,02:15:00,FlowVolume,25426.60,,G
04/07/2020,02:16:00,PT Level,4.29,in,G
04/07/2020,02:16:00,Flow_cfs,4.30,,G
04/07/2020,02:16:00,FlowVolume,25684.60,,G
04/07/2020,02:17:00,PT Level,4.29,in,G
04/07/2020,02:17:00,Flow_cfs,4.30,,G
04/07/2020,02:17:00,FlowVolume,25942.60,,G
04/07/2020,02:18:00,PT Level,4.30,in,G
04/07/2020,02:18:00,Flow_cfs,4.32,,G
04/07/2020,02:18:00,FlowVolume,26201.80,,G
04/07/2020,02:19:00,PT Level,4.30,in,G
04/07/2020,02:19:00,Flow_cfs,4.32,,G
04/07/2020,02:19:00,FlowVolume,26461.00,,G
04/07/2020,02:20:00,PT Level,4.32,in,G
04/07/2020,02:20:00,Aliquot_Num,0,ali,G
04/07/2020,02:20:00,Flow_cfs,4.36,,G
04/07/2020,02:20:00,Curr_pacing,30000.00,,G
04/07/2020,02:20:00,FlowVolume,26722.60,,G
04/07/2020,02:21:00,PT Level,4.33,in,G
04/07/2020,02:21:00,Flow_cfs,4.38,,G
04/07/2020,02:21:00,FlowVolume,26985.40,,G
04/07/2020,02:22:00,PT Level,4.33,in,G
04/07/2020,02:22:00,Flow_cfs,4.38,,G
04/07/2020,02:22:00,FlowVolume,27248.20,,G
04/07/2020,02:23:00,PT Level,4.35,in,G
04/07/2020,02:23:00,Flow_cfs,4.42,,G
04/07/2020,02:23:00,FlowVolume,27513.40,,G
04/07/2020,02:24:00,PT Level,4.37,in,G
04/07/2020,02:24:00,Flow_cfs,4.46,,G
04/07/2020,02:24:00,FlowVolume,27781.00,,G
04/07/2020,02:25:00,PT Level,4.38,in,G
04/07/2020,02:25:00,Aliquot_Num,0,ali,G
04/07/2020,02:25:00,Flow_cfs,4.48,,G
04/07/2020,02:25:00,Curr_pacing,30000.00,,G
04/07/2020,02:25:00,FlowVolume,28049.80,,G
04/07/2020,02:26:00,PT Level,4.38,in,G
04/07/2020,02:26:00,Flow_cfs,4.48,,G
04/07/2020,02:26:00,FlowVolume,28318.60,,G
04/07/2020,02:27:00,PT Level,4.40,in,G
04/07/2020,02:27:00,Flow_cfs,4.52,,G
04/07/2020,02:27:00,FlowVolume,28589.80,,G
04/07/2020,02:28:00,PT Level,4.40,in,G
04/07/2020,02:28:00,Flow_cfs,4.52,,G
04/07/2020,02:28:00,FlowVolume,28861.00,,G
04/07/2020,02:29:00,PT Level,4.42,in,G
04/07/2020,02:29:00,Flow_cfs,4.56,,G
04/07/2020,02:29:00,FlowVolume,29134.60,,G
04/07/2020,02:30:00,PT Level,4.42,in,G
04/07/2020,02:30:00,Aliquot_Num,0,ali,G
04/07/2020,02:30:00,Flow_cfs,4.56,,G
04/07/2020,02:30:00,Curr_pacing,30000.00,,G
04/07/2020,02:30:00,FlowVolume,29408.20,,G
04/07/2020,02:31:00,PT Level,4.43,in,G
04/07/2020,02:31:00,Flow_cfs,4.58,,G
04/07/2020,02:31:00,FlowVolume,29683.00,,G
04/07/2020,02:32:00,PT Level,4.44,in,G
04/07/2020,02:32:00,Flow_cfs,4.60,,G
04/07/2020,02:32:00,FlowVolume,29959.00,,G
04/07/2020,02:33:00,PT Level,4.44,in,G
04/07/2020,02:33:00,Flow_cfs,4.60,,G
04/07/2020,02:33:00,Triggered S,1,,G
04/07/2020,02:33:00,VolumeTrig,30235.00,,G
04/07/2020,02:33:00,FlowVolume,235.00,,G
04/07/2020,02:34:00,PT Level,4.46,in,G
04/07/2020,02:34:00,Flow_cfs,4.64,,G
04/07/2020,02:34:00,FlowVolume,513.40,,G
04/07/2020,02:35:00,PT Level,4.46,in,G
04/07/2020,02:35:00,Aliquot_Num,1,ali,G
04/07/2020,02:35:00,Flow_cfs,4.64,,G
04/07/2020,02:35:00,Curr_pacing,30000.00,,G
04/07/2020,02:35:00,FlowVolume,791.80,,G
04/07/2020,02:36:00,PT Level,4.47,in,G
04/07/2020,02:36:00,Flow_cfs,4.66,,G
04/07/2020,02:36:00,FlowVolume,1071.40,,G
04/07/2020,02:37:00,PT Level,4.48,in,G
04/07/2020,02:37:00,Flow_cfs,4.68,,G
04/07/2020,02:37:00,FlowVolume,1352.20,,G
04/07/2020,02:38:00,PT Level,4.49,in,G
04/07/2020,02:38:00,Flow_cfs,4.70,,G
04/07/2020,02:38:00,FlowVolume,1634.20,,G
04/07/2020,02:39:00,PT Level,4.50,in,G
04/07/2020,02:39:00,Flow_cfs,4.72,,G
04/07/2020,02:39:00,FlowVolume,1917.40,,G
04/07/2020,02:40:00,PT Level,4.52,in,G
04/07/2020,02:40:00,Aliquot_Num,1,ali,G
04/07/2020,02:40:00,Flow_cfs,4.76,,G
04/07/2020,02:40:00,Curr_pacing,30000.00,,G
04/07/2020,02:40:00,FlowVolume,2203.00,,G
04/07/2020,02:41:00,PT Level,4.51,in,G
04/07/2020,02:41:00,Flow_cfs,4.74,,G
04/07/2020,02:41:00,FlowVolume,2487.40,,G
04/07/2020,02:42:00,PT Level,4.51,in,G
04/07/2020,02:42:00,Flow_cfs,4.74,,G
04/07/2020,02:42:00,FlowVolume,2771.80,,G
04/07/2020,02:43:00,PT Level,4.52,in,G
04/07/2020,02:43:00,Flow_cfs,4.76,,G
04/07/2020,02:43:00,FlowVolume,3057.40,,G
04/07/2020,02:44:00,PT Level,4.54,in,G
04/07/2020,02:44:00,Flow_cfs,4.80,,G
04/07/2020,02:44:00,FlowVolume,3345.40,,G
04/07/2020,02:45:00,PT Level,4.53,in,G
04/07/2020,02:45:00,Aliquot_Num,1,ali,G
04/07/2020,02:45:00,Flow_cfs,4.78,,G
04/07/2020,02:45:00,Curr_pacing,30000.00,,G
04/07/2020,02:45:00,FlowVolume,3632.20,,G
04/07/2020,02:46:00,PT Level,4.54,in,G
04/07/2020,02:46:00,Flow_cfs,4.80,,G
04/07/2020,02:46:00,FlowVolume,3920.20,,G
04/07/2020,02:47:00,PT Level,4.54,in,G
04/07/2020,02:47:00,Flow_cfs,4.80,,G
04/07/2020,02:47:00,FlowVolume,4208.20,,G
04/07/2020,02:48:00,PT Level,4.55,in,G
04/07/2020,02:48:00,Flow_cfs,4.82,,G
04/07/2020,02:48:00,FlowVolume,4497.40,,G
04/07/2020,02:49:00,PT Level,4.56,in,G
04/07/2020,02:49:00,Flow_cfs,4.84,,G
04/07/2020,02:49:00,FlowVolume,4787.80,,G
04/07/2020,02:50:00,PT Level,4.55,in,G
04/07/2020,02:50:00,Aliquot_Num,1,ali,G
04/07/2020,02:50:00,Flow_cfs,4.82,,G
04/07/2020,02:50:00,Curr_pacing,30000.00,,G
04/07/2020,02:50:00,FlowVolume,5077.00,,G
04/07/2020,02:51:00,PT Level,4.56,in,G
04/07/2020,02:51:00,Flow_cfs,4.84,,G
04/07/2020,02:51:00,FlowVolume,5367.40,,G
04/07/2020,02:52:00,PT Level,4.56,in,G
04/07/2020,02:52:00,Flow_cfs,4.84,,G
04/07/2020,02:52:00,FlowVolume,5657.80,,G
04/07/2020,02:53:00,PT Level,4.57,in,G
04/07/2020,02:53:00,Flow_cfs,4.86,,G
04/07/2020,02:53:00,FlowVolume,5949.40,,G
04/07/2020,02:54:00,PT Level,4.56,in,G
04/07/2020,02:54:00,Flow_cfs,4.84,,G
04/07/2020,02:54:00,FlowVolume,6239.80,,G
04/07/2020,02:55:00,PT Level,4.58,in,G
04/07/2020,02:55:00,Aliquot_Num,1,ali,G
04/07/2020,02:55:00,Flow_cfs,4.88,,G
04/07/2020,02:55:00,Curr_pacing,30000.00,,G
04/07/2020,02:55:00,FlowVolume,6532.60,,G
04/07/2020,02:56:00,PT Level,4.57,in,G
04/07/2020,02:56:00,Flow_cfs,4.86,,G
04/07/2020,02:56:00,FlowVolume,6824.20,,G
04/07/2020,02:57:00,PT Level,4.57,in,G
04/07/2020,02:57:00,Flow_cfs,4.86,,G
04/07/2020,02:57:00,FlowVolume,7115.80,,G
04/07/2020,02:58:00,PT Level,4.57,in,G
04/07/2020,02:58:00,Flow_cfs,4.86,,G
04/07/2020,02:58:00,FlowVolume,7407.40,,G
04/07/2020,02:59:00,PT Level,4.59,in,G
04/07/2020,02:59:00,Flow_cfs,4.90,,G
04/07/2020,02:59:00,FlowVolume,7701.40,,G
04/07/2020,03:00:00,PT Level,4.58,in,G
04/07/2020,03:00:00,Aliquot_Num,1,ali,G
04/07/2020,03:00:00,Flow_cfs,4.88,,G
04/07/2020,03:00:00,Curr_pacing,30000.00,,G
04/07/2020,03:00:00,FlowVolume,7994.20,,G
04/07/2020,03:01:00,PT Level,4.60,in,G
04/07/2020,03:01:00,Flow_cfs,4.92,,G
04/07/2020,03:01:00,FlowVolume,8289.40,,G
04/07/2020,03:02:00,PT Level,4.58,in,G
04/07/2020,03:02:00,Flow_cfs,4.88,,G
04/07/2020,03:02:00,FlowVolume,8582.20,,G
04/07/2020,03:03:00,PT Level,4.61,in,G
04/07/2020,03:03:00,Flow_cfs,4.94,,G
04/07/2020,03:03:00,FlowVolume,8878.60,,G
04/07/2020,03:04:00,PT Level,4.60,in,G
04/07/2020,03:04:00,Flow_cfs,4.92,,G
04/07/2020,03:04:00,FlowVolume,9173.80,,G
04/07/2020,03:05:00,PT Level,4.60,in,G
04/07/2020,03:05:00,Aliquot_Num,1,ali,G
04/07/2020,03:05:00,Flow_cfs,4.92,,G
04/07/2020,03:05:00,Curr_pacing,30000.00,,G
04/07/2020,03:05:00,FlowVolume,9469.00,,G
04/07/2020,03:06:00,PT Level,4.60,in,G
04/07/2020,03:06:00,Flow_cfs,4.92,,G
04/07/2020,03:06:00,FlowVolume,9764.20,,G
04/07/2020,03:07:00,PT Level,4.62,in,G
04/07/2020,03:07:00,Flow_cfs,4.96,,G
04/07/2020,03:07:00,FlowVolume,10061.80,,G
04/07/2020,03:08:00,PT Level,4.62,in,G
04/07/2020,03:08:00,Flow_cfs,4.96,,G
04/07/2020,03:08:00,FlowVolume,10359.40,,G
04/07/2020,03:09:00,PT Level,4.63,in,G
04/07/2020,03:09:00,Flow_cfs,4.98,,G
04/07/2020,03:09:00,FlowVolume,10658.20,,G
04/07/2020,03:10:00,PT Level,4.63,in,G
04/07/2020,03:10:00,Aliquot_Num,1,ali,G
04/07/2020,03:10:00,Flow_cfs,4.98,,G
04/07/2020,03:10:00,Curr_pacing,30000.00,,G
04/07/2020,03:10:00,FlowVolume,10957.00,,G
04/07/2020,03:11:00,PT Level,4.62,in,G
04/07/2020,03:11:00,Flow_cfs,4.96,,G
04/07/2020,03:11:00,FlowVolume,11254.60,,G
04/07/2020,03:12:00,PT Level,4.62,in,G
04/07/2020,03:12:00,Flow_cfs,4.96,,G
04/07/2020,03:12:00,FlowVolume,11552.20,,G
04/07/2020,03:13:00,PT Level,4.63,in,G
04/07/2020,03:13:00,Flow_cfs,4.98,,G
04/07/2020,03:13:00,FlowVolume,11851.00,,G
04/07/2020,03:14:00,PT Level,4.63,in,G
04/07/2020,03:14:00,Flow_cfs,4.98,,G
04/07/2020,03:14:00,FlowVolume,12149.80,,G
04/07/2020,03:15:00,PT Level,4.63,in,G
04/07/2020,03:15:00,Aliquot_Num,1,ali,G
04/07/2020,03:15:00,Flow_cfs,4.98,,G
04/07/2020,03:15:00,Curr_pacing,30000.00,,G
04/07/2020,03:15:00,FlowVolume,12448.60,,G
04/07/2020,03:16:00,PT Level,4.65,in,G
04/07/2020,03:16:00,Flow_cfs,5.02,,G
04/07/2020,03:16:00,FlowVolume,12749.90,,G
04/07/2020,03:17:00,PT Level,4.65,in,G
04/07/2020,03:17:00,Flow_cfs,5.02,,G
04/07/2020,03:17:00,FlowVolume,13051.20,,G
04/07/2020,03:18:00,PT Level,4.65,in,G
04/07/2020,03:18:00,Flow_cfs,5.02,,G
04/07/2020,03:18:00,FlowVolume,13352.51,,G
04/07/2020,03:19:00,PT Level,4.66,in,G
04/07/2020,03:19:00,Flow_cfs,5.04,,G
04/07/2020,03:19:00,FlowVolume,13655.12,,G
04/07/2020,03:20:00,PT Level,4.66,in,G
04/07/2020,03:20:00,Aliquot_Num,1,ali,G
04/07/2020,03:20:00,Flow_cfs,5.04,,G
04/07/2020,03:20:00,Curr_pacing,30000.00,,G
04/07/2020,03:20:00,FlowVolume,13957.73,,G
04/07/2020,03:21:00,PT Level,4.66,in,G
04/07/2020,03:21:00,Flow_cfs,5.04,,G
04/07/2020,03:21:00,FlowVolume,14260.33,,G
04/07/2020,03:22:00,PT Level,4.68,in,G
04/07/2020,03:22:00,Flow_cfs,5.09,,G
04/07/2020,03:22:00,FlowVolume,14565.55,,G
04/07/2020,03:23:00,PT Level,4.67,in,G
04/07/2020,03:23:00,Flow_cfs,5.07,,G
04/07/2020,03:23:00,FlowVolume,14869.47,,G
04/07/2020,03:24:00,PT Level,4.68,in,G
04/07/2020,03:24:00,Flow_cfs,5.09,,G
04/07/2020,03:24:00,FlowVolume,15174.68,,G
04/07/2020,03:25:00,PT Level,4.68,in,G
04/07/2020,03:25:00,Aliquot_Num,1,ali,G
04/07/2020,03:25:00,Flow_cfs,5.09,,G
04/07/2020,03:25:00,Curr_pacing,30000.00,,G
04/07/2020,03:25:00,FlowVolume,15479.90,,G
04/07/2020,03:26:00,PT Level,4.69,in,G
04/07/2020,03:26:00,Flow_cfs,5.11,,G
04/07/2020,03:26:00,FlowVolume,15786.42,,G
04/07/2020,03:27:00,PT Level,4.71,in,G
04/07/2020,03:27:00,Flow_cfs,5.15,,G
04/07/2020,03:27:00,FlowVolume,16095.55,,G
04/07/2020,03:28:00,PT Level,4.71,in,G
04/07/2020,03:28:00,Flow_cfs,5.15,,G
04/07/2020,03:28:00,FlowVolume,16404.68,,G
04/07/2020,03:29:00,PT Level,4.71,in,G
04/07/2020,03:29:00,Flow_cfs,5.15,,G
04/07/2020,03:29:00,FlowVolume,16713.81,,G
04/07/2020,03:30:00,PT Level,4.72,in,G
04/07/2020,03:30:00,Aliquot_Num,1,ali,G
04/07/2020,03:30:00,Flow_cfs,5.17,,G
04/07/2020,03:30:00,Curr_pacing,30000.00,,G
04/07/2020,03:30:00,FlowVolume,17024.25,,G
04/07/2020,03:31:00,PT Level,4.73,in,G
04/07/2020,03:31:00,Flow_cfs,5.20,,G
04/07/2020,03:31:00,FlowVolume,17335.99,,G
04/07/2020,03:32:00,PT Level,4.74,in,G
04/07/2020,03:32:00,Flow_cfs,5.22,,G
04/07/2020,03:32:00,FlowVolume,17649.03,,G
04/07/2020,03:33:00,PT Level,4.74,in,G
04/07/2020,03:33:00,Flow_cfs,5.22,,G
04/07/2020,03:33:00,FlowVolume,17962.07,,G
04/07/2020,03:34:00,PT Level,4.75,in,G
04/07/2020,03:34:00,Flow_cfs,5.24,,G
04/07/2020,03:34:00,FlowVolume,18276.42,,G
04/07/2020,03:35:00,PT Level,4.77,in,G
04/07/2020,03:35:00,Aliquot_Num,1,ali,G
04/07/2020,03:35:00,Flow_cfs,5.28,,G
04/07/2020,03:35:00,Curr_pacing,30000.00,,G
04/07/2020,03:35:00,FlowVolume,18593.38,,G
04/07/2020,03:36:00,PT Level,4.76,in,G
04/07/2020,03:36:00,Flow_cfs,5.26,,G
04/07/2020,03:36:00,FlowVolume,18909.03,,G
04/07/2020,03:37:00,PT Level,4.77,in,G
04/07/2020,03:37:00,Flow_cfs,5.28,,G
04/07/2020,03:37:00,FlowVolume,19225.99,,G
04/07/2020,03:38:00,PT Level,4.80,in,G
04/07/2020,03:38:00,Flow_cfs,5.35,,G
04/07/2020,03:38:00,FlowVolume,19546.86,,G
04/07/2020,03:39:00,PT Level,4.80,in,G
04/07/2020,03:39:00,Flow_cfs,5.35,,G
04/07/2020,03:39:00,FlowVolume,19867.73,,G
04/07/2020,03:40:00,PT Level,4.80,in,G
04/07/2020,03:40:00,Aliquot_Num,1,ali,G
04/07/2020,03:40:00,Flow_cfs,5.35,,G
04/07/2020,03:40:00,Curr_pacing,30000.00,,G
04/07/2020,03:40:00,FlowVolume,20188.60,,G
04/07/2020,03:41:00,PT Level,4.82,in,G
04/07/2020,03:41:00,Flow_cfs,5.39,,G
04/07/2020,03:41:00,FlowVolume,20512.07,,G
04/07/2020,03:42:00,PT Level,4.80,in,G
04/07/2020,03:42:00,Flow_cfs,5.35,,G
04/07/2020,03:42:00,FlowVolume,20832.94,,G
04/07/2020,03:43:00,PT Level,4.82,in,G
04/07/2020,03:43:00,Flow_cfs,5.39,,G
04/07/2020,03:43:00,FlowVolume,21156.42,,G
04/07/2020,03:44:00,PT Level,4.82,in,G
04/07/2020,03:44:00,Flow_cfs,5.39,,G
04/07/2020,03:44:00,FlowVolume,21479.90,,G
04/07/2020,03:45:00,PT Level,4.83,in,G
04/07/2020,03:45:00,Aliquot_Num,1,ali,G
04/07/2020,03:45:00,Flow_cfs,5.41,,G
04/07/2020,03:45:00,Curr_pacing,30000.00,,G
04/07/2020,03:45:00,FlowVolume,21804.68,,G
04/07/2020,03:46:00,PT Level,4.84,in,G
04/07/2020,03:46:00,Flow_cfs,5.43,,G
04/07/2020,03:46:00,FlowVolume,22130.77,,G
04/07/2020,03:47:00,PT Level,4.85,in,G
04/07/2020,03:47:00,Flow_cfs,5.46,,G
04/07/2020,03:47:00,FlowVolume,22458.16,,G
04/07/2020,03:48:00,PT Level,4.86,in,G
04/07/2020,03:48:00,Flow_cfs,5.48,,G
04/07/2020,03:48:00,FlowVolume,22786.86,,G
04/07/2020,03:49:00,PT Level,4.88,in,G
04/07/2020,03:49:00,Flow_cfs,5.52,,G
04/07/2020,03:49:00,FlowVolume,23118.22,,G
04/07/2020,03:50:00,PT Level,4.87,in,G
04/07/2020,03:50:00,Aliquot_Num,1,ali,G
04/07/2020,03:50:00,Flow_cfs,5.50,,G
04/07/2020,03:50:00,Curr_pacing,30000.00,,G
04/07/2020,03:50:00,FlowVolume,23448.22,,G
04/07/2020,03:51:00,PT Level,4.91,in,G
04/07/2020,03:51:00,Flow_cfs,5.59,,G
04/07/2020,03:51:00,FlowVolume,23783.67,,G
04/07/2020,03:52:00,PT Level,4.89,in,G
04/07/2020,03:52:00,Flow_cfs,5.55,,G
04/07/2020,03:52:00,FlowVolume,24116.40,,G
04/07/2020,03:53:00,PT Level,4.91,in,G
04/07/2020,03:53:00,Flow_cfs,5.59,,G
04/07/2020,03:53:00,FlowVolume,24451.86,,G
04/07/2020,03:54:00,PT Level,4.92,in,G
04/07/2020,03:54:00,Flow_cfs,5.61,,G
04/07/2020,03:54:00,FlowVolume,24788.67,,G
04/07/2020,03:55:00,PT Level,4.93,in,G
04/07/2020,03:55:00,Aliquot_Num,1,ali,G
04/07/2020,03:55:00,Flow_cfs,5.64,,G
04/07/2020,03:55:00,Curr_pacing,30000.00,,G
04/07/2020,03:55:00,FlowVolume,25126.86,,G
04/07/2020,03:56:00,PT Level,4.94,in,G
04/07/2020,03:56:00,Flow_cfs,5.66,,G
04/07/2020,03:56:00,FlowVolume,25466.40,,G
04/07/2020,03:57:00,PT Level,4.94,in,G
04/07/2020,03:57:00,Flow_cfs,5.66,,G
04/07/2020,03:57:00,FlowVolume,25805.95,,G
04/07/2020,03:58:00,PT Level,4.97,in,G
04/07/2020,03:58:00,Flow_cfs,5.73,,G
04/07/2020,03:58:00,FlowVolume,26149.58,,G
04/07/2020,03:59:00,PT Level,4.90,in,G
04/07/2020,03:59:00,Flow_cfs,5.57,,G
04/07/2020,03:59:00,FlowVolume,26483.67,,G
04/07/2020,04:00:00,PT Level,4.97,in,G
04/07/2020,04:00:00,Aliquot_Num,1,ali,G
04/07/2020,04:00:00,Flow_cfs,5.73,,G
04/07/2020,04:00:00,Curr_pacing,30000.00,,G
04/07/2020,04:00:00,FlowVolume,26827.31,,G
04/07/2020,04:01:00,PT Level,4.97,in,G
04/07/2020,04:01:00,Flow_cfs,5.73,,G
04/07/2020,04:01:00,FlowVolume,27170.95,,G
04/07/2020,04:01:24,Log Download,0,,G
04/07/2020,04:02:00,PT Level,4.99,in,G
04/07/2020,04:02:00,Flow_cfs,5.77,,G
04/07/2020,04:02:00,FlowVolume,27517.31,,G
04/07/2020,04:02:10,Client Conn,66,,G
04/07/2020,04:03:00,PT Level,4.99,in,G
04/07/2020,04:03:00,Flow_cfs,5.77,,G
04/07/2020,04:03:00,FlowVolume,27863.67,,G
04/07/2020,04:04:00,PT Level,4.99,in,G
04/07/2020,04:04:00,Flow_cfs,5.77,,G
04/07/2020,04:04:00,FlowVolume,28210.04,,G
04/07/2020,04:05:00,PT Level,5.02,in,G
04/07/2020,04:05:00,Aliquot_Num,1,ali,G
04/07/2020,04:05:00,Flow_cfs,5.84,,G
04/07/2020,04:05:00,Curr_pacing,30000.00,,G
04/07/2020,04:05:00,FlowVolume,28560.49,,G
04/07/2020,04:06:00,PT Level,5.02,in,G
04/07/2020,04:06:00,Flow_cfs,5.84,,G
04/07/2020,04:06:00,FlowVolume,28910.95,,G
04/07/2020,04:07:00,PT Level,5.01,in,G
04/07/2020,04:07:00,Flow_cfs,5.82,,G
04/07/2020,04:07:00,FlowVolume,29260.04,,G
04/07/2020,04:08:00,PT Level,5.03,in,G
04/07/2020,04:08:00,Flow_cfs,5.86,,G
04/07/2020,04:08:00,FlowVolume,29611.86,,G
04/07/2020,04:09:00,PT Level,5.05,in,G
04/07/2020,04:09:00,Flow_cfs,5.91,,G
04/07/2020,04:09:00,FlowVolume,29966.40,,G
04/07/2020,04:10:00,PT Level,5.04,in,G
04/07/2020,04:10:00,Aliquot_Num,1,ali,G
04/07/2020,04:10:00,Flow_cfs,5.89,,G
04/07/2020,04:10:00,Curr_pacing,30000.00,,G
04/07/2020,04:10:00,Triggered S,2,,G
04/07/2020,04:10:00,VolumeTrig,30319.58,,G
04/07/2020,04:10:00,FlowVolume,319.58,,G
04/07/2020,04:11:00,PT Level,5.03,in,G
04/07/2020,04:11:00,Flow_cfs,5.86,,G
04/07/2020,04:11:00,FlowVolume,671.40,,G
04/07/2020,04:12:00,PT Level,5.04,in,G
04/07/2020,04:12:00,Flow_cfs,5.89,,G
04/07/2020,04:12:00,FlowVolume,1024.58,,G
04/07/2020,04:13:00,PT Level,5.07,in,G
04/07/2020,04:13:00,Flow_cfs,5.95,,G
04/07/2020,04:13:00,FlowVolume,1381.86,,G
04/07/2020,04:14:00,PT Level,5.07,in,G
04/07/2020,04:14:00,Flow_cfs,5.95,,G
04/07/2020,04:14:00,FlowVolume,1739.13,,G
04/07/2020,04:15:00,PT Level,5.08,in,G
04/07/2020,04:15:00,Aliquot_Num,2,ali,G
04/07/2020,04:15:00,Flow_cfs,5.98,,G
04/07/2020,04:15:00,Curr_pacing,30000.00,,G
04/07/2020,04:15:00,FlowVolume,2097.77,,G
04/07/2020,04:16:00,PT Level,5.07,in,G
04/07/2020,04:16:00,Flow_cfs,5.95,,G
04/07/2020,04:16:00,FlowVolume,2455.04,,G
04/07/2020,04:17:00,PT Level,5.08,in,G
04/07/2020,04:17:00,Flow_cfs,5.98,,G
04/07/2020,04:17:00,FlowVolume,2813.67,,G
04/07/2020,04:18:00,PT Level,5.08,in,G
04/07/2020,04:18:00,Flow_cfs,5.98,,G
04/07/2020,04:18:00,FlowVolume,3172.31,,G
04/07/2020,04:19:00,PT Level,5.10,in,G
04/07/2020,04:19:00,Flow_cfs,6.02,,G
04/07/2020,04:19:00,FlowVolume,3533.74,,G
04/07/2020,04:20:00,PT Level,5.10,in,G
04/07/2020,04:20:00,Aliquot_Num,2,ali,G
04/07/2020,04:20:00,Flow_cfs,6.02,,G
04/07/2020,04:20:00,Curr_pacing,30000.00,,G
04/07/2020,04:20:00,FlowVolume,3895.17,,G
04/07/2020,04:21:00,PT Level,5.11,in,G
04/07/2020,04:21:00,Flow_cfs,6.05,,G
04/07/2020,04:21:00,FlowVolume,4258.03,,G
04/07/2020,04:22:00,PT Level,5.11,in,G
04/07/2020,04:22:00,Flow_cfs,6.05,,G
04/07/2020,04:22:00,FlowVolume,4620.88,,G
04/07/2020,04:23:00,PT Level,5.11,in,G
04/07/2020,04:23:00,Flow_cfs,6.05,,G
04/07/2020,04:23:00,FlowVolume,4983.74,,G
04/07/2020,04:24:00,PT Level,5.10,in,G
04/07/2020,04:24:00,Flow_cfs,6.02,,G
04/07/2020,04:24:00,FlowVolume,5345.17,,G
04/07/2020,04:25:00,PT Level,5.13,in,G
04/07/2020,04:25:00,Aliquot_Num,2,ali,G
04/07/2020,04:25:00,Flow_cfs,6.10,,G
04/07/2020,04:25:00,Curr_pacing,30000.00,,G
04/07/2020,04:25:00,FlowVolume,5710.88,,G
04/07/2020,04:26:00,PT Level,5.10,in,G
04/07/2020,04:26:00,Flow_cfs,6.02,,G
04/07/2020,04:26:00,FlowVolume,6072.31,,G
04/07/2020,04:27:00,PT Level,5.13,in,G
04/07/2020,04:27:00,Flow_cfs,6.10,,G
04/07/2020,04:27:00,FlowVolume,6438.03,,G
04/07/2020,04:28:00,PT Level,5.14,in,G
04/07/2020,04:28:00,Flow_cfs,6.12,,G
04/07/2020,04:28:00,FlowVolume,6805.17,,G
04/07/2020,04:29:00,PT Level,5.16,in,G
04/07/2020,04:29:00,Flow_cfs,6.17,,G
04/07/2020,04:29:00,FlowVolume,7175.17,,G
04/07/2020,04:30:00,PT Level,5.15,in,G
04/07/2020,04:30:00,Aliquot_Num,2,ali,G
04/07/2020,04:30:00,Flow_cfs,6.14,,G
04/07/2020,04:30:00,Curr_pacing,30000.00,,G
04/07/2020,04:30:00,FlowVolume,7543.74,,G
04/07/2020,04:31:00,PT Level,5.16,in,G
04/07/2020,04:31:00,Flow_cfs,6.17,,G
04/07/2020,04:31:00,FlowVolume,7913.74,,G
04/07/2020,04:32:00,PT Level,5.17,in,G
04/07/2020,04:32:00,Flow_cfs,6.19,,G
04/07/2020,04:32:00,FlowVolume,8285.17,,G
04/07/2020,04:33:00,PT Level,5.18,in,G
04/07/2020,04:33:00,Flow_cfs,6.21,,G
04/07/2020,04:33:00,FlowVolume,8658.03,,G
04/07/2020,04:34:00,PT Level,5.17,in,G
04/07/2020,04:34:00,Flow_cfs,6.19,,G
04/07/2020,04:34:00,FlowVolume,9029.45,,G
04/07/2020,04:35:00,PT Level,5.19,in,G
04/07/2020,04:35:00,Aliquot_Num,2,ali,G
04/07/2020,04:35:00,Flow_cfs,6.24,,G
04/07/2020,04:35:00,Curr_pacing,30000.00,,G
04/07/2020,04:35:00,FlowVolume,9403.74,,G
04/07/2020,04:36:00,PT Level,5.19,in,G
04/07/2020,04:36:00,Flow_cfs,6.24,,G
04/07/2020,04:36:00,FlowVolume,9778.03,,G
04/07/2020,04:37:00,PT Level,5.21,in,G
04/07/2020,04:37:00,Flow_cfs,6.29,,G
04/07/2020,04:37:00,FlowVolume,10155.17,,G
04/07/2020,04:38:00,PT Level,5.21,in,G
04/07/2020,04:38:00,Flow_cfs,6.29,,G
04/07/2020,04:38:00,FlowVolume,10532.31,,G
04/07/2020,04:39:00,PT Level,5.25,in,G
04/07/2020,04:39:00,Flow_cfs,6.38,,G
04/07/2020,04:39:00,FlowVolume,10915.17,,G
04/07/2020,04:40:00,PT Level,5.24,in,G
04/07/2020,04:40:00,Aliquot_Num,2,ali,G
04/07/2020,04:40:00,Flow_cfs,6.36,,G
04/07/2020,04:40:00,Curr_pacing,30000.00,,G
04/07/2020,04:40:00,FlowVolume,11296.60,,G
04/07/2020,04:41:00,PT Level,5.25,in,G
04/07/2020,04:41:00,Flow_cfs,6.38,,G
04/07/2020,04:41:00,FlowVolume,11679.45,,G
04/07/2020,04:42:00,PT Level,5.27,in,G
04/07/2020,04:42:00,Flow_cfs,6.43,,G
04/07/2020,04:42:00,FlowVolume,12065.17,,G
04/07/2020,04:43:00,PT Level,5.28,in,G
04/07/2020,04:43:00,Flow_cfs,6.45,,G
04/07/2020,04:43:00,FlowVolume,12452.31,,G
04/07/2020,04:44:00,PT Level,5.27,in,G
04/07/2020,04:44:00,Flow_cfs,6.43,,G
04/07/2020,04:44:00,FlowVolume,12838.03,,G
04/07/2020,04:45:00,PT Level,5.27,in,G
04/07/2020,04:45:00,Aliquot_Num,2,ali,G
04/07/2020,04:45:00,Flow_cfs,6.43,,G
04/07/2020,04:45:00,Curr_pacing,30000.00,,G
04/07/2020,04:45:00,FlowVolume,13223.74,,G
04/07/2020,04:46:00,PT Level,5.28,in,G
04/07/2020,04:46:00,Flow_cfs,6.45,,G
04/07/2020,04:46:00,FlowVolume,13610.88,,G
04/07/2020,04:47:00,PT Level,5.29,in,G
04/07/2020,04:47:00,Flow_cfs,6.48,,G
04/07/2020,04:47:00,FlowVolume,13999.45,,G
04/07/2020,04:48:00,PT Level,5.30,in,G
04/07/2020,04:48:00,Flow_cfs,6.50,,G
04/07/2020,04:48:00,FlowVolume,14389.45,,G
04/07/2020,04:49:00,PT Level,5.31,in,G
04/07/2020,04:49:00,Flow_cfs,6.53,,G
04/07/2020,04:49:00,FlowVolume,14780.95,,G
04/07/2020,04:50:00,PT Level,5.30,in,G
04/07/2020,04:50:00,Aliquot_Num,2,ali,G
04/07/2020,04:50:00,Flow_cfs,6.50,,G
04/07/2020,04:50:00,Curr_pacing,30000.00,,G
04/07/2020,04:50:00,FlowVolume,15170.95,,G
04/07/2020,04:51:00,PT Level,5.32,in,G
04/07/2020,04:51:00,Flow_cfs,6.55,,G
04/07/2020,04:51:00,FlowVolume,15563.95,,G
04/07/2020,04:52:00,PT Level,5.32,in,G
04/07/2020,04:52:00,Flow_cfs,6.55,,G
04/07/2020,04:52:00,FlowVolume,15956.95,,G
04/07/2020,04:53:00,PT Level,5.34,in,G
04/07/2020,04:53:00,Flow_cfs,6.60,,G
04/07/2020,04:53:00,FlowVolume,16352.95,,G
04/07/2020,04:54:00,PT Level,5.34,in,G
04/07/2020,04:54:00,Flow_cfs,6.60,,G
04/07/2020,04:54:00,FlowVolume,16748.95,,G
04/07/2020,04:55:00,PT Level,5.34,in,G
04/07/2020,04:55:00,Aliquot_Num,2,ali,G
04/07/2020,04:55:00,Flow_cfs,6.60,,G
04/07/2020,04:55:00,Curr_pacing,30000.00,,G
04/07/2020,04:55:00,FlowVolume,17144.95,,G
04/07/2020,04:56:00,PT Level,5.33,in,G
04/07/2020,04:56:00,Flow_cfs,6.57,,G
04/07/2020,04:56:00,FlowVolume,17539.45,,G
04/07/2020,04:57:00,PT Level,5.37,in,G
04/07/2020,04:57:00,Flow_cfs,6.67,,G
04/07/2020,04:57:00,FlowVolume,17939.95,,G
04/07/2020,04:57:30,Log Download,0,,G
04/07/2020,04:58:00,PT Level,5.36,in,G
04/07/2020,04:58:00,Flow_cfs,6.65,,G
04/07/2020,04:58:00,FlowVolume,18338.95,,G
04/07/2020,04:58:12,Client Conn,67,,G
04/07/2020,04:59:00,PT Level,5.37,in,G
04/07/2020,04:59:00,Flow_cfs,6.67,,G
04/07/2020,04:59:00,FlowVolume,18739.45,,G
04/07/2020,05:00:00,PT Level,5.38,in,G
04/07/2020,05:00:00,Aliquot_Num,2,ali,G
04/07/2020,05:00:00,Flow_cfs,6.70,,G
04/07/2020,05:00:00,Curr_pacing,30000.00,,G
04/07/2020,05:00:00,FlowVolume,19141.45,,G
04/07/2020,05:01:00,PT Level,5.40,in,G
04/07/2020,05:01:00,Flow_cfs,6.75,,G
04/07/2020,05:01:00,FlowVolume,19546.45,,G
04/07/2020,05:02:00,PT Level,5.41,in,G
04/07/2020,05:02:00,Flow_cfs,6.77,,G
04/07/2020,05:02:00,FlowVolume,19952.95,,G
04/07/2020,05:03:00,PT Level,5.41,in,G
04/07/2020,05:03:00,Flow_cfs,6.77,,G
04/07/2020,05:03:00,FlowVolume,20359.45,,G
04/07/2020,05:04:00,PT Level,5.41,in,G
04/07/2020,05:04:00,Flow_cfs,6.77,,G
04/07/2020,05:04:00,FlowVolume,20765.95,,G
04/07/2020,05:05:00,PT Level,5.42,in,G
04/07/2020,05:05:00,Aliquot_Num,2,ali,G
04/07/2020,05:05:00,Flow_cfs,6.80,,G
04/07/2020,05:05:00,Curr_pacing,30000.00,,G
04/07/2020,05:05:00,FlowVolume,21173.95,,G
04/07/2020,05:06:00,PT Level,5.43,in,G
04/07/2020,05:06:00,Flow_cfs,6.83,,G
04/07/2020,05:06:00,FlowVolume,21583.45,,G
04/07/2020,05:07:00,PT Level,5.42,in,G
04/07/2020,05:07:00,Flow_cfs,6.80,,G
04/07/2020,05:07:00,FlowVolume,21991.45,,G
04/07/2020,05:08:00,PT Level,5.45,in,G
04/07/2020,05:08:00,Flow_cfs,6.87,,G
04/07/2020,05:08:00,FlowVolume,22403.95,,G
04/07/2020,05:09:00,PT Level,5.44,in,G
04/07/2020,05:09:00,Flow_cfs,6.85,,G
04/07/2020,05:09:00,FlowVolume,22814.95,,G
04/07/2020,05:10:00,PT Level,5.46,in,G
04/07/2020,05:10:00,Aliquot_Num,2,ali,G
04/07/2020,05:10:00,Flow_cfs,6.90,,G
04/07/2020,05:10:00,Curr_pacing,30000.00,,G
04/07/2020,05:10:00,FlowVolume,23228.95,,G
04/07/2020,05:11:00,PT Level,5.45,in,G
04/07/2020,05:11:00,Flow_cfs,6.87,,G
04/07/2020,05:11:00,FlowVolume,23641.45,,G
04/07/2020,05:12:00,PT Level,5.47,in,G
04/07/2020,05:12:00,Flow_cfs,6.93,,G
04/07/2020,05:12:00,FlowVolume,24056.95,,G
04/07/2020,05:13:00,PT Level,5.47,in,G
04/07/2020,05:13:00,Flow_cfs,6.93,,G
04/07/2020,05:13:00,FlowVolume,24472.45,,G
04/07/2020,05:14:00,PT Level,5.49,in,G
04/07/2020,05:14:00,Flow_cfs,6.97,,G
04/07/2020,05:14:00,FlowVolume,24890.95,,G
04/07/2020,05:15:00,PT Level,5.48,in,G
04/07/2020,05:15:00,Aliquot_Num,2,ali,G
04/07/2020,05:15:00,Flow_cfs,6.95,,G
04/07/2020,05:15:00,Curr_pacing,30000.00,,G
04/07/2020,05:15:00,FlowVolume,25307.95,,G
04/07/2020,05:16:00,PT Level,5.49,in,G
04/07/2020,05:16:00,Flow_cfs,6.97,,G
04/07/2020,05:16:00,FlowVolume,25726.45,,G
04/07/2020,05:17:00,PT Level,5.48,in,G
04/07/2020,05:17:00,Flow_cfs,6.95,,G
04/07/2020,05:17:00,FlowVolume,26143.45,,G
04/07/2020,05:18:00,PT Level,5.50,in,G
04/07/2020,05:18:00,Flow_cfs,7.00,,G
04/07/2020,05:18:00,FlowVolume,26563.45,,G
04/07/2020,05:19:00,PT Level,5.50,in,G
04/07/2020,05:19:00,Flow_cfs,7.00,,G
04/07/2020,05:19:00,FlowVolume,26983.45,,G
04/07/2020,05:20:00,PT Level,5.50,in,G
04/07/2020,05:20:00,Aliquot_Num,2,ali,G
04/07/2020,05:20:00,Flow_cfs,7.00,,G
04/07/2020,05:20:00,Curr_pacing,30000.00,,G
04/07/2020,05:20:00,FlowVolume,27403.45,,G
04/07/2020,05:21:00,PT Level,5.50,in,G
04/07/2020,05:21:00,Flow_cfs,7.00,,G
04/07/2020,05:21:00,FlowVolume,27823.45,,G
04/07/2020,05:22:00,PT Level,5.52,in,G
04/07/2020,05:22:00,Flow_cfs,7.05,,G
04/07/2020,05:22:00,FlowVolume,28246.45,,G
04/07/2020,05:23:00,PT Level,5.51,in,G
04/07/2020,05:23:00,Flow_cfs,7.03,,G
04/07/2020,05:23:00,FlowVolume,28667.95,,G
04/07/2020,05:24:00,PT Level,5.51,in,G
04/07/2020,05:24:00,Flow_cfs,7.03,,G
04/07/2020,05:24:00,FlowVolume,29089.45,,G
04/07/2020,05:25:00,PT Level,5.52,in,G
04/07/2020,05:25:00,Aliquot_Num,2,ali,G
04/07/2020,05:25:00,Flow_cfs,7.05,,G
04/07/2020,05:25:00,Curr_pacing,30000.00,,G
04/07/2020,05:25:00,FlowVolume,29512.45,,G
04/07/2020,05:26:00,PT Level,5.52,in,G
04/07/2020,05:26:00,Flow_cfs,7.05,,G
04/07/2020,05:26:00,FlowVolume,29935.45,,G
04/07/2020,05:27:00,PT Level,5.52,in,G
04/07/2020,05:27:00,Flow_cfs,7.05,,G
04/07/2020,05:27:00,Triggered S,3,,G
04/07/2020,05:27:00,VolumeTrig,30358.45,,G
04/07/2020,05:27:00,FlowVolume,358.45,,G
04/07/2020,05:28:00,PT Level,5.52,in,G
04/07/2020,05:28:00,Flow_cfs,7.05,,G
04/07/2020,05:28:00,FlowVolume,781.45,,G
04/07/2020,05:29:00,PT Level,5.53,in,G
04/07/2020,05:29:00,Flow_cfs,7.07,,G
04/07/2020,05:29:00,FlowVolume,1205.95,,G
04/07/2020,05:30:00,PT Level,5.54,in,G
04/07/2020,05:30:00,Aliquot_Num,3,ali,G
04/07/2020,05:30:00,Flow_cfs,7.10,,G
04/07/2020,05:30:00,Curr_pacing,30000.00,,G
04/07/2020,05:30:00,FlowVolume,1631.95,,G
04/07/2020,05:31:00,PT Level,5.55,in,G
04/07/2020,05:31:00,Flow_cfs,7.13,,G
04/07/2020,05:31:00,FlowVolume,2059.45,,G
04/07/2020,05:32:00,PT Level,5.55,in,G
04/07/2020,05:32:00,Flow_cfs,7.13,,G
04/07/2020,05:32:00,FlowVolume,2486.95,,G
04/07/2020,05:33:00,PT Level,5.55,in,G
04/07/2020,05:33:00,Flow_cfs,7.13,,G
04/07/2020,05:33:00,FlowVolume,2914.45,,G
04/07/2020,05:34:00,PT Level,5.56,in,G
04/07/2020,05:34:00,Flow_cfs,7.15,,G
04/07/2020,05:34:00,FlowVolume,3343.45,,G
04/07/2020,05:35:00,PT Level,5.57,in,G
04/07/2020,05:35:00,Aliquot_Num,3,ali,G
04/07/2020,05:35:00,Flow_cfs,7.17,,G
04/07/2020,05:35:00,Curr_pacing,30000.00,,G
04/07/2020,05:35:00,FlowVolume,3773.95,,G
04/07/2020,05:36:00,PT Level,5.56,in,G
04/07/2020,05:36:00,Flow_cfs,7.15,,G
04/07/2020,05:36:00,FlowVolume,4202.95,,G
04/07/2020,05:37:00,PT Level,5.58,in,G
04/07/2020,05:37:00,Flow_cfs,7.20,,G
04/07/2020,05:37:00,FlowVolume,4634.95,,G
04/07/2020,05:38:00,PT Level,5.58,in,G
04/07/2020,05:38:00,Flow_cfs,7.20,,G
04/07/2020,05:38:00,FlowVolume,5066.95,,G
04/07/2020,05:39:00,PT Level,5.58,in,G
04/07/2020,05:39:00,Flow_cfs,7.20,,G
04/07/2020,05:39:00,FlowVolume,5498.95,,G
04/07/2020,05:40:00,PT Level,5.56,in,G
04/07/2020,05:40:00,Aliquot_Num,3,ali,G
04/07/2020,05:40:00,Flow_cfs,7.15,,G
04/07/2020,05:40:00,Curr_pacing,30000.00,,G
04/07/2020,05:40:00,FlowVolume,5927.95,,G
04/07/2020,05:41:00,PT Level,5.59,in,G
04/07/2020,05:41:00,Flow_cfs,7.23,,G
04/07/2020,05:41:00,FlowVolume,6361.45,,G
04/07/2020,05:42:00,PT Level,5.57,in,G
04/07/2020,05:42:00,Flow_cfs,7.17,,G
04/07/2020,05:42:00,FlowVolume,6791.95,,G
04/07/2020,05:43:00,PT Level,5.58,in,G
04/07/2020,05:43:00,Flow_cfs,7.20,,G
04/07/2020,05:43:00,FlowVolume,7223.95,,G
04/07/2020,05:44:00,PT Level,5.58,in,G
04/07/2020,05:44:00,Flow_cfs,7.20,,G
04/07/2020,05:44:00,FlowVolume,7655.95,,G
04/07/2020,05:44:55,Log Download,0,,G
04/07/2020,05:45:00,PT Level,5.58,in,G
04/07/2020,05:45:00,Aliquot_Num,3,ali,G
04/07/2020,05:45:00,Flow_cfs,7.20,,G
04/07/2020,05:45:00,Curr_pacing,30000.00,,G
04/07/2020,05:45:00,FlowVolume,8087.95,,G
04/07/2020,05:46:00,PT Level,5.58,in,G
04/07/2020,05:46:00,Flow_cfs,7.20,,G
04/07/2020,05:46:00,FlowVolume,8519.95,,G
04/07/2020,05:47:00,PT Level,5.58,in,G
04/07/2020,05:47:00,Flow_cfs,7.20,,G
04/07/2020,05:47:00,FlowVolume,8951.95,,G
04/07/2020,05:47:10,Log Download,0,,G
04/07/2020,05:47:44,Client Conn,68,,G
04/07/2020,05:48:00,PT Level,5.60,in,G
04/07/2020,05:48:00,Flow_cfs,7.25,,G
04/07/2020,05:48:00,FlowVolume,9386.95,,G
04/07/2020,05:49:00,PT Level,5.59,in,G
04/07/2020,05:49:00,Flow_cfs,7.23,,G
04/07/2020,05:49:00,FlowVolume,9820.45,,G
04/07/2020,05:50:00,PT Level,5.61,in,G
04/07/2020,05:50:00,Aliquot_Num,3,ali,G
04/07/2020,05:50:00,Flow_cfs,7.27,,G
04/07/2020,05:50:00,Curr_pacing,30000.00,,G
04/07/2020,05:50:00,FlowVolume,10256.95,,G
04/07/2020,05:51:00,PT Level,5.61,in,G
04/07/2020,05:51:00,Flow_cfs,7.27,,G
04/07/2020,05:51:00,FlowVolume,10693.45,,G
04/07/2020,05:52:00,PT Level,5.61,in,G
04/07/2020,05:52:00,Flow_cfs,7.27,,G
04/07/2020,05:52:00,FlowVolume,11129.95,,G
04/07/2020,05:53:00,PT Level,5.61,in,G
04/07/2020,05:53:00,Flow_cfs,7.27,,G
04/07/2020,05:53:00,FlowVolume,11566.45,,G
04/07/2020,05:54:00,PT Level,5.62,in,G
04/07/2020,05:54:00,Flow_cfs,7.30,,G
04/07/2020,05:54:00,FlowVolume,12004.45,,G
04/07/2020,05:55:00,PT Level,5.61,in,G
04/07/2020,05:55:00,Aliquot_Num,3,ali,G
04/07/2020,05:55:00,Flow_cfs,7.27,,G
04/07/2020,05:55:00,Curr_pacing,30000.00,,G
04/07/2020,05:55:00,FlowVolume,12440.95,,G
04/07/2020,05:56:00,PT Level,5.62,in,G
04/07/2020,05:56:00,Flow_cfs,7.30,,G
04/07/2020,05:56:00,FlowVolume,12878.95,,G
04/07/2020,05:57:00,PT Level,5.63,in,G
04/07/2020,05:57:00,Flow_cfs,7.33,,G
04/07/2020,05:57:00,FlowVolume,13318.45,,G
04/07/2020,05:58:00,PT Level,5.62,in,G
04/07/2020,05:58:00,Flow_cfs,7.30,,G
04/07/2020,05:58:00,FlowVolume,13756.45,,G
04/07/2020,05:59:00,PT Level,5.62,in,G
04/07/2020,05:59:00,Flow_cfs,7.30,,G
04/07/2020,05:59:00,FlowVolume,14194.45,,G
04/07/2020,06:00:00,PT Level,5.63,in,G
04/07/2020,06:00:00,Aliquot_Num,3,ali,G
04/07/2020,06:00:00,Flow_cfs,7.33,,G
04/07/2020,06:00:00,Curr_pacing,30000.00,,G
04/07/2020,06:00:00,FlowVolume,14633.95,,G
04/07/2020,06:01:00,PT Level,5.62,in,G
04/07/2020,06:01:00,Flow_cfs,7.30,,G
04/07/2020,06:01:00,FlowVolume,15071.95,,G
04/07/2020,06:02:00,PT Level,5.63,in,G
04/07/2020,06:02:00,Flow_cfs,7.33,,G
04/07/2020,06:02:00,FlowVolume,15511.45,,G
04/07/2020,06:03:00,PT Level,5.62,in,G
04/07/2020,06:03:00,Flow_cfs,7.30,,G
04/07/2020,06:03:00,FlowVolume,15949.45,,G
04/07/2020,06:04:00,PT Level,5.64,in,G
04/07/2020,06:04:00,Flow_cfs,7.35,,G
04/07/2020,06:04:00,FlowVolume,16390.45,,G
04/07/2020,06:05:00,PT Level,5.64,in,G
04/07/2020,06:05:00,Aliquot_Num,3,ali,G
04/07/2020,06:05:00,Flow_cfs,7.35,,G
04/07/2020,06:05:00,Curr_pacing,30000.00,,G
04/07/2020,06:05:00,FlowVolume,16831.45,,G
04/07/2020,06:06:00,PT Level,5.64,in,G
04/07/2020,06:06:00,Flow_cfs,7.35,,G
04/07/2020,06:06:00,FlowVolume,17272.45,,G
04/07/2020,06:07:00,PT Level,5.65,in,G
04/07/2020,06:07:00,Flow_cfs,7.37,,G
04/07/2020,06:07:00,FlowVolume,17714.95,,G
04/07/2020,06:08:00,PT Level,5.64,in,G
04/07/2020,06:08:00,Flow_cfs,7.35,,G
04/07/2020,06:08:00,FlowVolume,18155.95,,G
04/07/2020,06:09:00,PT Level,5.66,in,G
04/07/2020,06:09:00,Flow_cfs,7.40,,G
04/07/2020,06:09:00,FlowVolume,18599.95,,G
04/07/2020,06:10:00,PT Level,5.64,in,G
04/07/2020,06:10:00,Aliquot_Num,3,ali,G
04/07/2020,06:10:00,Flow_cfs,7.35,,G
04/07/2020,06:10:00,Curr_pacing,30000.00,,G
04/07/2020,06:10:00,FlowVolume,19040.95,,G
04/07/2020,06:11:00,PT Level,5.66,in,G
04/07/2020,06:11:00,Flow_cfs,7.40,,G
04/07/2020,06:11:00,FlowVolume,19484.95,,G
04/07/2020,06:12:00,PT Level,5.65,in,G
04/07/2020,06:12:00,Flow_cfs,7.37,,G
04/07/2020,06:12:00,FlowVolume,19927.45,,G
04/07/2020,06:13:00,PT Level,5.66,in,G
04/07/2020,06:13:00,Flow_cfs,7.40,,G
04/07/2020,06:13:00,FlowVolume,20371.45,,G
04/07/2020,06:14:00,PT Level,5.67,in,G
04/07/2020,06:14:00,Flow_cfs,7.43,,G
04/07/2020,06:14:00,FlowVolume,20816.95,,G
04/07/2020,06:15:00,PT Level,5.67,in,G
04/07/2020,06:15:00,Aliquot_Num,3,ali,G
04/07/2020,06:15:00,Flow_cfs,7.43,,G
04/07/2020,06:15:00,Curr_pacing,30000.00,,G
04/07/2020,06:15:00,FlowVolume,21262.45,,G
04/07/2020,06:16:00,PT Level,5.68,in,G
04/07/2020,06:16:00,Flow_cfs,7.45,,G
04/07/2020,06:16:00,FlowVolume,21709.45,,G
04/07/2020,06:17:00,PT Level,5.68,in,G
04/07/2020,06:17:00,Flow_cfs,7.45,,G
04/07/2020,06:17:00,FlowVolume,22156.45,,G
04/07/2020,06:18:00,PT Level,5.68,in,G
04/07/2020,06:18:00,Flow_cfs,7.45,,G
04/07/2020,06:18:00,FlowVolume,22603.45,,G
04/07/2020,06:19:00,PT Level,5.68,in,G
04/07/2020,06:19:00,Flow_cfs,7.45,,G
04/07/2020,06:19:00,FlowVolume,23050.45,,G
04/07/2020,06:20:00,PT Level,5.67,in,G
04/07/2020,06:20:00,Aliquot_Num,3,ali,G
04/07/2020,06:20:00,Flow_cfs,7.43,,G
04/07/2020,06:20:00,Curr_pacing,30000.00,,G
04/07/2020,06:20:00,FlowVolume,23495.95,,G
04/07/2020,06:21:00,PT Level,5.69,in,G
04/07/2020,06:21:00,Flow_cfs,7.47,,G
04/07/2020,06:21:00,FlowVolume,23944.45,,G
04/07/2020,06:22:00,PT Level,5.70,in,G
04/07/2020,06:22:00,Flow_cfs,7.50,,G
04/07/2020,06:22:00,FlowVolume,24394.45,,G
04/07/2020,06:23:00,PT Level,5.70,in,G
04/07/2020,06:23:00,Flow_cfs,7.50,,G
04/07/2020,06:23:00,FlowVolume,24844.45,,G
04/07/2020,06:24:00,PT Level,5.70,in,G
04/07/2020,06:24:00,Flow_cfs,7.50,,G
04/07/2020,06:24:00,FlowVolume,25294.45,,G
04/07/2020,06:25:00,PT Level,5.71,in,G
04/07/2020,06:25:00,Aliquot_Num,3,ali,G
04/07/2020,06:25:00,Flow_cfs,7.50,,G
04/07/2020,06:25:00,Curr_pacing,30000.00,,G
04/07/2020,06:25:00,FlowVolume,25744.53,,G
04/07/2020,06:26:00,PT Level,5.72,in,G
04/07/2020,06:26:00,Flow_cfs,7.50,,G
04/07/2020,06:26:00,FlowVolume,26194.67,,G
04/07/2020,06:27:00,PT Level,5.72,in,G
04/07/2020,06:27:00,Flow_cfs,7.50,,G
04/07/2020,06:27:00,FlowVolume,26644.82,,G
04/07/2020,06:28:00,PT Level,5.71,in,G
04/07/2020,06:28:00,Flow_cfs,7.50,,G
04/07/2020,06:28:00,FlowVolume,27094.89,,G
04/07/2020,06:29:00,PT Level,5.73,in,G
04/07/2020,06:29:00,Flow_cfs,7.50,,G
04/07/2020,06:29:00,FlowVolume,27545.10,,G
04/07/2020,06:30:00,PT Level,5.74,in,G
04/07/2020,06:30:00,Aliquot_Num,3,ali,G
04/07/2020,06:30:00,Flow_cfs,7.50,,G
04/07/2020,06:30:00,Curr_pacing,30000.00,,G
04/07/2020,06:30:00,FlowVolume,27995.39,,G
04/07/2020,06:31:00,PT Level,5.73,in,G
04/07/2020,06:31:00,Flow_cfs,7.50,,G
04/07/2020,06:31:00,FlowVolume,28445.61,,G
04/07/2020,06:32:00,PT Level,5.74,in,G
04/07/2020,06:32:00,Flow_cfs,7.50,,G
04/07/2020,06:32:00,FlowVolume,28895.90,,G
04/07/2020,06:33:00,PT Level,5.75,in,G
04/07/2020,06:33:00,Flow_cfs,7.51,,G
04/07/2020,06:33:00,FlowVolume,29346.26,,G
04/07/2020,06:34:00,PT Level,5.75,in,G
04/07/2020,06:34:00,Flow_cfs,7.51,,G
04/07/2020,06:34:00,FlowVolume,29796.62,,G
04/07/2020,06:35:00,PT Level,5.73,in,G
04/07/2020,06:35:00,Aliquot_Num,3,ali,G
04/07/2020,06:35:00,Flow_cfs,7.50,,G
04/07/2020,06:35:00,Curr_pacing,30000.00,,G
04/07/2020,06:35:00,Triggered S,4,,G
04/07/2020,06:35:00,VolumeTrig,30246.84,,G
04/07/2020,06:35:00,FlowVolume,246.84,,G
04/07/2020,06:36:00,PT Level,5.74,in,G
04/07/2020,06:36:00,Flow_cfs,7.50,,G
04/07/2020,06:36:00,FlowVolume,697.13,,G
04/07/2020,06:37:00,PT Level,5.75,in,G
04/07/2020,06:37:00,Flow_cfs,7.51,,G
04/07/2020,06:37:00,FlowVolume,1147.49,,G
04/07/2020,06:38:00,PT Level,5.75,in,G
04/07/2020,06:38:00,Flow_cfs,7.51,,G
04/07/2020,06:38:00,FlowVolume,1597.85,,G
04/07/2020,06:39:00,PT Level,5.75,in,G
04/07/2020,06:39:00,Flow_cfs,7.51,,G
04/07/2020,06:39:00,FlowVolume,2048.21,,G
04/07/2020,06:40:00,PT Level,5.73,in,G
04/07/2020,06:40:00,Aliquot_Num,4,ali,G
04/07/2020,06:40:00,Flow_cfs,7.50,,G
04/07/2020,06:40:00,Curr_pacing,30000.00,,G
04/07/2020,06:40:00,FlowVolume,2498.43,,G
04/07/2020,06:41:00,PT Level,5.76,in,G
04/07/2020,06:41:00,Flow_cfs,7.51,,G
04/07/2020,06:41:00,FlowVolume,2948.86,,G
04/07/2020,06:42:00,PT Level,5.75,in,G
04/07/2020,06:42:00,Flow_cfs,7.51,,G
04/07/2020,06:42:00,FlowVolume,3399.22,,G
04/07/2020,06:43:00,PT Level,5.76,in,G
04/07/2020,06:43:00,Flow_cfs,7.51,,G
04/07/2020,06:43:00,FlowVolume,3849.66,,G
04/07/2020,06:44:00,PT Level,5.76,in,G
04/07/2020,06:44:00,Flow_cfs,7.51,,G
04/07/2020,06:44:00,FlowVolume,4300.09,,G
04/07/2020,06:45:00,PT Level,5.75,in,G
04/07/2020,06:45:00,Aliquot_Num,4,ali,G
04/07/2020,06:45:00,Flow_cfs,7.51,,G
04/07/2020,06:45:00,Curr_pacing,30000.00,,G
04/07/2020,06:45:00,FlowVolume,4750.45,,G
04/07/2020,06:46:00,PT Level,5.76,in,G
04/07/2020,06:46:00,Flow_cfs,7.51,,G
04/07/2020,06:46:00,FlowVolume,5200.89,,G
04/07/2020,06:47:00,PT Level,5.76,in,G
04/07/2020,06:47:00,Flow_cfs,7.51,,G
04/07/2020,06:47:00,FlowVolume,5651.32,,G
04/07/2020,06:48:00,PT Level,5.76,in,G
04/07/2020,06:48:00,Flow_cfs,7.51,,G
04/07/2020,06:48:00,FlowVolume,6101.76,,G
04/07/2020,06:49:00,PT Level,5.76,in,G
04/07/2020,06:49:00,Flow_cfs,7.51,,G
04/07/2020,06:49:00,FlowVolume,6552.19,,G
04/07/2020,06:50:00,PT Level,5.78,in,G
04/07/2020,06:50:00,Aliquot_Num,4,ali,G
04/07/2020,06:50:00,Flow_cfs,7.51,,G
04/07/2020,06:50:00,Curr_pacing,30000.00,,G
04/07/2020,06:50:00,FlowVolume,7002.77,,G
04/07/2020,06:51:00,PT Level,5.77,in,G
04/07/2020,06:51:00,Flow_cfs,7.51,,G
04/07/2020,06:51:00,FlowVolume,7453.27,,G
04/07/2020,06:52:00,PT Level,5.77,in,G
04/07/2020,06:52:00,Flow_cfs,7.51,,G
04/07/2020,06:52:00,FlowVolume,7903.78,,G
04/07/2020,06:53:00,PT Level,5.79,in,G
04/07/2020,06:53:00,Flow_cfs,7.51,,G
04/07/2020,06:53:00,FlowVolume,8354.43,,G
04/07/2020,06:54:00,PT Level,5.78,in,G
04/07/2020,06:54:00,Flow_cfs,7.51,,G
04/07/2020,06:54:00,FlowVolume,8805.01,,G
04/07/2020,06:55:00,PT Level,5.78,in,G
04/07/2020,06:55:00,Aliquot_Num,4,ali,G
04/07/2020,06:55:00,Flow_cfs,7.51,,G
04/07/2020,06:55:00,Curr_pacing,30000.00,,G
04/07/2020,06:55:00,FlowVolume,9255.59,,G
04/07/2020,06:56:00,PT Level,5.78,in,G
04/07/2020,06:56:00,Flow_cfs,7.51,,G
04/07/2020,06:56:00,FlowVolume,9706.16,,G
04/07/2020,06:57:00,PT Level,5.77,in,G
04/07/2020,06:57:00,Flow_cfs,7.51,,G
04/07/2020,06:57:00,FlowVolume,10156.67,,G
04/07/2020,06:58:00,PT Level,5.77,in,G
04/07/2020,06:58:00,Flow_cfs,7.51,,G
04/07/2020,06:58:00,FlowVolume,10607.18,,G
04/07/2020,06:59:00,PT Level,5.80,in,G
04/07/2020,06:59:00,Flow_cfs,7.51,,G
04/07/2020,06:59:00,FlowVolume,11057.90,,G
04/07/2020,07:00:00,PT Level,5.77,in,G
04/07/2020,07:00:00,Aliquot_Num,4,ali,G
04/07/2020,07:00:00,Flow_cfs,7.51,,G
04/07/2020,07:00:00,Curr_pacing,30000.00,,G
04/07/2020,07:00:00,FlowVolume,11508.41,,G
04/07/2020,07:01:00,PT Level,5.80,in,G
04/07/2020,07:01:00,Flow_cfs,7.51,,G
04/07/2020,07:01:00,FlowVolume,11959.13,,G
04/07/2020,07:02:00,PT Level,5.79,in,G
04/07/2020,07:02:00,Flow_cfs,7.51,,G
04/07/2020,07:02:00,FlowVolume,12409.78,,G
04/07/2020,07:03:00,PT Level,5.79,in,G
04/07/2020,07:03:00,Flow_cfs,7.51,,G
04/07/2020,07:03:00,FlowVolume,12860.43,,G
04/07/2020,07:04:00,PT Level,5.78,in,G
04/07/2020,07:04:00,Flow_cfs,7.51,,G
04/07/2020,07:04:00,FlowVolume,13311.01,,G
04/07/2020,07:05:00,PT Level,5.79,in,G
04/07/2020,07:05:00,Aliquot_Num,4,ali,G
04/07/2020,07:05:00,Flow_cfs,7.51,,G
04/07/2020,07:05:00,Curr_pacing,30000.00,,G
04/07/2020,07:05:00,FlowVolume,13761.66,,G
04/07/2020,07:06:00,PT Level,5.81,in,G
04/07/2020,07:06:00,Flow_cfs,7.51,,G
04/07/2020,07:06:00,FlowVolume,14212.45,,G
04/07/2020,07:07:00,PT Level,5.80,in,G
04/07/2020,07:07:00,Flow_cfs,7.51,,G
04/07/2020,07:07:00,FlowVolume,14663.18,,G
04/07/2020,07:08:00,PT Level,5.81,in,G
04/07/2020,07:08:00,Flow_cfs,7.51,,G
04/07/2020,07:08:00,FlowVolume,15113.97,,G
04/07/2020,07:09:00,PT Level,5.80,in,G
04/07/2020,07:09:00,Flow_cfs,7.51,,G
04/07/2020,07:09:00,FlowVolume,15564.69,,G
04/07/2020,07:10:00,PT Level,5.82,in,G
04/07/2020,07:10:00,Aliquot_Num,4,ali,G
04/07/2020,07:10:00,Flow_cfs,7.51,,G
04/07/2020,07:10:00,Curr_pacing,30000.00,,G
04/07/2020,07:10:00,FlowVolume,16015.56,,G
04/07/2020,07:11:00,PT Level,5.82,in,G
04/07/2020,07:11:00,Flow_cfs,7.51,,G
04/07/2020,07:11:00,FlowVolume,16466.43,,G
04/07/2020,07:12:00,PT Level,5.80,in,G
04/07/2020,07:12:00,Flow_cfs,7.51,,G
04/07/2020,07:12:00,FlowVolume,16917.15,,G
04/07/2020,07:13:00,PT Level,5.81,in,G
04/07/2020,07:13:00,Flow_cfs,7.51,,G
04/07/2020,07:13:00,FlowVolume,17367.95,,G
04/07/2020,07:14:00,PT Level,5.81,in,G
04/07/2020,07:14:00,Flow_cfs,7.51,,G
04/07/2020,07:14:00,FlowVolume,17818.74,,G
04/07/2020,07:15:00,PT Level,5.81,in,G
04/07/2020,07:15:00,Aliquot_Num,4,ali,G
04/07/2020,07:15:00,Flow_cfs,7.51,,G
04/07/2020,07:15:00,Curr_pacing,30000.00,,G
04/07/2020,07:15:00,FlowVolume,18269.54,,G
04/07/2020,07:16:00,PT Level,5.83,in,G
04/07/2020,07:16:00,Flow_cfs,7.52,,G
04/07/2020,07:16:00,FlowVolume,18720.48,,G
04/07/2020,07:17:00,PT Level,5.81,in,G
04/07/2020,07:17:00,Flow_cfs,7.51,,G
04/07/2020,07:17:00,FlowVolume,19171.27,,G
04/07/2020,07:18:00,PT Level,5.82,in,G
04/07/2020,07:18:00,Flow_cfs,7.51,,G
04/07/2020,07:18:00,FlowVolume,19622.14,,G
04/07/2020,07:19:00,PT Level,5.81,in,G
04/07/2020,07:19:00,Flow_cfs,7.51,,G
04/07/2020,07:19:00,FlowVolume,20072.94,,G
04/07/2020,07:20:00,PT Level,5.84,in,G
04/07/2020,07:20:00,Aliquot_Num,4,ali,G
04/07/2020,07:20:00,Flow_cfs,7.52,,G
04/07/2020,07:20:00,Curr_pacing,30000.00,,G
04/07/2020,07:20:00,FlowVolume,20523.95,,G
04/07/2020,07:21:00,PT Level,5.83,in,G
04/07/2020,07:21:00,Flow_cfs,7.52,,G
04/07/2020,07:21:00,FlowVolume,20974.89,,G
04/07/2020,07:22:00,PT Level,5.83,in,G
04/07/2020,07:22:00,Flow_cfs,7.52,,G
04/07/2020,07:22:00,FlowVolume,21425.83,,G
04/07/2020,07:23:00,PT Level,5.84,in,G
04/07/2020,07:23:00,Flow_cfs,7.52,,G
04/07/2020,07:23:00,FlowVolume,21876.84,,G
04/07/2020,07:24:00,PT Level,5.83,in,G
04/07/2020,07:24:00,Flow_cfs,7.52,,G
04/07/2020,07:24:00,FlowVolume,22327.78,,G
04/07/2020,07:25:00,PT Level,5.83,in,G
04/07/2020,07:25:00,Aliquot_Num,4,ali,G
04/07/2020,07:25:00,Flow_cfs,7.52,,G
04/07/2020,07:25:00,Curr_pacing,30000.00,,G
04/07/2020,07:25:00,FlowVolume,22778.72,,G
04/07/2020,07:26:00,PT Level,5.84,in,G
04/07/2020,07:26:00,Flow_cfs,7.52,,G
04/07/2020,07:26:00,FlowVolume,23229.73,,G
04/07/2020,07:27:00,PT Level,5.83,in,G
04/07/2020,07:27:00,Flow_cfs,7.52,,G
04/07/2020,07:27:00,FlowVolume,23680.67,,G
04/07/2020,07:28:00,PT Level,5.84,in,G
04/07/2020,07:28:00,Flow_cfs,7.52,,G
04/07/2020,07:28:00,FlowVolume,24131.68,,G
04/07/2020,07:29:00,PT Level,5.83,in,G
04/07/2020,07:29:00,Flow_cfs,7.52,,G
04/07/2020,07:29:00,FlowVolume,24582.62,,G
04/07/2020,07:30:00,PT Level,5.85,in,G
04/07/2020,07:30:00,Aliquot_Num,4,ali,G
04/07/2020,07:30:00,Flow_cfs,7.52,,G
04/07/2020,07:30:00,Curr_pacing,30000.00,,G
04/07/2020,07:30:00,FlowVolume,25033.71,,G
04/07/2020,07:31:00,PT Level,5.84,in,G
04/07/2020,07:31:00,Flow_cfs,7.52,,G
04/07/2020,07:31:00,FlowVolume,25484.72,,G
04/07/2020,07:32:00,PT Level,5.84,in,G
04/07/2020,07:32:00,Flow_cfs,7.52,,G
04/07/2020,07:32:00,FlowVolume,25935.73,,G
04/07/2020,07:33:00,PT Level,5.84,in,G
04/07/2020,07:33:00,Flow_cfs,7.52,,G
04/07/2020,07:33:00,FlowVolume,26386.74,,G
04/07/2020,07:34:00,PT Level,5.84,in,G
04/07/2020,07:34:00,Flow_cfs,7.52,,G
04/07/2020,07:34:00,FlowVolume,26837.76,,G
04/07/2020,07:35:00,PT Level,5.86,in,G
04/07/2020,07:35:00,Aliquot_Num,4,ali,G
04/07/2020,07:35:00,Flow_cfs,7.52,,G
04/07/2020,07:35:00,Curr_pacing,30000.00,,G
04/07/2020,07:35:00,FlowVolume,27288.91,,G
04/07/2020,07:36:00,PT Level,5.84,in,G
04/07/2020,07:36:00,Flow_cfs,7.52,,G
04/07/2020,07:36:00,FlowVolume,27739.92,,G
04/07/2020,07:37:00,PT Level,5.84,in,G
04/07/2020,07:37:00,Flow_cfs,7.52,,G
04/07/2020,07:37:00,FlowVolume,28190.94,,G
04/07/2020,07:38:00,PT Level,5.86,in,G
04/07/2020,07:38:00,Flow_cfs,7.52,,G
04/07/2020,07:38:00,FlowVolume,28642.09,,G
04/07/2020,07:39:00,PT Level,5.84,in,G
04/07/2020,07:39:00,Flow_cfs,7.52,,G
04/07/2020,07:39:00,FlowVolume,29093.10,,G
04/07/2020,07:40:00,PT Level,5.83,in,G
04/07/2020,07:40:00,Aliquot_Num,4,ali,G
04/07/2020,07:40:00,Flow_cfs,7.52,,G
04/07/2020,07:40:00,Curr_pacing,30000.00,,G
04/07/2020,07:40:00,FlowVolume,29544.04,,G
04/07/2020,07:41:00,PT Level,5.85,in,G
04/07/2020,07:41:00,Flow_cfs,7.52,,G
04/07/2020,07:41:00,FlowVolume,29995.13,,G
04/07/2020,07:42:00,PT Level,5.86,in,G
04/07/2020,07:42:00,Flow_cfs,7.52,,G
04/07/2020,07:42:00,Triggered S,5,,G
04/07/2020,07:42:00,VolumeTrig,30446.29,,G
04/07/2020,07:42:00,FlowVolume,446.29,,G
04/07/2020,07:43:00,PT Level,5.85,in,G
04/07/2020,07:43:00,Flow_cfs,7.52,,G
04/07/2020,07:43:00,FlowVolume,897.37,,G
04/07/2020,07:44:00,PT Level,5.85,in,G
04/07/2020,07:44:00,Flow_cfs,7.52,,G
04/07/2020,07:44:00,FlowVolume,1348.45,,G
04/07/2020,07:45:00,PT Level,5.86,in,G
04/07/2020,07:45:00,Aliquot_Num,5,ali,G
04/07/2020,07:45:00,Flow_cfs,7.52,,G
04/07/2020,07:45:00,Curr_pacing,30000.00,,G
04/07/2020,07:45:00,FlowVolume,1799.61,,G
04/07/2020,07:46:00,PT Level,5.84,in,G
04/07/2020,07:46:00,Flow_cfs,7.52,,G
04/07/2020,07:46:00,FlowVolume,2250.62,,G
04/07/2020,07:47:00,PT Level,5.84,in,G
04/07/2020,07:47:00,Flow_cfs,7.52,,G
04/07/2020,07:47:00,FlowVolume,2701.63,,G
04/07/2020,07:48:00,PT Level,5.86,in,G
04/07/2020,07:48:00,Flow_cfs,7.52,,G
04/07/2020,07:48:00,FlowVolume,3152.79,,G
04/07/2020,07:49:00,PT Level,5.85,in,G
04/07/2020,07:49:00,Flow_cfs,7.52,,G
04/07/2020,07:49:00,FlowVolume,3603.88,,G
04/07/2020,07:50:00,PT Level,5.84,in,G
04/07/2020,07:50:00,Aliquot_Num,5,ali,G
04/07/2020,07:50:00,Flow_cfs,7.52,,G
04/07/2020,07:50:00,Curr_pacing,30000.00,,G
04/07/2020,07:50:00,FlowVolume,4054.89,,G
04/07/2020,07:51:00,PT Level,5.83,in,G
04/07/2020,07:51:00,Flow_cfs,7.52,,G
04/07/2020,07:51:00,FlowVolume,4505.83,,G
04/07/2020,07:52:00,PT Level,5.85,in,G
04/07/2020,07:52:00,Flow_cfs,7.52,,G
04/07/2020,07:52:00,FlowVolume,4956.91,,G
04/07/2020,07:53:00,PT Level,5.86,in,G
04/07/2020,07:53:00,Flow_cfs,7.52,,G
04/07/2020,07:53:00,FlowVolume,5408.07,,G
04/07/2020,07:54:00,PT Level,5.84,in,G
04/07/2020,07:54:00,Flow_cfs,7.52,,G
04/07/2020,07:54:00,FlowVolume,5859.08,,G
04/07/2020,07:55:00,PT Level,5.86,in,G
04/07/2020,07:55:00,Aliquot_Num,5,ali,G
04/07/2020,07:55:00,Flow_cfs,7.52,,G
04/07/2020,07:55:00,Curr_pacing,30000.00,,G
04/07/2020,07:55:00,FlowVolume,6310.24,,G
04/07/2020,07:56:00,PT Level,5.84,in,G
04/07/2020,07:56:00,Flow_cfs,7.52,,G
04/07/2020,07:56:00,FlowVolume,6761.25,,G
04/07/2020,07:57:00,PT Level,5.86,in,G
04/07/2020,07:57:00,Flow_cfs,7.52,,G
04/07/2020,07:57:00,FlowVolume,7212.41,,G
04/07/2020,07:58:00,PT Level,5.83,in,G
04/07/2020,07:58:00,Flow_cfs,7.52,,G
04/07/2020,07:58:00,FlowVolume,7663.35,,G
04/07/2020,07:59:00,PT Level,5.86,in,G
04/07/2020,07:59:00,Flow_cfs,7.52,,G
04/07/2020,07:59:00,FlowVolume,8114.50,,G
04/07/2020,08:00:00,PT Level,5.86,in,G
04/07/2020,08:00:00,Aliquot_Num,5,ali,G
04/07/2020,08:00:00,Flow_cfs,7.52,,G
04/07/2020,08:00:00,Curr_pacing,30000.00,,G
04/07/2020,08:00:00,FlowVolume,8565.66,,G
04/07/2020,08:01:00,PT Level,5.86,in,G
04/07/2020,08:01:00,Flow_cfs,7.52,,G
04/07/2020,08:01:00,FlowVolume,9016.82,,G
04/07/2020,08:02:00,PT Level,5.84,in,G
04/07/2020,08:02:00,Flow_cfs,7.52,,G
04/07/2020,08:02:00,FlowVolume,9467.83,,G
04/07/2020,08:03:00,PT Level,5.86,in,G
04/07/2020,08:03:00,Flow_cfs,7.52,,G
04/07/2020,08:03:00,FlowVolume,9918.98,,G
04/07/2020,08:04:00,PT Level,5.87,in,G
04/07/2020,08:04:00,Flow_cfs,7.52,,G
04/07/2020,08:04:00,FlowVolume,10370.21,,G
04/07/2020,08:05:00,PT Level,5.86,in,G
04/07/2020,08:05:00,Aliquot_Num,5,ali,G
04/07/2020,08:05:00,Flow_cfs,7.52,,G
04/07/2020,08:05:00,Curr_pacing,30000.00,,G
04/07/2020,08:05:00,FlowVolume,10821.37,,G
04/07/2020,08:06:00,PT Level,5.87,in,G
04/07/2020,08:06:00,Flow_cfs,7.52,,G
04/07/2020,08:06:00,FlowVolume,11272.60,,G
04/07/2020,08:07:00,PT Level,5.87,in,G
04/07/2020,08:07:00,Flow_cfs,7.52,,G
04/07/2020,08:07:00,FlowVolume,11723.83,,G
04/07/2020,08:08:00,PT Level,5.84,in,G
04/07/2020,08:08:00,Flow_cfs,7.52,,G
04/07/2020,08:08:00,FlowVolume,12174.84,,G
04/07/2020,08:09:00,PT Level,5.88,in,G
04/07/2020,08:09:00,Flow_cfs,7.52,,G
04/07/2020,08:09:00,FlowVolume,12626.14,,G
04/07/2020,08:10:00,PT Level,5.86,in,G
04/07/2020,08:10:00,Aliquot_Num,5,ali,G
04/07/2020,08:10:00,Flow_cfs,7.52,,G
04/07/2020,08:10:00,Curr_pacing,30000.00,,G
04/07/2020,08:10:00,FlowVolume,13077.30,,G
04/07/2020,08:11:00,PT Level,5.87,in,G
04/07/2020,08:11:00,Flow_cfs,7.52,,G
04/07/2020,08:11:00,FlowVolume,13528.53,,G
04/07/2020,08:12:00,PT Level,5.86,in,G
04/07/2020,08:12:00,Flow_cfs,7.52,,G
04/07/2020,08:12:00,FlowVolume,13979.68,,G
04/07/2020,08:13:00,PT Level,5.87,in,G
04/07/2020,08:13:00,Flow_cfs,7.52,,G
04/07/2020,08:13:00,FlowVolume,14430.91,,G
04/07/2020,08:14:00,PT Level,5.87,in,G
04/07/2020,08:14:00,Flow_cfs,7.52,,G
04/07/2020,08:14:00,FlowVolume,14882.14,,G
04/07/2020,08:15:00,PT Level,5.89,in,G
04/07/2020,08:15:00,Aliquot_Num,5,ali,G
04/07/2020,08:15:00,Flow_cfs,7.52,,G
04/07/2020,08:15:00,Curr_pacing,30000.00,,G
04/07/2020,08:15:00,FlowVolume,15333.51,,G
04/07/2020,08:16:00,PT Level,5.86,in,G
04/07/2020,08:16:00,Flow_cfs,7.52,,G
04/07/2020,08:16:00,FlowVolume,15784.67,,G
04/07/2020,08:17:00,PT Level,5.87,in,G
04/07/2020,08:17:00,Flow_cfs,7.52,,G
04/07/2020,08:17:00,FlowVolume,16235.90,,G
04/07/2020,08:17:46,SDI XDT,0,,G
04/07/2020,08:18:00,PT Level,5.86,in,G
04/07/2020,08:18:00,Flow_cfs,7.52,,G
04/07/2020,08:18:00,FlowVolume,16687.06,,G
04/07/2020,08:19:00,PT Level,5.86,in,G
04/07/2020,08:19:00,Flow_cfs,7.52,,G
04/07/2020,08:19:00,FlowVolume,17138.21,,G
04/07/2020,08:20:00,PT Level,5.86,in,G
04/07/2020,08:20:00,Aliquot_Num,5,ali,G
04/07/2020,08:20:00,Flow_cfs,7.52,,G
04/07/2020,08:20:00,Curr_pacing,30000.00,,G
04/07/2020,08:20:00,FlowVolume,17589.37,,G
04/07/2020,08:21:00,PT Level,5.87,in,G
04/07/2020,08:21:00,Flow_cfs,7.52,,G
04/07/2020,08:21:00,FlowVolume,18040.60,,G
04/07/2020,08:22:00,PT Level,5.86,in,G
04/07/2020,08:22:00,Flow_cfs,7.52,,G
04/07/2020,08:22:00,FlowVolume,18491.76,,G
04/07/2020,08:23:00,PT Level,5.86,in,G
04/07/2020,08:23:00,Flow_cfs,7.52,,G
04/07/2020,08:23:00,FlowVolume,18942.91,,G
04/07/2020,08:24:00,PT Level,5.87,in,G
04/07/2020,08:24:00,Flow_cfs,7.52,,G
04/07/2020,08:24:00,FlowVolume,19394.14,,G
04/07/2020,08:25:00,PT Level,5.86,in,G
04/07/2020,08:25:00,Aliquot_Num,5,ali,G
04/07/2020,08:25:00,Flow_cfs,7.52,,G
04/07/2020,08:25:00,Curr_pacing,30000.00,,G
04/07/2020,08:25:00,FlowVolume,19845.30,,G
04/07/2020,08:26:00,PT Level,5.88,in,G
04/07/2020,08:26:00,Flow_cfs,7.52,,G
04/07/2020,08:26:00,FlowVolume,20296.60,,G
04/07/2020,08:27:00,PT Level,5.86,in,G
04/07/2020,08:27:00,Flow_cfs,7.52,,G
04/07/2020,08:27:00,FlowVolume,20747.76,,G
04/07/2020,08:28:00,PT Level,5.86,in,G
04/07/2020,08:28:00,Flow_cfs,7.52,,G
04/07/2020,08:28:00,FlowVolume,21198.91,,G
04/07/2020,08:29:00,PT Level,5.86,in,G
04/07/2020,08:29:00,Flow_cfs,7.52,,G
04/07/2020,08:29:00,FlowVolume,21650.07,,G
04/07/2020,08:30:00,PT Level,5.86,in,G
04/07/2020,08:30:00,Aliquot_Num,5,ali,G
04/07/2020,08:30:00,Flow_cfs,7.52,,G
04/07/2020,08:30:00,Curr_pacing,30000.00,,G
04/07/2020,08:30:00,FlowVolume,22101.22,,G
04/07/2020,08:30:32,SMS Receive,10,,G
04/07/2020,08:31:00,PT Level,5.87,in,G
04/07/2020,08:31:00,Flow_cfs,7.52,,G
04/07/2020,08:31:00,FlowVolume,23003.68,,G
04/07/2020,08:32:00,PT Level,5.85,in,G
04/07/2020,08:32:00,Flow_cfs,7.52,,G
04/07/2020,08:32:00,FlowVolume,23454.77,,G
04/07/2020,08:33:00,PT Level,5.86,in,G
04/07/2020,08:33:00,Flow_cfs,7.52,,G
04/07/2020,08:33:00,FlowVolume,23905.92,,G
04/07/2020,08:34:00,PT Level,5.86,in,G
04/07/2020,08:34:00,Flow_cfs,7.52,,G
04/07/2020,08:34:00,FlowVolume,24357.08,,G
04/07/2020,08:35:00,PT Level,5.86,in,G
04/07/2020,08:35:00,Aliquot_Num,5,ali,G
04/07/2020,08:35:00,Flow_cfs,7.52,,G
04/07/2020,08:35:00,Curr_pacing,30000.00,,G
04/07/2020,08:35:00,FlowVolume,24808.24,,G
04/07/2020,08:36:00,PT Level,5.85,in,G
04/07/2020,08:36:00,Flow_cfs,7.52,,G
04/07/2020,08:36:00,FlowVolume,25259.32,,G
04/07/2020,08:37:00,PT Level,5.86,in,G
04/07/2020,08:37:00,Flow_cfs,7.52,,G
04/07/2020,08:37:00,FlowVolume,25710.48,,G
04/07/2020,08:38:00,PT Level,5.86,in,G
04/07/2020,08:38:00,Flow_cfs,7.52,,G
04/07/2020,08:38:00,FlowVolume,26161.63,,G
04/07/2020,08:39:00,PT Level,5.85,in,G
04/07/2020,08:39:00,Flow_cfs,7.52,,G
04/07/2020,08:39:00,FlowVolume,26612.72,,G
04/07/2020,08:40:00,PT Level,5.86,in,G
04/07/2020,08:40:00,Aliquot_Num,5,ali,G
04/07/2020,08:40:00,Flow_cfs,7.52,,G
04/07/2020,08:40:00,Curr_pacing,30000.00,,G
04/07/2020,08:40:00,FlowVolume,27063.88,,G
04/07/2020,08:41:00,PT Level,5.86,in,G
04/07/2020,08:41:00,Flow_cfs,7.52,,G
04/07/2020,08:41:00,FlowVolume,27515.03,,G
04/07/2020,08:42:00,PT Level,5.84,in,G
04/07/2020,08:42:00,Flow_cfs,7.52,,G
04/07/2020,08:42:00,FlowVolume,27966.04,,G
04/07/2020,08:43:00,PT Level,5.87,in,G
04/07/2020,08:43:00,Flow_cfs,7.52,,G
04/07/2020,08:43:00,FlowVolume,28417.27,,G
04/07/2020,08:44:00,PT Level,5.85,in,G
04/07/2020,08:44:00,Flow_cfs,7.52,,G
04/07/2020,08:44:00,FlowVolume,28868.36,,G
04/07/2020,08:45:00,PT Level,5.84,in,G
04/07/2020,08:45:00,Aliquot_Num,5,ali,G
04/07/2020,08:45:00,Flow_cfs,7.52,,G
04/07/2020,08:45:00,Curr_pacing,30000.00,,G
04/07/2020,08:45:00,FlowVolume,29319.37,,G
04/07/2020,08:46:00,PT Level,5.84,in,G
04/07/2020,08:46:00,Flow_cfs,7.52,,G
04/07/2020,08:46:00,FlowVolume,29770.38,,G
04/07/2020,08:47:00,PT Level,5.83,in,G
04/07/2020,08:47:00,Flow_cfs,7.52,,G
04/07/2020,08:47:00,Triggered S,6,,G
04/07/2020,08:47:00,VolumeTrig,30221.32,,G
04/07/2020,08:47:00,FlowVolume,221.32,,G
04/07/2020,08:48:00,PT Level,5.83,in,G
04/07/2020,08:48:00,Flow_cfs,7.52,,G
04/07/2020,08:48:00,FlowVolume,672.26,,G
04/07/2020,08:49:00,PT Level,5.84,in,G
04/07/2020,08:49:00,Flow_cfs,7.52,,G
04/07/2020,08:49:00,FlowVolume,1123.27,,G
04/07/2020,08:50:00,PT Level,5.84,in,G
04/07/2020,08:50:00,Aliquot_Num,6,ali,G
04/07/2020,08:50:00,Flow_cfs,7.52,,G
04/07/2020,08:50:00,Curr_pacing,30000.00,,G
04/07/2020,08:50:00,FlowVolume,1574.29,,G
04/07/2020,08:51:00,PT Level,5.85,in,G
04/07/2020,08:51:00,Flow_cfs,7.52,,G
04/07/2020,08:51:00,FlowVolume,2025.37,,G
04/07/2020,08:52:00,PT Level,5.85,in,G
04/07/2020,08:52:00,Flow_cfs,7.52,,G
04/07/2020,08:52:00,FlowVolume,2476.45,,G
04/07/2020,08:53:00,PT Level,5.84,in,G
04/07/2020,08:53:00,Flow_cfs,7.52,,G
04/07/2020,08:53:00,FlowVolume,2927.47,,G
04/07/2020,08:54:00,PT Level,5.83,in,G
04/07/2020,08:54:00,Flow_cfs,7.52,,G
04/07/2020,08:54:00,FlowVolume,3378.41,,G
04/07/2020,08:55:00,PT Level,5.81,in,G
04/07/2020,08:55:00,Aliquot_Num,6,ali,G
04/07/2020,08:55:00,Flow_cfs,7.51,,G
04/07/2020,08:55:00,Curr_pacing,30000.00,,G
04/07/2020,08:55:00,FlowVolume,3829.20,,G
04/07/2020,08:56:00,PT Level,5.83,in,G
04/07/2020,08:56:00,Flow_cfs,7.52,,G
04/07/2020,08:56:00,FlowVolume,4280.14,,G
04/07/2020,08:57:00,PT Level,5.81,in,G
04/07/2020,08:57:00,Flow_cfs,7.51,,G
04/07/2020,08:57:00,FlowVolume,4730.94,,G
04/07/2020,08:58:00,PT Level,5.80,in,G
04/07/2020,08:58:00,Flow_cfs,7.51,,G
04/07/2020,08:58:00,FlowVolume,5181.66,,G
04/07/2020,08:59:00,PT Level,5.79,in,G
04/07/2020,08:59:00,Flow_cfs,7.51,,G
04/07/2020,08:59:00,FlowVolume,5632.31,,G
04/07/2020,09:00:00,PT Level,5.79,in,G
04/07/2020,09:00:00,Aliquot_Num,6,ali,G
04/07/2020,09:00:00,Flow_cfs,7.51,,G
04/07/2020,09:00:00,Curr_pacing,30000.00,,G
04/07/2020,09:00:00,FlowVolume,6082.96,,G
04/07/2020,09:01:00,PT Level,5.79,in,G
04/07/2020,09:01:00,Flow_cfs,7.51,,G
04/07/2020,09:01:00,FlowVolume,6533.61,,G
04/07/2020,09:02:00,PT Level,5.78,in,G
04/07/2020,09:02:00,Flow_cfs,7.51,,G
04/07/2020,09:02:00,FlowVolume,6984.19,,G
04/07/2020,09:03:00,PT Level,5.76,in,G
04/07/2020,09:03:00,Flow_cfs,7.51,,G
04/07/2020,09:03:00,FlowVolume,7434.62,,G
04/07/2020,09:04:00,PT Level,5.76,in,G
04/07/2020,09:04:00,Flow_cfs,7.51,,G
04/07/2020,09:04:00,FlowVolume,7885.06,,G
04/07/2020,09:05:00,PT Level,5.76,in,G
04/07/2020,09:05:00,Aliquot_Num,6,ali,G
04/07/2020,09:05:00,Flow_cfs,7.51,,G
04/07/2020,09:05:00,Curr_pacing,30000.00,,G
04/07/2020,09:05:00,FlowVolume,8335.49,,G
04/07/2020,09:06:00,PT Level,5.76,in,G
04/07/2020,09:06:00,Flow_cfs,7.51,,G
04/07/2020,09:06:00,FlowVolume,8785.92,,G
04/07/2020,09:07:00,PT Level,5.76,in,G
04/07/2020,09:07:00,Flow_cfs,7.51,,G
04/07/2020,09:07:00,FlowVolume,9236.36,,G
04/07/2020,09:08:00,PT Level,5.74,in,G
04/07/2020,09:08:00,Flow_cfs,7.50,,G
04/07/2020,09:08:00,FlowVolume,9686.65,,G
04/07/2020,09:09:00,PT Level,5.74,in,G
04/07/2020,09:09:00,Flow_cfs,7.50,,G
04/07/2020,09:09:00,FlowVolume,10136.94,,G
04/07/2020,09:10:00,PT Level,5.73,in,G
04/07/2020,09:10:00,Aliquot_Num,6,ali,G
04/07/2020,09:10:00,Flow_cfs,7.50,,G
04/07/2020,09:10:00,Curr_pacing,30000.00,,G
04/07/2020,09:10:00,FlowVolume,10587.15,,G
04/07/2020,09:11:00,PT Level,5.73,in,G
04/07/2020,09:11:00,Flow_cfs,7.50,,G
04/07/2020,09:11:00,FlowVolume,11037.37,,G
04/07/2020,09:12:00,PT Level,5.74,in,G
04/07/2020,09:12:00,Flow_cfs,7.50,,G
04/07/2020,09:12:00,FlowVolume,11487.66,,G
04/07/2020,09:13:00,PT Level,5.73,in,G
04/07/2020,09:13:00,Flow_cfs,7.50,,G
04/07/2020,09:13:00,FlowVolume,11937.88,,G
04/07/2020,09:14:00,PT Level,5.72,in,G
04/07/2020,09:14:00,Flow_cfs,7.50,,G
04/07/2020,09:14:00,FlowVolume,12388.02,,G
04/07/2020,09:15:00,PT Level,5.73,in,G
04/07/2020,09:15:00,Aliquot_Num,6,ali,G
04/07/2020,09:15:00,Flow_cfs,7.50,,G
04/07/2020,09:15:00,Curr_pacing,30000.00,,G
04/07/2020,09:15:00,FlowVolume,12838.24,,G
04/07/2020,09:16:00,PT Level,5.72,in,G
04/07/2020,09:16:00,Flow_cfs,7.50,,G
04/07/2020,09:16:00,FlowVolume,13288.38,,G
04/07/2020,09:17:00,PT Level,5.73,in,G
04/07/2020,09:17:00,Flow_cfs,7.50,,G
04/07/2020,09:17:00,FlowVolume,13738.60,,G
04/07/2020,09:18:00,PT Level,5.73,in,G
04/07/2020,09:18:00,Flow_cfs,7.50,,G
04/07/2020,09:18:00,FlowVolume,14188.82,,G
04/07/2020,09:19:00,PT Level,5.73,in,G
04/07/2020,09:19:00,Flow_cfs,7.50,,G
04/07/2020,09:19:00,FlowVolume,14639.03,,G
04/07/2020,09:20:00,PT Level,5.72,in,G
04/07/2020,09:20:00,Aliquot_Num,6,ali,G
04/07/2020,09:20:00,Flow_cfs,7.50,,G
04/07/2020,09:20:00,Curr_pacing,30000.00,,G
04/07/2020,09:20:00,FlowVolume,15089.18,,G
04/07/2020,09:21:00,PT Level,5.72,in,G
04/07/2020,09:21:00,Flow_cfs,7.50,,G
04/07/2020,09:21:00,FlowVolume,15539.32,,G
04/07/2020,09:22:00,PT Level,5.72,in,G
04/07/2020,09:22:00,Flow_cfs,7.50,,G
04/07/2020,09:22:00,FlowVolume,15989.47,,G
04/07/2020,09:23:00,PT Level,5.71,in,G
04/07/2020,09:23:00,Flow_cfs,7.50,,G
04/07/2020,09:23:00,FlowVolume,16439.54,,G
04/07/2020,09:24:00,PT Level,5.70,in,G
04/07/2020,09:24:00,Flow_cfs,7.50,,G
04/07/2020,09:24:00,FlowVolume,16889.54,,G
04/07/2020,09:25:00,PT Level,5.72,in,G
04/07/2020,09:25:00,Aliquot_Num,6,ali,G
04/07/2020,09:25:00,Flow_cfs,7.50,,G
04/07/2020,09:25:00,Curr_pacing,30000.00,,G
04/07/2020,09:25:00,FlowVolume,17339.68,,G
04/07/2020,09:26:00,PT Level,5.71,in,G
04/07/2020,09:26:00,Flow_cfs,7.50,,G
04/07/2020,09:26:00,FlowVolume,17789.76,,G
04/07/2020,09:27:00,PT Level,5.72,in,G
04/07/2020,09:27:00,Flow_cfs,7.50,,G
04/07/2020,09:27:00,FlowVolume,18239.90,,G
04/07/2020,09:28:00,PT Level,5.70,in,G
04/07/2020,09:28:00,Flow_cfs,7.50,,G
04/07/2020,09:28:00,FlowVolume,18689.90,,G
04/07/2020,09:29:00,PT Level,5.70,in,G
04/07/2020,09:29:00,Flow_cfs,7.50,,G
04/07/2020,09:29:00,FlowVolume,19139.90,,G
04/07/2020,09:30:00,PT Level,5.69,in,G
04/07/2020,09:30:00,Aliquot_Num,6,ali,G
04/07/2020,09:30:00,Flow_cfs,7.47,,G
04/07/2020,09:30:00,Curr_pacing,30000.00,,G
04/07/2020,09:30:00,FlowVolume,19588.40,,G
04/07/2020,09:31:00,PT Level,5.70,in,G
04/07/2020,09:31:00,Flow_cfs,7.50,,G
04/07/2020,09:31:00,FlowVolume,20038.40,,G
04/07/2020,09:32:00,PT Level,5.73,in,G
04/07/2020,09:32:00,Flow_cfs,7.50,,G
04/07/2020,09:32:00,FlowVolume,20488.62,,G
04/07/2020,09:33:00,PT Level,5.71,in,G
04/07/2020,09:33:00,Flow_cfs,7.50,,G
04/07/2020,09:33:00,FlowVolume,20938.69,,G
04/07/2020,09:34:00,PT Level,5.70,in,G
04/07/2020,09:34:00,Flow_cfs,7.50,,G
04/07/2020,09:34:00,FlowVolume,21388.69,,G
04/07/2020,09:35:00,PT Level,5.69,in,G
04/07/2020,09:35:00,Aliquot_Num,6,ali,G
04/07/2020,09:35:00,Flow_cfs,7.47,,G
04/07/2020,09:35:00,Curr_pacing,30000.00,,G
04/07/2020,09:35:00,FlowVolume,21837.19,,G
04/07/2020,09:36:00,PT Level,5.70,in,G
04/07/2020,09:36:00,Flow_cfs,7.50,,G
04/07/2020,09:36:00,FlowVolume,22287.19,,G
04/07/2020,09:37:00,PT Level,5.71,in,G
04/07/2020,09:37:00,Flow_cfs,7.50,,G
04/07/2020,09:37:00,FlowVolume,22737.26,,G
04/07/2020,09:38:00,PT Level,5.71,in,G
04/07/2020,09:38:00,Flow_cfs,7.50,,G
04/07/2020,09:38:00,FlowVolume,23187.33,,G
04/07/2020,09:39:00,PT Level,5.69,in,G
04/07/2020,09:39:00,Flow_cfs,7.47,,G
04/07/2020,09:39:00,FlowVolume,23635.83,,G
04/07/2020,09:40:00,PT Level,5.69,in,G
04/07/2020,09:40:00,Aliquot_Num,6,ali,G
04/07/2020,09:40:00,Flow_cfs,7.47,,G
04/07/2020,09:40:00,Curr_pacing,30000.00,,G
04/07/2020,09:40:00,FlowVolume,24084.33,,G
04/07/2020,09:41:00,PT Level,5.68,in,G
04/07/2020,09:41:00,Flow_cfs,7.45,,G
04/07/2020,09:41:00,FlowVolume,24531.33,,G
04/07/2020,09:42:00,PT Level,5.67,in,G
04/07/2020,09:42:00,Flow_cfs,7.43,,G
04/07/2020,09:42:00,FlowVolume,24976.83,,G
04/07/2020,09:43:00,PT Level,5.70,in,G
04/07/2020,09:43:00,Flow_cfs,7.50,,G
04/07/2020,09:43:00,FlowVolume,25426.83,,G
04/07/2020,09:44:00,PT Level,5.69,in,G
04/07/2020,09:44:00,Flow_cfs,7.47,,G
04/07/2020,09:44:00,FlowVolume,25875.33,,G
04/07/2020,09:45:00,PT Level,5.70,in,G
04/07/2020,09:45:00,Aliquot_Num,6,ali,G
04/07/2020,09:45:00,Flow_cfs,7.50,,G
04/07/2020,09:45:00,Curr_pacing,30000.00,,G
04/07/2020,09:45:00,FlowVolume,26325.33,,G
04/07/2020,09:46:00,PT Level,5.70,in,G
04/07/2020,09:46:00,Flow_cfs,7.50,,G
04/07/2020,09:46:00,FlowVolume,26775.33,,G
04/07/2020,09:47:00,PT Level,5.69,in,G
04/07/2020,09:47:00,Flow_cfs,7.47,,G
04/07/2020,09:47:00,FlowVolume,27223.83,,G
04/07/2020,09:48:00,PT Level,5.69,in,G
04/07/2020,09:48:00,Flow_cfs,7.47,,G
04/07/2020,09:48:00,FlowVolume,27672.33,,G
04/07/2020,09:49:00,PT Level,5.70,in,G
04/07/2020,09:49:00,Flow_cfs,7.50,,G
04/07/2020,09:49:00,FlowVolume,28122.33,,G
04/07/2020,09:50:00,PT Level,5.69,in,G
04/07/2020,09:50:00,Aliquot_Num,6,ali,G
04/07/2020,09:50:00,Flow_cfs,7.47,,G
04/07/2020,09:50:00,Curr_pacing,30000.00,,G
04/07/2020,09:50:00,FlowVolume,28570.83,,G
04/07/2020,09:51:00,PT Level,5.69,in,G
04/07/2020,09:51:00,Flow_cfs,7.47,,G
04/07/2020,09:51:00,FlowVolume,29019.33,,G
04/07/2020,09:52:00,PT Level,5.71,in,G
04/07/2020,09:52:00,Flow_cfs,7.50,,G
04/07/2020,09:52:00,FlowVolume,29469.40,,G
04/07/2020,09:53:00,PT Level,5.69,in,G
04/07/2020,09:53:00,Flow_cfs,7.47,,G
04/07/2020,09:53:00,FlowVolume,29917.90,,G
04/07/2020,09:54:00,PT Level,5.70,in,G
04/07/2020,09:54:00,Flow_cfs,7.50,,G
04/07/2020,09:54:00,Triggered S,7,,G
04/07/2020,09:54:00,VolumeTrig,30367.90,,G
04/07/2020,09:54:00,FlowVolume,367.90,,G
04/07/2020,09:55:00,PT Level,5.70,in,G
04/07/2020,09:55:00,Aliquot_Num,7,ali,G
04/07/2020,09:55:00,Flow_cfs,7.50,,G
04/07/2020,09:55:00,Curr_pacing,30000.00,,G
04/07/2020,09:55:00,FlowVolume,817.90,,G
04/07/2020,09:56:00,PT Level,5.70,in,G
04/07/2020,09:56:00,Flow_cfs,7.50,,G
04/07/2020,09:56:00,FlowVolume,1267.90,,G
04/07/2020,09:57:00,PT Level,5.70,in,G
04/07/2020,09:57:00,Flow_cfs,7.50,,G
04/07/2020,09:57:00,FlowVolume,1717.90,,G
04/07/2020,09:58:00,PT Level,5.70,in,G
04/07/2020,09:58:00,Flow_cfs,7.50,,G
04/07/2020,09:58:00,FlowVolume,2167.90,,G
04/07/2020,09:59:00,PT Level,5.69,in,G
04/07/2020,09:59:00,Flow_cfs,7.47,,G
04/07/2020,09:59:00,FlowVolume,2616.40,,G
04/07/2020,10:00:00,PT Level,5.69,in,G
04/07/2020,10:00:00,Aliquot_Num,7,ali,G
04/07/2020,10:00:00,Flow_cfs,7.47,,G
04/07/2020,10:00:00,Curr_pacing,30000.00,,G
04/07/2020,10:00:00,FlowVolume,3064.90,,G
04/07/2020,10:01:00,PT Level,5.70,in,G
04/07/2020,10:01:00,Flow_cfs,7.50,,G
04/07/2020,10:01:00,FlowVolume,3514.90,,G
04/07/2020,10:02:00,PT Level,5.69,in,G
04/07/2020,10:02:00,Flow_cfs,7.47,,G
04/07/2020,10:02:00,FlowVolume,3963.40,,G
04/07/2020,10:03:00,PT Level,5.70,in,G
04/07/2020,10:03:00,Flow_cfs,7.50,,G
04/07/2020,10:03:00,FlowVolume,4413.40,,G
04/07/2020,10:04:00,PT Level,5.69,in,G
04/07/2020,10:04:00,Flow_cfs,7.47,,G
04/07/2020,10:04:00,FlowVolume,4861.90,,G
04/07/2020,10:05:00,PT Level,5.68,in,G
04/07/2020,10:05:00,Aliquot_Num,7,ali,G
04/07/2020,10:05:00,Flow_cfs,7.45,,G
04/07/2020,10:05:00,Curr_pacing,30000.00,,G
04/07/2020,10:05:00,FlowVolume,5308.90,,G
04/07/2020,10:06:00,PT Level,5.67,in,G
04/07/2020,10:06:00,Flow_cfs,7.43,,G
04/07/2020,10:06:00,FlowVolume,5754.40,,G
04/07/2020,10:07:00,PT Level,5.70,in,G
04/07/2020,10:07:00,Flow_cfs,7.50,,G
04/07/2020,10:07:00,FlowVolume,6204.40,,G
04/07/2020,10:08:00,PT Level,5.69,in,G
04/07/2020,10:08:00,Flow_cfs,7.47,,G
04/07/2020,10:08:00,FlowVolume,6652.90,,G
04/07/2020,10:09:00,PT Level,5.67,in,G
04/07/2020,10:09:00,Flow_cfs,7.43,,G
04/07/2020,10:09:00,FlowVolume,7098.40,,G
04/07/2020,10:10:00,PT Level,5.68,in,G
04/07/2020,10:10:00,Aliquot_Num,7,ali,G
04/07/2020,10:10:00,Flow_cfs,7.45,,G
04/07/2020,10:10:00,Curr_pacing,30000.00,,G
04/07/2020,10:10:00,FlowVolume,7545.40,,G
04/07/2020,10:11:00,PT Level,5.68,in,G
04/07/2020,10:11:00,Flow_cfs,7.45,,G
04/07/2020,10:11:00,FlowVolume,7992.40,,G
04/07/2020,10:12:00,PT Level,5.67,in,G
04/07/2020,10:12:00,Flow_cfs,7.43,,G
04/07/2020,10:12:00,FlowVolume,8437.90,,G
04/07/2020,10:13:00,PT Level,5.68,in,G
04/07/2020,10:13:00,Flow_cfs,7.45,,G
04/07/2020,10:13:00,FlowVolume,8884.90,,G
04/07/2020,10:14:00,PT Level,5.69,in,G
04/07/2020,10:14:00,Flow_cfs,7.47,,G
04/07/2020,10:14:00,FlowVolume,9333.40,,G
04/07/2020,10:15:00,PT Level,5.68,in,G
04/07/2020,10:15:00,Aliquot_Num,7,ali,G
04/07/2020,10:15:00,Flow_cfs,7.45,,G
04/07/2020,10:15:00,Curr_pacing,30000.00,,G
04/07/2020,10:15:00,FlowVolume,9780.40,,G
04/07/2020,10:16:00,PT Level,5.70,in,G
04/07/2020,10:16:00,Flow_cfs,7.50,,G
04/07/2020,10:16:00,FlowVolume,10230.40,,G
04/07/2020,10:17:00,PT Level,5.69,in,G
04/07/2020,10:17:00,Flow_cfs,7.47,,G
04/07/2020,10:17:00,FlowVolume,10678.90,,G
04/07/2020,10:18:00,PT Level,5.68,in,G
04/07/2020,10:18:00,Flow_cfs,7.45,,G
04/07/2020,10:18:00,FlowVolume,11125.90,,G
04/07/2020,10:19:00,PT Level,5.69,in,G
04/07/2020,10:19:00,Flow_cfs,7.47,,G
04/07/2020,10:19:00,FlowVolume,11574.40,,G
04/07/2020,10:20:00,PT Level,5.69,in,G
04/07/2020,10:20:00,Aliquot_Num,7,ali,G
04/07/2020,10:20:00,Flow_cfs,7.47,,G
04/07/2020,10:20:00,Curr_pacing,30000.00,,G
04/07/2020,10:20:00,FlowVolume,12022.90,,G
04/07/2020,10:21:00,PT Level,5.70,in,G
04/07/2020,10:21:00,Flow_cfs,7.50,,G
04/07/2020,10:21:00,FlowVolume,12472.90,,G
04/07/2020,10:22:00,PT Level,5.72,in,G
04/07/2020,10:22:00,Flow_cfs,7.50,,G
04/07/2020,10:22:00,FlowVolume,12923.05,,G
04/07/2020,10:23:00,PT Level,5.72,in,G
04/07/2020,10:23:00,Flow_cfs,7.50,,G
04/07/2020,10:23:00,FlowVolume,13373.19,,G
04/07/2020,10:24:00,PT Level,5.73,in,G
04/07/2020,10:24:00,Flow_cfs,7.50,,G
04/07/2020,10:24:00,FlowVolume,13823.41,,G
04/07/2020,10:25:00,PT Level,5.73,in,G
04/07/2020,10:25:00,Aliquot_Num,7,ali,G
04/07/2020,10:25:00,Flow_cfs,7.50,,G
04/07/2020,10:25:00,Curr_pacing,30000.00,,G
04/07/2020,10:25:00,FlowVolume,14273.63,,G
04/07/2020,10:26:00,PT Level,5.74,in,G
04/07/2020,10:26:00,Flow_cfs,7.50,,G
04/07/2020,10:26:00,FlowVolume,14723.92,,G
04/07/2020,10:27:00,PT Level,5.74,in,G
04/07/2020,10:27:00,Flow_cfs,7.50,,G
04/07/2020,10:27:00,FlowVolume,15174.21,,G
04/07/2020,10:28:00,PT Level,5.74,in,G
04/07/2020,10:28:00,Flow_cfs,7.50,,G
04/07/2020,10:28:00,FlowVolume,15624.49,,G
04/07/2020,10:29:00,PT Level,5.75,in,G
04/07/2020,10:29:00,Flow_cfs,7.51,,G
04/07/2020,10:29:00,FlowVolume,16074.86,,G
04/07/2020,10:30:00,PT Level,5.75,in,G
04/07/2020,10:30:00,Aliquot_Num,7,ali,G
04/07/2020,10:30:00,Flow_cfs,7.51,,G
04/07/2020,10:30:00,Curr_pacing,30000.00,,G
04/07/2020,10:30:00,FlowVolume,16525.22,,G
04/07/2020,10:31:00,PT Level,5.77,in,G
04/07/2020,10:31:00,Flow_cfs,7.51,,G
04/07/2020,10:31:00,FlowVolume,16975.72,,G
04/07/2020,10:32:00,PT Level,5.77,in,G
04/07/2020,10:32:00,Flow_cfs,7.51,,G
04/07/2020,10:32:00,FlowVolume,17426.23,,G
04/07/2020,10:33:00,PT Level,5.77,in,G
04/07/2020,10:33:00,Flow_cfs,7.51,,G
04/07/2020,10:33:00,FlowVolume,17876.74,,G
04/07/2020,10:34:00,PT Level,5.77,in,G
04/07/2020,10:34:00,Flow_cfs,7.51,,G
04/07/2020,10:34:00,FlowVolume,18327.24,,G
04/07/2020,10:35:00,PT Level,5.77,in,G
04/07/2020,10:35:00,Aliquot_Num,7,ali,G
04/07/2020,10:35:00,Flow_cfs,7.51,,G
04/07/2020,10:35:00,Curr_pacing,30000.00,,G
04/07/2020,10:35:00,FlowVolume,18777.75,,G
04/07/2020,10:36:00,PT Level,5.77,in,G
04/07/2020,10:36:00,Flow_cfs,7.51,,G
04/07/2020,10:36:00,FlowVolume,19228.25,,G
04/07/2020,10:37:00,PT Level,5.76,in,G
04/07/2020,10:37:00,Flow_cfs,7.51,,G
04/07/2020,10:37:00,FlowVolume,19678.69,,G
04/07/2020,10:38:00,PT Level,5.78,in,G
04/07/2020,10:38:00,Flow_cfs,7.51,,G
04/07/2020,10:38:00,FlowVolume,20129.27,,G
04/07/2020,10:39:00,PT Level,5.78,in,G
04/07/2020,10:39:00,Flow_cfs,7.51,,G
04/07/2020,10:39:00,FlowVolume,20579.84,,G
04/07/2020,10:40:00,PT Level,5.78,in,G
04/07/2020,10:40:00,Aliquot_Num,7,ali,G
04/07/2020,10:40:00,Flow_cfs,7.51,,G
04/07/2020,10:40:00,Curr_pacing,30000.00,,G
04/07/2020,10:40:00,FlowVolume,21030.42,,G
04/07/2020,10:41:00,PT Level,5.78,in,G
04/07/2020,10:41:00,Flow_cfs,7.51,,G
04/07/2020,10:41:00,FlowVolume,21481.00,,G
04/07/2020,10:42:00,PT Level,5.78,in,G
04/07/2020,10:42:00,Flow_cfs,7.51,,G
04/07/2020,10:42:00,FlowVolume,21931.58,,G
04/07/2020,10:43:00,PT Level,5.80,in,G
04/07/2020,10:43:00,Flow_cfs,7.51,,G
04/07/2020,10:43:00,FlowVolume,22382.30,,G
04/07/2020,10:44:00,PT Level,5.80,in,G
04/07/2020,10:44:00,Flow_cfs,7.51,,G
04/07/2020,10:44:00,FlowVolume,22833.02,,G
04/07/2020,10:45:00,PT Level,5.79,in,G
04/07/2020,10:45:00,Aliquot_Num,7,ali,G
04/07/2020,10:45:00,Flow_cfs,7.51,,G
04/07/2020,10:45:00,Curr_pacing,30000.00,,G
04/07/2020,10:45:00,FlowVolume,23283.68,,G
04/07/2020,10:46:00,PT Level,5.80,in,G
04/07/2020,10:46:00,Flow_cfs,7.51,,G
04/07/2020,10:46:00,FlowVolume,23734.40,,G
04/07/2020,10:47:00,PT Level,5.81,in,G
04/07/2020,10:47:00,Flow_cfs,7.51,,G
04/07/2020,10:47:00,FlowVolume,24185.19,,G
04/07/2020,10:48:00,PT Level,5.80,in,G
04/07/2020,10:48:00,Flow_cfs,7.51,,G
04/07/2020,10:48:00,FlowVolume,24635.92,,G
04/07/2020,10:49:00,PT Level,5.80,in,G
04/07/2020,10:49:00,Flow_cfs,7.51,,G
04/07/2020,10:49:00,FlowVolume,25086.64,,G
04/07/2020,10:50:00,PT Level,5.81,in,G
04/07/2020,10:50:00,Aliquot_Num,7,ali,G
04/07/2020,10:50:00,Flow_cfs,7.51,,G
04/07/2020,10:50:00,Curr_pacing,30000.00,,G
04/07/2020,10:50:00,FlowVolume,25537.43,,G
04/07/2020,10:51:00,PT Level,5.81,in,G
04/07/2020,10:51:00,Flow_cfs,7.51,,G
04/07/2020,10:51:00,FlowVolume,25988.23,,G
04/07/2020,10:52:00,PT Level,5.81,in,G
04/07/2020,10:52:00,Flow_cfs,7.51,,G
04/07/2020,10:52:00,FlowVolume,26439.02,,G
04/07/2020,10:53:00,PT Level,5.81,in,G
04/07/2020,10:53:00,Flow_cfs,7.51,,G
04/07/2020,10:53:00,FlowVolume,26889.82,,G
04/07/2020,10:54:00,PT Level,5.81,in,G
04/07/2020,10:54:00,Flow_cfs,7.51,,G
04/07/2020,10:54:00,FlowVolume,27340.62,,G
04/07/2020,10:55:00,PT Level,5.81,in,G
04/07/2020,10:55:00,Aliquot_Num,7,ali,G
04/07/2020,10:55:00,Flow_cfs,7.51,,G
04/07/2020,10:55:00,Curr_pacing,30000.00,,G
04/07/2020,10:55:00,FlowVolume,27791.41,,G
04/07/2020,10:56:00,PT Level,5.81,in,G
04/07/2020,10:56:00,Flow_cfs,7.51,,G
04/07/2020,10:56:00,FlowVolume,28242.21,,G
04/07/2020,10:57:00,PT Level,5.81,in,G
04/07/2020,10:57:00,Flow_cfs,7.51,,G
04/07/2020,10:57:00,FlowVolume,28693.00,,G
04/07/2020,10:58:00,PT Level,5.80,in,G
04/07/2020,10:58:00,Flow_cfs,7.51,,G
04/07/2020,10:58:00,FlowVolume,29143.72,,G
04/07/2020,10:59:00,PT Level,5.81,in,G
04/07/2020,10:59:00,Flow_cfs,7.51,,G
04/07/2020,10:59:00,FlowVolume,29594.52,,G
04/07/2020,11:00:00,PT Level,5.82,in,G
04/07/2020,11:00:00,Aliquot_Num,7,ali,G
04/07/2020,11:00:00,Flow_cfs,7.51,,G
04/07/2020,11:00:00,Curr_pacing,30000.00,,G
04/07/2020,11:00:00,Triggered S,8,,G
04/07/2020,11:00:00,VolumeTrig,30045.39,,G
04/07/2020,11:00:00,FlowVolume,45.39,,G
04/07/2020,11:01:00,PT Level,5.79,in,G
04/07/2020,11:01:00,Flow_cfs,7.51,,G
04/07/2020,11:01:00,FlowVolume,496.04,,G
04/07/2020,11:02:00,PT Level,5.81,in,G
04/07/2020,11:02:00,Flow_cfs,7.51,,G
04/07/2020,11:02:00,FlowVolume,946.83,,G
04/07/2020,11:03:00,PT Level,5.80,in,G
04/07/2020,11:03:00,Flow_cfs,7.51,,G
04/07/2020,11:03:00,FlowVolume,1397.55,,G
04/07/2020,11:04:00,PT Level,5.80,in,G
04/07/2020,11:04:00,Flow_cfs,7.51,,G
04/07/2020,11:04:00,FlowVolume,1848.28,,G
04/07/2020,11:05:00,PT Level,5.79,in,G
04/07/2020,11:05:00,Aliquot_Num,8,ali,G
04/07/2020,11:05:00,Flow_cfs,7.51,,G
04/07/2020,11:05:00,Curr_pacing,30000.00,,G
04/07/2020,11:05:00,FlowVolume,2298.93,,G
04/07/2020,11:06:00,PT Level,5.80,in,G
04/07/2020,11:06:00,Flow_cfs,7.51,,G
04/07/2020,11:06:00,FlowVolume,2749.65,,G
04/07/2020,11:07:00,PT Level,5.79,in,G
04/07/2020,11:07:00,Flow_cfs,7.51,,G
04/07/2020,11:07:00,FlowVolume,3200.30,,G
04/07/2020,11:08:00,PT Level,5.80,in,G
04/07/2020,11:08:00,Flow_cfs,7.51,,G
04/07/2020,11:08:00,FlowVolume,3651.02,,G
04/07/2020,11:09:00,PT Level,5.80,in,G
04/07/2020,11:09:00,Flow_cfs,7.51,,G
04/07/2020,11:09:00,FlowVolume,4101.75,,G
04/07/2020,11:10:00,PT Level,5.77,in,G
04/07/2020,11:10:00,Aliquot_Num,8,ali,G
04/07/2020,11:10:00,Flow_cfs,7.51,,G
04/07/2020,11:10:00,Curr_pacing,30000.00,,G
04/07/2020,11:10:00,FlowVolume,4552.25,,G
04/07/2020,11:11:00,PT Level,5.81,in,G
04/07/2020,11:11:00,Flow_cfs,7.51,,G
04/07/2020,11:11:00,FlowVolume,5003.05,,G
04/07/2020,11:12:00,PT Level,5.78,in,G
04/07/2020,11:12:00,Flow_cfs,7.51,,G
04/07/2020,11:12:00,FlowVolume,5453.63,,G
04/07/2020,11:13:00,PT Level,5.78,in,G
04/07/2020,11:13:00,Flow_cfs,7.51,,G
04/07/2020,11:13:00,FlowVolume,5904.21,,G
04/07/2020,11:14:00,PT Level,5.78,in,G
04/07/2020,11:14:00,Flow_cfs,7.51,,G
04/07/2020,11:14:00,FlowVolume,6354.78,,G
04/07/2020,11:15:00,PT Level,5.77,in,G
04/07/2020,11:15:00,Flow_cfs,7.51,,G
04/07/2020,11:15:00,Aliquot_Num,8,ali,G
04/07/2020,11:15:00,Curr_pacing,30000.00,,G
04/07/2020,11:15:00,FlowVolume,6805.29,,G
04/07/2020,11:16:00,PT Level,5.79,in,G
04/07/2020,11:16:00,Flow_cfs,7.51,,G
04/07/2020,11:16:00,FlowVolume,7255.94,,G
04/07/2020,11:17:00,PT Level,5.77,in,G
04/07/2020,11:17:00,Flow_cfs,7.51,,G
04/07/2020,11:17:00,FlowVolume,7706.45,,G
04/07/2020,11:18:00,PT Level,5.78,in,G
04/07/2020,11:18:00,Flow_cfs,7.51,,G
04/07/2020,11:18:00,FlowVolume,8157.02,,G
04/07/2020,11:19:00,PT Level,5.78,in,G
04/07/2020,11:19:00,Flow_cfs,7.51,,G
04/07/2020,11:19:00,FlowVolume,8607.60,,G
04/07/2020,11:20:00,PT Level,5.79,in,G
04/07/2020,11:20:00,Aliquot_Num,8,ali,G
04/07/2020,11:20:00,Flow_cfs,7.51,,G
04/07/2020,11:20:00,Curr_pacing,30000.00,,G
04/07/2020,11:20:00,FlowVolume,9058.25,,G
04/07/2020,11:21:00,PT Level,5.79,in,G
04/07/2020,11:21:00,Flow_cfs,7.51,,G
04/07/2020,11:21:00,FlowVolume,9508.90,,G
04/07/2020,11:22:00,PT Level,5.79,in,G
04/07/2020,11:22:00,Flow_cfs,7.51,,G
04/07/2020,11:22:00,FlowVolume,9959.55,,G
04/07/2020,11:23:00,PT Level,5.77,in,G
04/07/2020,11:23:00,Flow_cfs,7.51,,G
04/07/2020,11:23:00,FlowVolume,10410.06,,G
04/07/2020,11:24:00,PT Level,5.77,in,G
04/07/2020,11:24:00,Flow_cfs,7.51,,G
04/07/2020,11:24:00,FlowVolume,10860.57,,G
04/07/2020,11:25:00,PT Level,5.77,in,G
04/07/2020,11:25:00,Aliquot_Num,8,ali,G
04/07/2020,11:25:00,Flow_cfs,7.51,,G
04/07/2020,11:25:00,Curr_pacing,30000.00,,G
04/07/2020,11:25:00,FlowVolume,11311.07,,G
04/07/2020,11:26:00,PT Level,5.74,in,G
04/07/2020,11:26:00,Flow_cfs,7.50,,G
04/07/2020,11:26:00,FlowVolume,11761.36,,G
04/07/2020,11:27:00,PT Level,5.75,in,G
04/07/2020,11:27:00,Flow_cfs,7.51,,G
04/07/2020,11:27:00,FlowVolume,12211.72,,G
04/07/2020,11:28:00,PT Level,5.75,in,G
04/07/2020,11:28:00,Flow_cfs,7.51,,G
04/07/2020,11:28:00,FlowVolume,12662.09,,G
04/07/2020,11:29:00,PT Level,5.76,in,G
04/07/2020,11:29:00,Flow_cfs,7.51,,G
04/07/2020,11:29:00,FlowVolume,13112.52,,G
04/07/2020,11:30:00,PT Level,5.74,in,G
04/07/2020,11:30:00,Aliquot_Num,8,ali,G
04/07/2020,11:30:00,Flow_cfs,7.50,,G
04/07/2020,11:30:00,Curr_pacing,30000.00,,G
04/07/2020,11:30:00,FlowVolume,13562.81,,G
04/07/2020,11:31:00,PT Level,5.75,in,G
04/07/2020,11:31:00,Flow_cfs,7.51,,G
04/07/2020,11:31:00,FlowVolume,14013.17,,G
04/07/2020,11:32:00,PT Level,5.74,in,G
04/07/2020,11:32:00,Flow_cfs,7.50,,G
04/07/2020,11:32:00,FlowVolume,14463.46,,G
04/07/2020,11:33:00,PT Level,5.76,in,G
04/07/2020,11:33:00,Flow_cfs,7.51,,G
04/07/2020,11:33:00,FlowVolume,14913.89,,G
04/07/2020,11:34:00,PT Level,5.74,in,G
04/07/2020,11:34:00,Flow_cfs,7.50,,G
04/07/2020,11:34:00,FlowVolume,15364.18,,G
04/07/2020,11:35:00,PT Level,5.72,in,G
04/07/2020,11:35:00,Aliquot_Num,8,ali,G
04/07/2020,11:35:00,Flow_cfs,7.50,,G
04/07/2020,11:35:00,Curr_pacing,30000.00,,G
04/07/2020,11:35:00,FlowVolume,15814.33,,G
04/07/2020,11:36:00,PT Level,5.74,in,G
04/07/2020,11:36:00,Flow_cfs,7.50,,G
04/07/2020,11:36:00,FlowVolume,16264.62,,G
04/07/2020,11:37:00,PT Level,5.73,in,G
04/07/2020,11:37:00,Flow_cfs,7.50,,G
04/07/2020,11:37:00,FlowVolume,16714.83,,G
04/07/2020,11:38:00,PT Level,5.72,in,G
04/07/2020,11:38:00,Flow_cfs,7.50,,G
04/07/2020,11:38:00,FlowVolume,17164.98,,G
04/07/2020,11:39:00,PT Level,5.72,in,G
04/07/2020,11:39:00,Flow_cfs,7.50,,G
04/07/2020,11:39:00,FlowVolume,17615.12,,G
04/07/2020,11:40:00,PT Level,5.72,in,G
04/07/2020,11:40:00,Aliquot_Num,8,ali,G
04/07/2020,11:40:00,Flow_cfs,7.50,,G
04/07/2020,11:40:00,Curr_pacing,30000.00,,G
04/07/2020,11:40:00,FlowVolume,18065.27,,G
04/07/2020,11:41:00,PT Level,5.71,in,G
04/07/2020,11:41:00,Flow_cfs,7.50,,G
04/07/2020,11:41:00,FlowVolume,18515.34,,G
04/07/2020,11:42:00,PT Level,5.71,in,G
04/07/2020,11:42:00,Flow_cfs,7.50,,G
04/07/2020,11:42:00,FlowVolume,18965.41,,G
04/07/2020,11:43:00,PT Level,5.70,in,G
04/07/2020,11:43:00,Flow_cfs,7.50,,G
04/07/2020,11:43:00,FlowVolume,19415.41,,G
04/07/2020,11:44:00,PT Level,5.71,in,G
04/07/2020,11:44:00,Flow_cfs,7.50,,G
04/07/2020,11:44:00,FlowVolume,19865.48,,G
04/07/2020,11:45:00,PT Level,5.70,in,G
04/07/2020,11:45:00,Aliquot_Num,8,ali,G
04/07/2020,11:45:00,Flow_cfs,7.50,,G
04/07/2020,11:45:00,Curr_pacing,30000.00,,G
04/07/2020,11:45:00,FlowVolume,20315.48,,G
04/07/2020,11:46:00,PT Level,5.70,in,G
04/07/2020,11:46:00,Flow_cfs,7.50,,G
04/07/2020,11:46:00,FlowVolume,20765.48,,G
04/07/2020,11:47:00,PT Level,5.69,in,G
04/07/2020,11:47:00,Flow_cfs,7.47,,G
04/07/2020,11:47:00,FlowVolume,21213.98,,G
04/07/2020,11:48:00,PT Level,5.69,in,G
04/07/2020,11:48:00,Flow_cfs,7.47,,G
04/07/2020,11:48:00,FlowVolume,21662.48,,G
04/07/2020,11:49:00,PT Level,5.68,in,G
04/07/2020,11:49:00,Flow_cfs,7.45,,G
04/07/2020,11:49:00,FlowVolume,22109.48,,G
04/07/2020,11:50:00,PT Level,5.68,in,G
04/07/2020,11:50:00,Aliquot_Num,8,ali,G
04/07/2020,11:50:00,Flow_cfs,7.45,,G
04/07/2020,11:50:00,Curr_pacing,30000.00,,G
04/07/2020,11:50:00,FlowVolume,22556.48,,G
04/07/2020,11:51:00,PT Level,5.69,in,G
04/07/2020,11:51:00,Flow_cfs,7.47,,G
04/07/2020,11:51:00,FlowVolume,23004.98,,G
04/07/2020,11:52:00,PT Level,5.67,in,G
04/07/2020,11:52:00,Flow_cfs,7.43,,G
04/07/2020,11:52:00,FlowVolume,23450.48,,G
04/07/2020,11:53:00,PT Level,5.68,in,G
04/07/2020,11:53:00,Flow_cfs,7.45,,G
04/07/2020,11:53:00,FlowVolume,23897.48,,G
04/07/2020,11:54:00,PT Level,5.67,in,G
04/07/2020,11:54:00,Flow_cfs,7.43,,G
04/07/2020,11:54:00,FlowVolume,24342.98,,G
04/07/2020,11:55:00,PT Level,5.67,in,G
04/07/2020,11:55:00,Aliquot_Num,8,ali,G
04/07/2020,11:55:00,Flow_cfs,7.43,,G
04/07/2020,11:55:00,Curr_pacing,30000.00,,G
04/07/2020,11:55:00,FlowVolume,24788.48,,G
04/07/2020,11:56:00,PT Level,5.66,in,G
04/07/2020,11:56:00,Flow_cfs,7.40,,G
04/07/2020,11:56:00,FlowVolume,25232.48,,G
04/07/2020,11:57:00,PT Level,5.66,in,G
04/07/2020,11:57:00,Flow_cfs,7.40,,G
04/07/2020,11:57:00,FlowVolume,25676.48,,G
04/07/2020,11:58:00,PT Level,5.65,in,G
04/07/2020,11:58:00,Flow_cfs,7.37,,G
04/07/2020,11:58:00,FlowVolume,26118.98,,G
04/07/2020,11:59:00,PT Level,5.66,in,G
04/07/2020,11:59:00,Flow_cfs,7.40,,G
04/07/2020,11:59:00,FlowVolume,26562.98,,G
04/07/2020,12:00:00,PT Level,5.66,in,G
04/07/2020,12:00:00,Aliquot_Num,8,ali,G
04/07/2020,12:00:00,Flow_cfs,7.40,,G
04/07/2020,12:00:00,Curr_pacing,30000.00,,G
04/07/2020,12:00:00,FlowVolume,27006.98,,G
04/07/2020,12:01:00,PT Level,5.64,in,G
04/07/2020,12:01:00,Flow_cfs,7.35,,G
04/07/2020,12:01:00,FlowVolume,27447.98,,G
04/07/2020,12:02:00,PT Level,5.65,in,G
04/07/2020,12:02:00,Flow_cfs,7.37,,G
04/07/2020,12:02:00,FlowVolume,27890.48,,G
04/07/2020,12:03:00,PT Level,5.64,in,G
04/07/2020,12:03:00,Flow_cfs,7.35,,G
04/07/2020,12:03:00,FlowVolume,28331.48,,G
04/07/2020,12:04:00,PT Level,5.66,in,G
04/07/2020,12:04:00,Flow_cfs,7.40,,G
04/07/2020,12:04:00,FlowVolume,28775.48,,G
04/07/2020,12:05:00,PT Level,5.64,in,G
04/07/2020,12:05:00,Aliquot_Num,8,ali,G
04/07/2020,12:05:00,Flow_cfs,7.35,,G
04/07/2020,12:05:00,Curr_pacing,30000.00,,G
04/07/2020,12:05:00,FlowVolume,29216.48,,G
04/07/2020,12:06:00,PT Level,5.64,in,G
04/07/2020,12:06:00,Flow_cfs,7.35,,G
04/07/2020,12:06:00,FlowVolume,29657.48,,G
04/07/2020,12:07:00,PT Level,5.64,in,G
04/07/2020,12:07:00,Flow_cfs,7.35,,G
04/07/2020,12:07:00,Triggered S,9,,G
04/07/2020,12:07:00,VolumeTrig,30098.48,,G
04/07/2020,12:07:00,FlowVolume,98.48,,G
04/07/2020,12:08:00,PT Level,5.63,in,G
04/07/2020,12:08:00,Flow_cfs,7.33,,G
04/07/2020,12:08:00,FlowVolume,537.98,,G
04/07/2020,12:09:00,PT Level,5.63,in,G
04/07/2020,12:09:00,Flow_cfs,7.33,,G
04/07/2020,12:09:00,FlowVolume,977.48,,G
04/07/2020,12:10:00,PT Level,5.60,in,G
04/07/2020,12:10:00,Aliquot_Num,9,ali,G
04/07/2020,12:10:00,Flow_cfs,7.25,,G
04/07/2020,12:10:00,Curr_pacing,30000.00,,G
04/07/2020,12:10:00,FlowVolume,1412.48,,G
04/07/2020,12:11:00,PT Level,5.61,in,G
04/07/2020,12:11:00,Flow_cfs,7.27,,G
04/07/2020,12:11:00,FlowVolume,1848.98,,G
04/07/2020,12:12:00,PT Level,5.62,in,G
04/07/2020,12:12:00,Flow_cfs,7.30,,G
04/07/2020,12:12:00,FlowVolume,2286.98,,G
04/07/2020,12:13:00,PT Level,5.63,in,G
04/07/2020,12:13:00,Flow_cfs,7.33,,G
04/07/2020,12:13:00,FlowVolume,2726.48,,G
04/07/2020,12:14:00,PT Level,5.61,in,G
04/07/2020,12:14:00,Flow_cfs,7.27,,G
04/07/2020,12:14:00,FlowVolume,3162.98,,G
04/07/2020,12:15:00,PT Level,5.60,in,G
04/07/2020,12:15:00,Aliquot_Num,9,ali,G
04/07/2020,12:15:00,Flow_cfs,7.25,,G
04/07/2020,12:15:00,Curr_pacing,30000.00,,G
04/07/2020,12:15:00,FlowVolume,3597.98,,G
04/07/2020,12:16:00,PT Level,5.62,in,G
04/07/2020,12:16:00,Flow_cfs,7.30,,G
04/07/2020,12:16:00,FlowVolume,4035.98,,G
04/07/2020,12:17:00,PT Level,5.60,in,G
04/07/2020,12:17:00,Flow_cfs,7.25,,G
04/07/2020,12:17:00,FlowVolume,4470.98,,G
04/07/2020,12:18:00,PT Level,5.60,in,G
04/07/2020,12:18:00,Flow_cfs,7.25,,G
04/07/2020,12:18:00,FlowVolume,4905.98,,G
04/07/2020,12:19:00,PT Level,5.60,in,G
04/07/2020,12:19:00,Flow_cfs,7.25,,G
04/07/2020,12:19:00,FlowVolume,5340.98,,G
04/07/2020,12:20:00,PT Level,5.64,in,G
04/07/2020,12:20:00,Aliquot_Num,9,ali,G
04/07/2020,12:20:00,Flow_cfs,7.35,,G
04/07/2020,12:20:00,Curr_pacing,30000.00,,G
04/07/2020,12:20:00,FlowVolume,5781.98,,G
04/07/2020,12:21:00,PT Level,5.60,in,G
04/07/2020,12:21:00,Flow_cfs,7.25,,G
04/07/2020,12:21:00,FlowVolume,6216.98,,G
04/07/2020,12:22:00,PT Level,5.60,in,G
04/07/2020,12:22:00,Flow_cfs,7.25,,G
04/07/2020,12:22:00,FlowVolume,6651.98,,G
04/07/2020,12:23:00,PT Level,5.58,in,G
04/07/2020,12:23:00,Flow_cfs,7.20,,G
04/07/2020,12:23:00,FlowVolume,7083.98,,G
04/07/2020,12:24:00,PT Level,5.59,in,G
04/07/2020,12:24:00,Flow_cfs,7.23,,G
04/07/2020,12:24:00,FlowVolume,7517.48,,G
04/07/2020,12:25:00,PT Level,5.58,in,G
04/07/2020,12:25:00,Aliquot_Num,9,ali,G
04/07/2020,12:25:00,Flow_cfs,7.20,,G
04/07/2020,12:25:00,Curr_pacing,30000.00,,G
04/07/2020,12:25:00,FlowVolume,7949.48,,G
04/07/2020,12:26:00,PT Level,5.60,in,G
04/07/2020,12:26:00,Flow_cfs,7.25,,G
04/07/2020,12:26:00,FlowVolume,8384.48,,G
04/07/2020,12:27:00,PT Level,5.60,in,G
04/07/2020,12:27:00,Flow_cfs,7.25,,G
04/07/2020,12:27:00,FlowVolume,8819.48,,G
04/07/2020,12:28:00,PT Level,5.60,in,G
04/07/2020,12:28:00,Flow_cfs,7.25,,G
04/07/2020,12:28:00,FlowVolume,9254.48,,G
04/07/2020,12:29:00,PT Level,5.59,in,G
04/07/2020,12:29:00,Flow_cfs,7.23,,G
04/07/2020,12:29:00,FlowVolume,9687.98,,G
04/07/2020,12:30:00,PT Level,5.58,in,G
04/07/2020,12:30:00,Aliquot_Num,9,ali,G
04/07/2020,12:30:00,Flow_cfs,7.20,,G
04/07/2020,12:30:00,Curr_pacing,30000.00,,G
04/07/2020,12:30:00,FlowVolume,10119.98,,G
04/07/2020,12:31:00,PT Level,5.60,in,G
04/07/2020,12:31:00,Flow_cfs,7.25,,G
04/07/2020,12:31:00,FlowVolume,10554.98,,G
04/07/2020,12:32:00,PT Level,5.59,in,G
04/07/2020,12:32:00,Flow_cfs,7.23,,G
04/07/2020,12:32:00,FlowVolume,10988.48,,G
04/07/2020,12:33:00,PT Level,5.60,in,G
04/07/2020,12:33:00,Flow_cfs,7.25,,G
04/07/2020,12:33:00,FlowVolume,11423.48,,G
04/07/2020,12:34:00,PT Level,5.59,in,G
04/07/2020,12:34:00,Flow_cfs,7.23,,G
04/07/2020,12:34:00,FlowVolume,11856.98,,G
04/07/2020,12:35:00,PT Level,5.59,in,G
04/07/2020,12:35:00,Aliquot_Num,9,ali,G
04/07/2020,12:35:00,Flow_cfs,7.23,,G
04/07/2020,12:35:00,Curr_pacing,30000.00,,G
04/07/2020,12:35:00,FlowVolume,12290.48,,G
04/07/2020,12:36:00,PT Level,5.58,in,G
04/07/2020,12:36:00,Flow_cfs,7.20,,G
04/07/2020,12:36:00,FlowVolume,12722.48,,G
04/07/2020,12:37:00,PT Level,5.58,in,G
04/07/2020,12:37:00,Flow_cfs,7.20,,G
04/07/2020,12:37:00,FlowVolume,13154.48,,G
04/07/2020,12:38:00,PT Level,5.58,in,G
04/07/2020,12:38:00,Flow_cfs,7.20,,G
04/07/2020,12:38:00,FlowVolume,13586.48,,G
04/07/2020,12:39:00,PT Level,5.57,in,G
04/07/2020,12:39:00,Flow_cfs,7.17,,G
04/07/2020,12:39:00,FlowVolume,14016.98,,G
04/07/2020,12:40:00,PT Level,5.58,in,G
04/07/2020,12:40:00,Aliquot_Num,9,ali,G
04/07/2020,12:40:00,Flow_cfs,7.20,,G
04/07/2020,12:40:00,Curr_pacing,30000.00,,G
04/07/2020,12:40:00,FlowVolume,14448.98,,G
04/07/2020,12:41:00,PT Level,5.59,in,G
04/07/2020,12:41:00,Flow_cfs,7.23,,G
04/07/2020,12:41:00,FlowVolume,14882.48,,G
04/07/2020,12:42:00,PT Level,5.58,in,G
04/07/2020,12:42:00,Flow_cfs,7.20,,G
04/07/2020,12:42:00,FlowVolume,15314.48,,G
04/07/2020,12:43:00,PT Level,5.57,in,G
04/07/2020,12:43:00,Flow_cfs,7.17,,G
04/07/2020,12:43:00,FlowVolume,15744.98,,G
04/07/2020,12:44:00,PT Level,5.59,in,G
04/07/2020,12:44:00,Flow_cfs,7.23,,G
04/07/2020,12:44:00,FlowVolume,16178.48,,G
04/07/2020,12:45:00,PT Level,5.59,in,G
04/07/2020,12:45:00,Aliquot_Num,9,ali,G
04/07/2020,12:45:00,Flow_cfs,7.23,,G
04/07/2020,12:45:00,Curr_pacing,30000.00,,G
04/07/2020,12:45:00,FlowVolume,16611.98,,G
04/07/2020,12:46:00,PT Level,5.58,in,G
04/07/2020,12:46:00,Flow_cfs,7.20,,G
04/07/2020,12:46:00,FlowVolume,17043.98,,G
04/07/2020,12:47:00,PT Level,5.56,in,G
04/07/2020,12:47:00,Flow_cfs,7.15,,G
04/07/2020,12:47:00,FlowVolume,17472.98,,G
04/07/2020,12:48:00,PT Level,5.56,in,G
04/07/2020,12:48:00,Flow_cfs,7.15,,G
04/07/2020,12:48:00,FlowVolume,17901.98,,G
04/07/2020,12:49:00,PT Level,5.56,in,G
04/07/2020,12:49:00,Flow_cfs,7.15,,G
04/07/2020,12:49:00,FlowVolume,18330.98,,G
04/07/2020,12:50:00,PT Level,5.56,in,G
04/07/2020,12:50:00,Aliquot_Num,9,ali,G
04/07/2020,12:50:00,Flow_cfs,7.15,,G
04/07/2020,12:50:00,Curr_pacing,30000.00,,G
04/07/2020,12:50:00,FlowVolume,18759.98,,G
04/07/2020,12:51:00,PT Level,5.57,in,G
04/07/2020,12:51:00,Flow_cfs,7.17,,G
04/07/2020,12:51:00,FlowVolume,19190.48,,G
04/07/2020,12:52:00,PT Level,5.55,in,G
04/07/2020,12:52:00,Flow_cfs,7.13,,G
04/07/2020,12:52:00,FlowVolume,19617.98,,G
04/07/2020,12:53:00,PT Level,5.55,in,G
04/07/2020,12:53:00,Flow_cfs,7.13,,G
04/07/2020,12:53:00,FlowVolume,20045.48,,G
04/07/2020,12:54:00,PT Level,5.54,in,G
04/07/2020,12:54:00,Flow_cfs,7.10,,G
04/07/2020,12:54:00,FlowVolume,20471.48,,G
04/07/2020,12:55:00,PT Level,5.57,in,G
04/07/2020,12:55:00,Aliquot_Num,9,ali,G
04/07/2020,12:55:00,Flow_cfs,7.17,,G
04/07/2020,12:55:00,Curr_pacing,30000.00,,G
04/07/2020,12:55:00,FlowVolume,20901.98,,G
04/07/2020,12:56:00,PT Level,5.54,in,G
04/07/2020,12:56:00,Flow_cfs,7.10,,G
04/07/2020,12:56:00,FlowVolume,21327.98,,G
04/07/2020,12:57:00,PT Level,5.52,in,G
04/07/2020,12:57:00,Flow_cfs,7.05,,G
04/07/2020,12:57:00,FlowVolume,21750.98,,G
04/07/2020,12:58:00,PT Level,5.53,in,G
04/07/2020,12:58:00,Flow_cfs,7.07,,G
04/07/2020,12:58:00,FlowVolume,22175.48,,G
04/07/2020,12:59:00,PT Level,5.55,in,G
04/07/2020,12:59:00,Flow_cfs,7.13,,G
04/07/2020,12:59:00,FlowVolume,22602.98,,G
04/07/2020,13:00:00,PT Level,5.54,in,G
04/07/2020,13:00:00,Aliquot_Num,9,ali,G
04/07/2020,13:00:00,Flow_cfs,7.10,,G
04/07/2020,13:00:00,Curr_pacing,30000.00,,G
04/07/2020,13:00:00,FlowVolume,23028.98,,G
04/07/2020,13:01:00,PT Level,5.52,in,G
04/07/2020,13:01:00,Flow_cfs,7.05,,G
04/07/2020,13:01:00,FlowVolume,23451.98,,G
04/07/2020,13:02:00,PT Level,5.54,in,G
04/07/2020,13:02:00,Flow_cfs,7.10,,G
04/07/2020,13:02:00,FlowVolume,23877.98,,G
04/07/2020,13:03:00,PT Level,5.54,in,G
04/07/2020,13:03:00,Flow_cfs,7.10,,G
04/07/2020,13:03:00,FlowVolume,24303.98,,G
04/07/2020,13:04:00,PT Level,5.53,in,G
04/07/2020,13:04:00,Flow_cfs,7.07,,G
04/07/2020,13:04:00,FlowVolume,24728.48,,G
04/07/2020,13:05:00,PT Level,5.53,in,G
04/07/2020,13:05:00,Aliquot_Num,9,ali,G
04/07/2020,13:05:00,Flow_cfs,7.07,,G
04/07/2020,13:05:00,Curr_pacing,30000.00,,G
04/07/2020,13:05:00,FlowVolume,25152.98,,G
04/07/2020,13:06:00,PT Level,5.52,in,G
04/07/2020,13:06:00,Flow_cfs,7.05,,G
04/07/2020,13:06:00,FlowVolume,25575.98,,G
04/07/2020,13:07:00,PT Level,5.53,in,G
04/07/2020,13:07:00,Flow_cfs,7.07,,G
04/07/2020,13:07:00,FlowVolume,26000.48,,G
04/07/2020,13:08:00,PT Level,5.51,in,G
04/07/2020,13:08:00,Flow_cfs,7.03,,G
04/07/2020,13:08:00,FlowVolume,26421.98,,G
04/07/2020,13:09:00,PT Level,5.52,in,G
04/07/2020,13:09:00,Flow_cfs,7.05,,G
04/07/2020,13:09:00,FlowVolume,26844.98,,G
04/07/2020,13:10:00,PT Level,5.51,in,G
04/07/2020,13:10:00,Aliquot_Num,9,ali,G
04/07/2020,13:10:00,Flow_cfs,7.03,,G
04/07/2020,13:10:00,Curr_pacing,30000.00,,G
04/07/2020,13:10:00,FlowVolume,27266.48,,G
04/07/2020,13:11:00,PT Level,5.50,in,G
04/07/2020,13:11:00,Flow_cfs,7.00,,G
04/07/2020,13:11:00,FlowVolume,27686.48,,G
04/07/2020,13:12:00,PT Level,5.50,in,G
04/07/2020,13:12:00,Flow_cfs,7.00,,G
04/07/2020,13:12:00,FlowVolume,28106.48,,G
04/07/2020,13:13:00,PT Level,5.51,in,G
04/07/2020,13:13:00,Flow_cfs,7.03,,G
04/07/2020,13:13:00,FlowVolume,28527.98,,G
04/07/2020,13:14:00,PT Level,5.51,in,G
04/07/2020,13:14:00,Flow_cfs,7.03,,G
04/07/2020,13:14:00,FlowVolume,28949.48,,G
04/07/2020,13:15:00,PT Level,5.50,in,G
04/07/2020,13:15:00,Aliquot_Num,9,ali,G
04/07/2020,13:15:00,Flow_cfs,7.00,,G
04/07/2020,13:15:00,Curr_pacing,30000.00,,G
04/07/2020,13:15:00,FlowVolume,29369.48,,G
04/07/2020,13:16:00,PT Level,5.52,in,G
04/07/2020,13:16:00,Flow_cfs,7.05,,G
04/07/2020,13:16:00,FlowVolume,29792.48,,G
04/07/2020,13:17:00,PT Level,5.51,in,G
04/07/2020,13:17:00,Flow_cfs,7.03,,G
04/07/2020,13:17:00,Triggered S,10,,G
04/07/2020,13:17:00,VolumeTrig,30213.98,,G
04/07/2020,13:17:00,FlowVolume,213.98,,G
04/07/2020,13:18:00,PT Level,5.49,in,G
04/07/2020,13:18:00,Flow_cfs,6.97,,G
04/07/2020,13:18:00,FlowVolume,632.48,,G
04/07/2020,13:19:00,PT Level,5.49,in,G
04/07/2020,13:19:00,Flow_cfs,6.97,,G
04/07/2020,13:19:00,FlowVolume,1050.98,,G
04/07/2020,13:20:00,PT Level,5.50,in,G
04/07/2020,13:20:00,Aliquot_Num,10,ali,G
04/07/2020,13:20:00,Flow_cfs,7.00,,G
04/07/2020,13:20:00,Curr_pacing,30000.00,,G
04/07/2020,13:20:00,FlowVolume,1470.98,,G
04/07/2020,13:21:00,PT Level,5.49,in,G
04/07/2020,13:21:00,Flow_cfs,6.97,,G
04/07/2020,13:21:00,FlowVolume,1889.48,,G
04/07/2020,13:22:00,PT Level,5.49,in,G
04/07/2020,13:22:00,Flow_cfs,6.97,,G
04/07/2020,13:22:00,FlowVolume,2307.98,,G
04/07/2020,13:23:00,PT Level,5.48,in,G
04/07/2020,13:23:00,Flow_cfs,6.95,,G
04/07/2020,13:23:00,FlowVolume,2724.98,,G
04/07/2020,13:24:00,PT Level,5.49,in,G
04/07/2020,13:24:00,Flow_cfs,6.97,,G
04/07/2020,13:24:00,FlowVolume,3143.48,,G
04/07/2020,13:25:00,PT Level,5.46,in,G
04/07/2020,13:25:00,Aliquot_Num,10,ali,G
04/07/2020,13:25:00,Flow_cfs,6.90,,G
04/07/2020,13:25:00,Curr_pacing,30000.00,,G
04/07/2020,13:25:00,FlowVolume,3557.48,,G
04/07/2020,13:26:00,PT Level,5.48,in,G
04/07/2020,13:26:00,Flow_cfs,6.95,,G
04/07/2020,13:26:00,FlowVolume,3974.48,,G
04/07/2020,13:27:00,PT Level,5.48,in,G
04/07/2020,13:27:00,Flow_cfs,6.95,,G
04/07/2020,13:27:00,FlowVolume,4391.48,,G
04/07/2020,13:28:00,PT Level,5.46,in,G
04/07/2020,13:28:00,Flow_cfs,6.90,,G
04/07/2020,13:28:00,FlowVolume,4805.48,,G
04/07/2020,13:29:00,PT Level,5.46,in,G
04/07/2020,13:29:00,Flow_cfs,6.90,,G
04/07/2020,13:29:00,FlowVolume,5219.48,,G
04/07/2020,13:30:00,PT Level,5.48,in,G
04/07/2020,13:30:00,Aliquot_Num,10,ali,G
04/07/2020,13:30:00,Flow_cfs,6.95,,G
04/07/2020,13:30:00,Curr_pacing,30000.00,,G
04/07/2020,13:30:00,FlowVolume,5636.48,,G
04/07/2020,13:31:00,PT Level,5.46,in,G
04/07/2020,13:31:00,Flow_cfs,6.90,,G
04/07/2020,13:31:00,FlowVolume,6050.48,,G
04/07/2020,13:32:00,PT Level,5.45,in,G
04/07/2020,13:32:00,Flow_cfs,6.87,,G
04/07/2020,13:32:00,FlowVolume,6462.98,,G
04/07/2020,13:33:00,PT Level,5.46,in,G
04/07/2020,13:33:00,Flow_cfs,6.90,,G
04/07/2020,13:33:00,FlowVolume,6876.98,,G
04/07/2020,13:34:00,PT Level,5.46,in,G
04/07/2020,13:34:00,Flow_cfs,6.90,,G
04/07/2020,13:34:00,FlowVolume,7290.98,,G
04/07/2020,13:35:00,PT Level,5.48,in,G
04/07/2020,13:35:00,Aliquot_Num,10,ali,G
04/07/2020,13:35:00,Flow_cfs,6.95,,G
04/07/2020,13:35:00,Curr_pacing,30000.00,,G
04/07/2020,13:35:00,FlowVolume,7707.98,,G
04/07/2020,13:36:00,PT Level,5.47,in,G
04/07/2020,13:36:00,Flow_cfs,6.93,,G
04/07/2020,13:36:00,FlowVolume,8123.48,,G
04/07/2020,13:37:00,PT Level,5.45,in,G
04/07/2020,13:37:00,Flow_cfs,6.87,,G
04/07/2020,13:37:00,FlowVolume,8535.98,,G
04/07/2020,13:38:00,PT Level,5.45,in,G
04/07/2020,13:38:00,Flow_cfs,6.87,,G
04/07/2020,13:38:00,FlowVolume,8948.48,,G
04/07/2020,13:39:00,PT Level,5.46,in,G
04/07/2020,13:39:00,Flow_cfs,6.90,,G
04/07/2020,13:39:00,FlowVolume,9362.48,,G
04/07/2020,13:40:00,PT Level,5.45,in,G
04/07/2020,13:40:00,Aliquot_Num,10,ali,G
04/07/2020,13:40:00,Flow_cfs,6.87,,G
04/07/2020,13:40:00,Curr_pacing,30000.00,,G
04/07/2020,13:40:00,FlowVolume,9774.98,,G
04/07/2020,13:41:00,PT Level,5.45,in,G
04/07/2020,13:41:00,Flow_cfs,6.87,,G
04/07/2020,13:41:00,FlowVolume,10187.48,,G
04/07/2020,13:42:00,PT Level,5.45,in,G
04/07/2020,13:42:00,Flow_cfs,6.87,,G
04/07/2020,13:42:00,FlowVolume,10599.98,,G
04/07/2020,13:43:00,PT Level,5.44,in,G
04/07/2020,13:43:00,Flow_cfs,6.85,,G
04/07/2020,13:43:00,FlowVolume,11010.98,,G
04/07/2020,13:44:00,PT Level,5.45,in,G
04/07/2020,13:44:00,Flow_cfs,6.87,,G
04/07/2020,13:44:00,FlowVolume,11423.48,,G
04/07/2020,13:45:00,PT Level,5.45,in,G
04/07/2020,13:45:00,Aliquot_Num,10,ali,G
04/07/2020,13:45:00,Flow_cfs,6.87,,G
04/07/2020,13:45:00,Curr_pacing,30000.00,,G
04/07/2020,13:45:00,FlowVolume,11835.98,,G
04/07/2020,13:46:00,PT Level,5.43,in,G
04/07/2020,13:46:00,Flow_cfs,6.83,,G
04/07/2020,13:46:00,FlowVolume,12245.48,,G
04/07/2020,13:47:00,PT Level,5.45,in,G
04/07/2020,13:47:00,Flow_cfs,6.87,,G
04/07/2020,13:47:00,FlowVolume,12657.98,,G
04/07/2020,13:48:00,PT Level,5.43,in,G
04/07/2020,13:48:00,Flow_cfs,6.83,,G
04/07/2020,13:48:00,FlowVolume,13067.48,,G
04/07/2020,13:49:00,PT Level,5.45,in,G
04/07/2020,13:49:00,Flow_cfs,6.87,,G
04/07/2020,13:49:00,FlowVolume,13479.98,,G
04/07/2020,13:50:00,PT Level,5.46,in,G
04/07/2020,13:50:00,Aliquot_Num,10,ali,G
04/07/2020,13:50:00,Flow_cfs,6.90,,G
04/07/2020,13:50:00,Curr_pacing,30000.00,,G
04/07/2020,13:50:00,FlowVolume,13893.98,,G
04/07/2020,13:51:00,PT Level,5.46,in,G
04/07/2020,13:51:00,Flow_cfs,6.90,,G
04/07/2020,13:51:00,FlowVolume,14307.98,,G
04/07/2020,13:52:00,PT Level,5.48,in,G
04/07/2020,13:52:00,Flow_cfs,6.95,,G
04/07/2020,13:52:00,FlowVolume,14724.98,,G
04/07/2020,13:53:00,PT Level,5.47,in,G
04/07/2020,13:53:00,Flow_cfs,6.93,,G
04/07/2020,13:53:00,FlowVolume,15140.48,,G
04/07/2020,13:54:00,PT Level,5.47,in,G
04/07/2020,13:54:00,Flow_cfs,6.93,,G
04/07/2020,13:54:00,FlowVolume,15555.98,,G
04/07/2020,13:55:00,PT Level,5.48,in,G
04/07/2020,13:55:00,Aliquot_Num,10,ali,G
04/07/2020,13:55:00,Flow_cfs,6.95,,G
04/07/2020,13:55:00,Curr_pacing,30000.00,,G
04/07/2020,13:55:00,FlowVolume,15972.98,,G
04/07/2020,13:56:00,PT Level,5.51,in,G
04/07/2020,13:56:00,Flow_cfs,7.03,,G
04/07/2020,13:56:00,FlowVolume,16394.48,,G
04/07/2020,13:57:00,PT Level,5.51,in,G
04/07/2020,13:57:00,Flow_cfs,7.03,,G
04/07/2020,13:57:00,FlowVolume,16815.98,,G
04/07/2020,13:58:00,PT Level,5.51,in,G
04/07/2020,13:58:00,Flow_cfs,7.03,,G
04/07/2020,13:58:00,FlowVolume,17237.48,,G
04/07/2020,13:59:00,PT Level,5.52,in,G
04/07/2020,13:59:00,Flow_cfs,7.05,,G
04/07/2020,13:59:00,FlowVolume,17660.48,,G
04/07/2020,14:00:00,PT Level,5.53,in,G
04/07/2020,14:00:00,Aliquot_Num,10,ali,G
04/07/2020,14:00:00,Flow_cfs,7.07,,G
04/07/2020,14:00:00,Curr_pacing,30000.00,,G
04/07/2020,14:00:00,FlowVolume,18084.98,,G
04/07/2020,14:01:00,PT Level,5.52,in,G
04/07/2020,14:01:00,Flow_cfs,7.05,,G
04/07/2020,14:01:00,FlowVolume,18507.98,,G
04/07/2020,14:02:00,PT Level,5.54,in,G
04/07/2020,14:02:00,Flow_cfs,7.10,,G
04/07/2020,14:02:00,FlowVolume,18933.98,,G
04/07/2020,14:03:00,PT Level,5.54,in,G
04/07/2020,14:03:00,Flow_cfs,7.10,,G
04/07/2020,14:03:00,FlowVolume,19359.98,,G
04/07/2020,14:04:00,PT Level,5.54,in,G
04/07/2020,14:04:00,Flow_cfs,7.10,,G
04/07/2020,14:04:00,FlowVolume,19785.98,,G
04/07/2020,14:05:00,PT Level,5.54,in,G
04/07/2020,14:05:00,Aliquot_Num,10,ali,G
04/07/2020,14:05:00,Flow_cfs,7.10,,G
04/07/2020,14:05:00,Curr_pacing,30000.00,,G
04/07/2020,14:05:00,FlowVolume,20211.98,,G
04/07/2020,14:06:00,PT Level,5.55,in,G
04/07/2020,14:06:00,Flow_cfs,7.13,,G
04/07/2020,14:06:00,FlowVolume,20639.48,,G
04/07/2020,14:07:00,PT Level,5.56,in,G
04/07/2020,14:07:00,Flow_cfs,7.15,,G
04/07/2020,14:07:00,FlowVolume,21068.48,,G
04/07/2020,14:08:00,PT Level,5.55,in,G
04/07/2020,14:08:00,Flow_cfs,7.13,,G
04/07/2020,14:08:00,FlowVolume,21495.98,,G
04/07/2020,14:09:00,PT Level,5.55,in,G
04/07/2020,14:09:00,Flow_cfs,7.13,,G
04/07/2020,14:09:00,FlowVolume,21923.48,,G
04/07/2020,14:10:00,PT Level,5.57,in,G
04/07/2020,14:10:00,Aliquot_Num,10,ali,G
04/07/2020,14:10:00,Flow_cfs,7.17,,G
04/07/2020,14:10:00,Curr_pacing,30000.00,,G
04/07/2020,14:10:00,FlowVolume,22353.98,,G
04/07/2020,14:11:00,PT Level,5.57,in,G
04/07/2020,14:11:00,Flow_cfs,7.17,,G
04/07/2020,14:11:00,FlowVolume,22784.48,,G
04/07/2020,14:11:51,Client Conn,69,,G
04/07/2020,14:12:00,PT Level,5.58,in,G
04/07/2020,14:12:00,Flow_cfs,7.20,,G
04/07/2020,14:12:00,FlowVolume,23216.48,,G
04/07/2020,14:13:00,PT Level,5.58,in,G
04/07/2020,14:13:00,Flow_cfs,7.20,,G
04/07/2020,14:13:00,FlowVolume,23648.48,,G
04/07/2020,14:14:00,PT Level,5.58,in,G
04/07/2020,14:14:00,Flow_cfs,7.20,,G
04/07/2020,14:14:00,FlowVolume,24080.48,,G
04/07/2020,14:15:00,PT Level,5.60,in,G
04/07/2020,14:15:00,Aliquot_Num,10,ali,G
04/07/2020,14:15:00,Flow_cfs,7.25,,G
04/07/2020,14:15:00,Curr_pacing,30000.00,,G
04/07/2020,14:15:00,FlowVolume,24515.48,,G
04/07/2020,14:16:00,PT Level,5.58,in,G
04/07/2020,14:16:00,Flow_cfs,7.20,,G
04/07/2020,14:16:00,FlowVolume,24947.48,,G
04/07/2020,14:17:00,PT Level,5.59,in,G
04/07/2020,14:17:00,Flow_cfs,7.23,,G
04/07/2020,14:17:00,FlowVolume,25380.98,,G
04/07/2020,14:18:00,PT Level,5.59,in,G
04/07/2020,14:18:00,Flow_cfs,7.23,,G
04/07/2020,14:18:00,FlowVolume,25814.48,,G
04/07/2020,14:19:00,PT Level,5.60,in,G
04/07/2020,14:19:00,Flow_cfs,7.25,,G
04/07/2020,14:19:00,FlowVolume,26249.48,,G
04/07/2020,14:20:00,PT Level,5.62,in,G
04/07/2020,14:20:00,Aliquot_Num,10,ali,G
04/07/2020,14:20:00,Flow_cfs,7.30,,G
04/07/2020,14:20:00,Curr_pacing,30000.00,,G
04/07/2020,14:20:00,FlowVolume,26687.48,,G
04/07/2020,14:21:00,PT Level,5.61,in,G
04/07/2020,14:21:00,Flow_cfs,7.27,,G
04/07/2020,14:21:00,FlowVolume,27123.98,,G
04/07/2020,14:22:00,PT Level,5.63,in,G
04/07/2020,14:22:00,Flow_cfs,7.33,,G
04/07/2020,14:22:00,FlowVolume,27563.48,,G
04/07/2020,14:23:00,PT Level,5.63,in,G
04/07/2020,14:23:00,Flow_cfs,7.33,,G
04/07/2020,14:23:00,FlowVolume,28002.98,,G
04/07/2020,14:24:00,PT Level,5.65,in,G
04/07/2020,14:24:00,Flow_cfs,7.37,,G
04/07/2020,14:24:00,FlowVolume,28445.48,,G
04/07/2020,14:25:00,PT Level,5.65,in,G
04/07/2020,14:25:00,Aliquot_Num,10,ali,G
04/07/2020,14:25:00,Flow_cfs,7.37,,G
04/07/2020,14:25:00,Curr_pacing,30000.00,,G
04/07/2020,14:25:00,FlowVolume,28887.98,,G
04/07/2020,14:26:00,PT Level,5.66,in,G
04/07/2020,14:26:00,Flow_cfs,7.40,,G
04/07/2020,14:26:00,FlowVolume,29331.98,,G
04/07/2020,14:27:00,PT Level,5.67,in,G
04/07/2020,14:27:00,Flow_cfs,7.43,,G
04/07/2020,14:27:00,FlowVolume,29777.48,,G
04/07/2020,14:28:00,PT Level,5.67,in,G
04/07/2020,14:28:00,Flow_cfs,7.43,,G
04/07/2020,14:28:00,Triggered S,11,,G
04/07/2020,14:28:00,VolumeTrig,30222.98,,G
04/07/2020,14:28:00,FlowVolume,222.98,,G
04/07/2020,14:29:00,PT Level,5.68,in,G
04/07/2020,14:29:00,Flow_cfs,7.45,,G
04/07/2020,14:29:00,FlowVolume,669.98,,G
04/07/2020,14:29:08,Log Download,0,,G
04/07/2020,14:29:45,Client Conn,70,,G
04/07/2020,14:30:00,PT Level,5.69,in,G
04/07/2020,14:30:00,Aliquot_Num,11,ali,G
04/07/2020,14:30:00,Flow_cfs,7.47,,G
04/07/2020,14:30:00,Curr_pacing,30000.00,,G
04/07/2020,14:30:00,FlowVolume,1118.48,,G
04/07/2020,14:31:00,PT Level,5.69,in,G
04/07/2020,14:31:00,Flow_cfs,7.47,,G
04/07/2020,14:31:00,FlowVolume,1566.98,,G
04/07/2020,14:32:00,PT Level,5.69,in,G
04/07/2020,14:32:00,Flow_cfs,7.47,,G
04/07/2020,14:32:00,FlowVolume,2015.48,,G
04/07/2020,14:33:00,PT Level,5.69,in,G
04/07/2020,14:33:00,Flow_cfs,7.47,,G
04/07/2020,14:33:00,FlowVolume,2463.98,,G
04/07/2020,14:34:00,PT Level,5.71,in,G
04/07/2020,14:34:00,Flow_cfs,7.50,,G
04/07/2020,14:34:00,FlowVolume,2914.06,,G
04/07/2020,14:35:00,PT Level,5.71,in,G
04/07/2020,14:35:00,Aliquot_Num,11,ali,G
04/07/2020,14:35:00,Flow_cfs,7.50,,G
04/07/2020,14:35:00,Curr_pacing,30000.00,,G
04/07/2020,14:35:00,FlowVolume,3364.13,,G
04/07/2020,14:36:00,PT Level,5.71,in,G
04/07/2020,14:36:00,Flow_cfs,7.50,,G
04/07/2020,14:36:00,FlowVolume,3814.20,,G
04/07/2020,14:37:00,PT Level,5.72,in,G
04/07/2020,14:37:00,Flow_cfs,7.50,,G
04/07/2020,14:37:00,FlowVolume,4264.34,,G
04/07/2020,14:38:00,PT Level,5.72,in,G
04/07/2020,14:38:00,Flow_cfs,7.50,,G
04/07/2020,14:38:00,FlowVolume,4714.49,,G
04/07/2020,14:39:00,PT Level,5.72,in,G
04/07/2020,14:39:00,Flow_cfs,7.50,,G
04/07/2020,14:39:00,FlowVolume,5164.63,,G
04/07/2020,14:40:00,PT Level,5.71,in,G
04/07/2020,14:40:00,Aliquot_Num,11,ali,G
04/07/2020,14:40:00,Flow_cfs,7.50,,G
04/07/2020,14:40:00,Curr_pacing,30000.00,,G
04/07/2020,14:40:00,FlowVolume,5614.71,,G
04/07/2020,14:41:00,PT Level,5.72,in,G
04/07/2020,14:41:00,Flow_cfs,7.50,,G
04/07/2020,14:41:00,FlowVolume,6064.85,,G
04/07/2020,14:42:00,PT Level,5.75,in,G
04/07/2020,14:42:00,Flow_cfs,7.51,,G
04/07/2020,14:42:00,FlowVolume,6515.21,,G
04/07/2020,14:43:00,PT Level,5.74,in,G
04/07/2020,14:43:00,Flow_cfs,7.50,,G
04/07/2020,14:43:00,FlowVolume,6965.50,,G
04/07/2020,14:44:00,PT Level,5.72,in,G
04/07/2020,14:44:00,Flow_cfs,7.50,,G
04/07/2020,14:44:00,FlowVolume,7415.65,,G
04/07/2020,14:45:00,PT Level,5.73,in,G
04/07/2020,14:45:00,Aliquot_Num,11,ali,G
04/07/2020,14:45:00,Flow_cfs,7.50,,G
04/07/2020,14:45:00,Curr_pacing,30000.00,,G
04/07/2020,14:45:00,FlowVolume,7865.86,,G
04/07/2020,14:46:00,PT Level,5.72,in,G
04/07/2020,14:46:00,Flow_cfs,7.50,,G
04/07/2020,14:46:00,FlowVolume,8316.01,,G
04/07/2020,14:47:00,PT Level,5.73,in,G
04/07/2020,14:47:00,Flow_cfs,7.50,,G
04/07/2020,14:47:00,FlowVolume,8766.22,,G
04/07/2020,14:48:00,PT Level,5.72,in,G
04/07/2020,14:48:00,Flow_cfs,7.50,,G
04/07/2020,14:48:00,FlowVolume,9216.37,,G
04/07/2020,14:49:00,PT Level,5.72,in,G
04/07/2020,14:49:00,Flow_cfs,7.50,,G
04/07/2020,14:49:00,FlowVolume,9666.51,,G
04/07/2020,14:50:00,PT Level,5.74,in,G
04/07/2020,14:50:00,Aliquot_Num,11,ali,G
04/07/2020,14:50:00,Flow_cfs,7.50,,G
04/07/2020,14:50:00,Curr_pacing,30000.00,,G
04/07/2020,14:50:00,FlowVolume,10116.80,,G
04/07/2020,14:51:00,PT Level,5.74,in,G
04/07/2020,14:51:00,Flow_cfs,7.50,,G
04/07/2020,14:51:00,FlowVolume,10567.09,,G
04/07/2020,14:52:00,PT Level,5.74,in,G
04/07/2020,14:52:00,Flow_cfs,7.50,,G
04/07/2020,14:52:00,FlowVolume,11017.38,,G
04/07/2020,14:53:00,PT Level,5.72,in,G
04/07/2020,14:53:00,Flow_cfs,7.50,,G
04/07/2020,14:53:00,FlowVolume,11467.53,,G
04/07/2020,14:54:00,PT Level,5.75,in,G
04/07/2020,14:54:00,Flow_cfs,7.51,,G
04/07/2020,14:54:00,FlowVolume,11917.89,,G
04/07/2020,14:55:00,PT Level,5.75,in,G
04/07/2020,14:55:00,Aliquot_Num,11,ali,G
04/07/2020,14:55:00,Flow_cfs,7.51,,G
04/07/2020,14:55:00,Curr_pacing,30000.00,,G
04/07/2020,14:55:00,FlowVolume,12368.25,,G
04/07/2020,14:56:00,PT Level,5.73,in,G
04/07/2020,14:56:00,Flow_cfs,7.50,,G
04/07/2020,14:56:00,FlowVolume,12818.46,,G
04/07/2020,14:57:00,PT Level,5.74,in,G
04/07/2020,14:57:00,Flow_cfs,7.50,,G
04/07/2020,14:57:00,FlowVolume,13268.75,,G
04/07/2020,14:58:00,PT Level,5.73,in,G
04/07/2020,14:58:00,Flow_cfs,7.50,,G
04/07/2020,14:58:00,FlowVolume,13718.97,,G
04/07/2020,14:59:00,PT Level,5.74,in,G
04/07/2020,14:59:00,Flow_cfs,7.50,,G
04/07/2020,14:59:00,FlowVolume,14169.26,,G
04/07/2020,15:00:00,PT Level,5.74,in,G
04/07/2020,15:00:00,Aliquot_Num,11,ali,G
04/07/2020,15:00:00,Flow_cfs,7.50,,G
04/07/2020,15:00:00,Curr_pacing,30000.00,,G
04/07/2020,15:00:00,FlowVolume,14619.55,,G
04/07/2020,15:01:00,PT Level,5.73,in,G
04/07/2020,15:01:00,Flow_cfs,7.50,,G
04/07/2020,15:01:00,FlowVolume,15069.77,,G
04/07/2020,15:02:00,PT Level,5.72,in,G
04/07/2020,15:02:00,Flow_cfs,7.50,,G
04/07/2020,15:02:00,FlowVolume,15519.91,,G
04/07/2020,15:03:00,PT Level,5.74,in,G
04/07/2020,15:03:00,Flow_cfs,7.50,,G
04/07/2020,15:03:00,FlowVolume,15970.20,,G
04/07/2020,15:04:00,PT Level,5.73,in,G
04/07/2020,15:04:00,Flow_cfs,7.50,,G
04/07/2020,15:04:00,FlowVolume,16420.42,,G
04/07/2020,15:05:00,PT Level,5.73,in,G
04/07/2020,15:05:00,Aliquot_Num,11,ali,G
04/07/2020,15:05:00,Flow_cfs,7.50,,G
04/07/2020,15:05:00,Curr_pacing,30000.00,,G
04/07/2020,15:05:00,FlowVolume,16870.63,,G
04/07/2020,15:06:00,PT Level,5.73,in,G
04/07/2020,15:06:00,Flow_cfs,7.50,,G
04/07/2020,15:06:00,FlowVolume,17320.85,,G
04/07/2020,15:07:00,PT Level,5.73,in,G
04/07/2020,15:07:00,Flow_cfs,7.50,,G
04/07/2020,15:07:00,FlowVolume,17771.07,,G
04/07/2020,15:08:00,PT Level,5.72,in,G
04/07/2020,15:08:00,Flow_cfs,7.50,,G
04/07/2020,15:08:00,FlowVolume,18221.21,,G
04/07/2020,15:09:00,PT Level,5.72,in,G
04/07/2020,15:09:00,Flow_cfs,7.50,,G
04/07/2020,15:09:00,FlowVolume,18671.36,,G
04/07/2020,15:10:00,PT Level,5.72,in,G
04/07/2020,15:10:00,Aliquot_Num,11,ali,G
04/07/2020,15:10:00,Flow_cfs,7.50,,G
04/07/2020,15:10:00,Curr_pacing,30000.00,,G
04/07/2020,15:10:00,FlowVolume,19121.50,,G
04/07/2020,15:11:00,PT Level,5.71,in,G
04/07/2020,15:11:00,Flow_cfs,7.50,,G
04/07/2020,15:11:00,FlowVolume,19571.57,,G
04/07/2020,15:12:00,PT Level,5.71,in,G
04/07/2020,15:12:00,Flow_cfs,7.50,,G
04/07/2020,15:12:00,FlowVolume,20021.65,,G
04/07/2020,15:13:00,PT Level,5.70,in,G
04/07/2020,15:13:00,Flow_cfs,7.50,,G
04/07/2020,15:13:00,FlowVolume,20471.65,,G
04/07/2020,15:14:00,PT Level,5.71,in,G
04/07/2020,15:14:00,Flow_cfs,7.50,,G
04/07/2020,15:14:00,FlowVolume,20921.72,,G
04/07/2020,15:15:00,PT Level,5.72,in,G
04/07/2020,15:15:00,Aliquot_Num,11,ali,G
04/07/2020,15:15:00,Flow_cfs,7.50,,G
04/07/2020,15:15:00,Curr_pacing,30000.00,,G
04/07/2020,15:15:00,FlowVolume,21371.86,,G
04/07/2020,15:16:00,PT Level,5.70,in,G
04/07/2020,15:16:00,Flow_cfs,7.50,,G
04/07/2020,15:16:00,FlowVolume,21821.86,,G
04/07/2020,15:17:00,PT Level,5.71,in,G
04/07/2020,15:17:00,Flow_cfs,7.50,,G
04/07/2020,15:17:00,FlowVolume,22271.93,,G
04/07/2020,15:18:00,PT Level,5.69,in,G
04/07/2020,15:18:00,Flow_cfs,7.47,,G
04/07/2020,15:18:00,FlowVolume,22720.43,,G
04/07/2020,15:19:00,PT Level,5.70,in,G
04/07/2020,15:19:00,Flow_cfs,7.50,,G
04/07/2020,15:19:00,FlowVolume,23170.43,,G
04/07/2020,15:20:00,PT Level,5.71,in,G
04/07/2020,15:20:00,Aliquot_Num,11,ali,G
04/07/2020,15:20:00,Flow_cfs,7.50,,G
04/07/2020,15:20:00,Curr_pacing,30000.00,,G
04/07/2020,15:20:00,FlowVolume,23620.51,,G
04/07/2020,15:21:00,PT Level,5.70,in,G
04/07/2020,15:21:00,Flow_cfs,7.50,,G
04/07/2020,15:21:00,FlowVolume,24070.51,,G
04/07/2020,15:22:00,PT Level,5.71,in,G
04/07/2020,15:22:00,Flow_cfs,7.50,,G
04/07/2020,15:22:00,FlowVolume,24520.58,,G
04/07/2020,15:23:00,PT Level,5.69,in,G
04/07/2020,15:23:00,Flow_cfs,7.47,,G
04/07/2020,15:23:00,FlowVolume,24969.08,,G
04/07/2020,15:24:00,PT Level,5.70,in,G
04/07/2020,15:24:00,Flow_cfs,7.50,,G
04/07/2020,15:24:00,FlowVolume,25419.08,,G
04/07/2020,15:25:00,PT Level,5.67,in,G
04/07/2020,15:25:00,Aliquot_Num,11,ali,G
04/07/2020,15:25:00,Flow_cfs,7.43,,G
04/07/2020,15:25:00,Curr_pacing,30000.00,,G
04/07/2020,15:25:00,FlowVolume,25864.58,,G
04/07/2020,15:26:00,PT Level,5.69,in,G
04/07/2020,15:26:00,Flow_cfs,7.47,,G
04/07/2020,15:26:00,FlowVolume,26313.08,,G
04/07/2020,15:27:00,PT Level,5.71,in,G
04/07/2020,15:27:00,Flow_cfs,7.50,,G
04/07/2020,15:27:00,FlowVolume,26763.15,,G
04/07/2020,15:28:00,PT Level,5.68,in,G
04/07/2020,15:28:00,Flow_cfs,7.45,,G
04/07/2020,15:28:00,FlowVolume,27210.15,,G
04/07/2020,15:29:00,PT Level,5.69,in,G
04/07/2020,15:29:00,Flow_cfs,7.47,,G
04/07/2020,15:29:00,FlowVolume,27658.65,,G
04/07/2020,15:30:00,PT Level,5.69,in,G
04/07/2020,15:30:00,Aliquot_Num,11,ali,G
04/07/2020,15:30:00,Flow_cfs,7.47,,G
04/07/2020,15:30:00,Curr_pacing,30000.00,,G
04/07/2020,15:30:00,FlowVolume,28107.15,,G
04/07/2020,15:31:00,PT Level,5.69,in,G
04/07/2020,15:31:00,Flow_cfs,7.47,,G
04/07/2020,15:31:00,FlowVolume,28555.65,,G
04/07/2020,15:32:00,PT Level,5.68,in,G
04/07/2020,15:32:00,Flow_cfs,7.45,,G
04/07/2020,15:32:00,FlowVolume,29002.65,,G
04/07/2020,15:33:00,PT Level,5.67,in,G
04/07/2020,15:33:00,Flow_cfs,7.43,,G
04/07/2020,15:33:00,FlowVolume,29448.15,,G
04/07/2020,15:34:00,PT Level,5.68,in,G
04/07/2020,15:34:00,Flow_cfs,7.45,,G
04/07/2020,15:34:00,FlowVolume,29895.15,,G
04/07/2020,15:35:00,PT Level,5.67,in,G
04/07/2020,15:35:00,Aliquot_Num,11,ali,G
04/07/2020,15:35:00,Flow_cfs,7.43,,G
04/07/2020,15:35:00,Curr_pacing,30000.00,,G
04/07/2020,15:35:00,Triggered S,12,,G
04/07/2020,15:35:00,VolumeTrig,30340.65,,G
04/07/2020,15:35:00,FlowVolume,340.65,,G
04/07/2020,15:36:00,PT Level,5.66,in,G
04/07/2020,15:36:00,Flow_cfs,7.40,,G
04/07/2020,15:36:00,FlowVolume,784.65,,G
04/07/2020,15:37:00,PT Level,5.66,in,G
04/07/2020,15:37:00,Flow_cfs,7.40,,G
04/07/2020,15:37:00,FlowVolume,1228.65,,G
04/07/2020,15:38:00,PT Level,5.67,in,G
04/07/2020,15:38:00,Flow_cfs,7.43,,G
04/07/2020,15:38:00,FlowVolume,1674.15,,G
04/07/2020,15:39:00,PT Level,5.66,in,G
04/07/2020,15:39:00,Flow_cfs,7.40,,G
04/07/2020,15:39:00,FlowVolume,2118.15,,G
04/07/2020,15:40:00,PT Level,5.66,in,G
04/07/2020,15:40:00,Aliquot_Num,12,ali,G
04/07/2020,15:40:00,Flow_cfs,7.40,,G
04/07/2020,15:40:00,Curr_pacing,30000.00,,G
04/07/2020,15:40:00,FlowVolume,2562.15,,G
04/07/2020,15:41:00,PT Level,5.65,in,G
04/07/2020,15:41:00,Flow_cfs,7.37,,G
04/07/2020,15:41:00,FlowVolume,3004.65,,G
04/07/2020,15:42:00,PT Level,5.65,in,G
04/07/2020,15:42:00,Flow_cfs,7.37,,G
04/07/2020,15:42:00,FlowVolume,3447.15,,G
04/07/2020,15:43:00,PT Level,5.63,in,G
04/07/2020,15:43:00,Flow_cfs,7.33,,G
04/07/2020,15:43:00,FlowVolume,3886.65,,G
04/07/2020,15:44:00,PT Level,5.66,in,G
04/07/2020,15:44:00,Flow_cfs,7.40,,G
04/07/2020,15:44:00,FlowVolume,4330.65,,G
04/07/2020,15:45:00,PT Level,5.63,in,G
04/07/2020,15:45:00,Aliquot_Num,12,ali,G
04/07/2020,15:45:00,Flow_cfs,7.33,,G
04/07/2020,15:45:00,Curr_pacing,30000.00,,G
04/07/2020,15:45:00,FlowVolume,4770.15,,G
04/07/2020,15:46:00,PT Level,5.64,in,G
04/07/2020,15:46:00,Flow_cfs,7.35,,G
04/07/2020,15:46:00,FlowVolume,5211.15,,G
04/07/2020,15:47:00,PT Level,5.64,in,G
04/07/2020,15:47:00,Flow_cfs,7.35,,G
04/07/2020,15:47:00,FlowVolume,5652.15,,G
04/07/2020,15:48:00,PT Level,5.62,in,G
04/07/2020,15:48:00,Flow_cfs,7.30,,G
04/07/2020,15:48:00,FlowVolume,6090.15,,G
04/07/2020,15:49:00,PT Level,5.63,in,G
04/07/2020,15:49:00,Flow_cfs,7.33,,G
04/07/2020,15:49:00,FlowVolume,6529.65,,G
04/07/2020,15:50:00,PT Level,5.64,in,G
04/07/2020,15:50:00,Aliquot_Num,12,ali,G
04/07/2020,15:50:00,Flow_cfs,7.35,,G
04/07/2020,15:50:00,Curr_pacing,30000.00,,G
04/07/2020,15:50:00,FlowVolume,6970.65,,G
04/07/2020,15:51:00,PT Level,5.62,in,G
04/07/2020,15:51:00,Flow_cfs,7.30,,G
04/07/2020,15:51:00,FlowVolume,7408.65,,G
04/07/2020,15:52:00,PT Level,5.62,in,G
04/07/2020,15:52:00,Flow_cfs,7.30,,G
04/07/2020,15:52:00,FlowVolume,7846.65,,G
04/07/2020,15:53:00,PT Level,5.62,in,G
04/07/2020,15:53:00,Flow_cfs,7.30,,G
04/07/2020,15:53:00,FlowVolume,8284.65,,G
04/07/2020,15:54:00,PT Level,5.62,in,G
04/07/2020,15:54:00,Flow_cfs,7.30,,G
04/07/2020,15:54:00,FlowVolume,8722.65,,G
04/07/2020,15:55:00,PT Level,5.62,in,G
04/07/2020,15:55:00,Aliquot_Num,12,ali,G
04/07/2020,15:55:00,Flow_cfs,7.30,,G
04/07/2020,15:55:00,Curr_pacing,30000.00,,G
04/07/2020,15:55:00,FlowVolume,9160.65,,G
04/07/2020,15:56:00,PT Level,5.62,in,G
04/07/2020,15:56:00,Flow_cfs,7.30,,G
04/07/2020,15:56:00,FlowVolume,9598.65,,G
04/07/2020,15:57:00,PT Level,5.62,in,G
04/07/2020,15:57:00,Flow_cfs,7.30,,G
04/07/2020,15:57:00,FlowVolume,10036.65,,G
04/07/2020,15:58:00,PT Level,5.61,in,G
04/07/2020,15:58:00,Flow_cfs,7.27,,G
04/07/2020,15:58:00,FlowVolume,10473.15,,G
04/07/2020,15:59:00,PT Level,5.61,in,G
04/07/2020,15:59:00,Flow_cfs,7.27,,G
04/07/2020,15:59:00,FlowVolume,10909.65,,G
04/07/2020,16:00:00,PT Level,5.61,in,G
04/07/2020,16:00:00,Aliquot_Num,12,ali,G
04/07/2020,16:00:00,Flow_cfs,7.27,,G
04/07/2020,16:00:00,Curr_pacing,30000.00,,G
04/07/2020,16:00:00,FlowVolume,11346.15,,G
04/07/2020,16:01:00,PT Level,5.61,in,G
04/07/2020,16:01:00,Flow_cfs,7.27,,G
04/07/2020,16:01:00,FlowVolume,11782.65,,G
04/07/2020,16:02:00,PT Level,5.61,in,G
04/07/2020,16:02:00,Flow_cfs,7.27,,G
04/07/2020,16:02:00,FlowVolume,12219.15,,G
04/07/2020,16:03:00,PT Level,5.62,in,G
04/07/2020,16:03:00,Flow_cfs,7.30,,G
04/07/2020,16:03:00,FlowVolume,12657.15,,G
04/07/2020,16:04:00,PT Level,5.61,in,G
04/07/2020,16:04:00,Flow_cfs,7.27,,G
04/07/2020,16:04:00,FlowVolume,13093.65,,G
04/07/2020,16:05:00,PT Level,5.60,in,G
04/07/2020,16:05:00,Aliquot_Num,12,ali,G
04/07/2020,16:05:00,Flow_cfs,7.25,,G
04/07/2020,16:05:00,Curr_pacing,30000.00,,G
04/07/2020,16:05:00,FlowVolume,13528.65,,G
04/07/2020,16:06:00,PT Level,5.50,in,G
04/07/2020,16:06:00,Flow_cfs,7.00,,G
04/07/2020,16:06:00,FlowVolume,13948.65,,G
04/07/2020,16:06:27,Log Download,0,,G
04/07/2020,16:07:00,PT Level,5.59,in,G
04/07/2020,16:07:00,Flow_cfs,7.23,,G
04/07/2020,16:07:00,FlowVolume,14382.15,,G
04/07/2020,16:08:00,PT Level,5.62,in,G
04/07/2020,16:08:00,Flow_cfs,7.30,,G
04/07/2020,16:08:00,FlowVolume,14820.15,,G
04/07/2020,16:08:26,Client Conn,71,,G
04/07/2020,16:09:00,PT Level,5.60,in,G
04/07/2020,16:09:00,Flow_cfs,7.25,,G
04/07/2020,16:09:00,FlowVolume,15255.15,,G
04/07/2020,16:10:00,PT Level,5.62,in,G
04/07/2020,16:10:00,Aliquot_Num,12,ali,G
04/07/2020,16:10:00,Flow_cfs,7.30,,G
04/07/2020,16:10:00,Curr_pacing,30000.00,,G
04/07/2020,16:10:00,FlowVolume,15693.15,,G
04/07/2020,16:11:00,PT Level,5.61,in,G
04/07/2020,16:11:00,Flow_cfs,7.27,,G
04/07/2020,16:11:00,FlowVolume,16129.65,,G
04/07/2020,16:12:00,PT Level,5.61,in,G
04/07/2020,16:12:00,Flow_cfs,7.27,,G
04/07/2020,16:12:00,FlowVolume,16566.15,,G
04/07/2020,16:13:00,PT Level,5.60,in,G
04/07/2020,16:13:00,Flow_cfs,7.25,,G
04/07/2020,16:13:00,FlowVolume,17001.15,,G
04/07/2020,16:14:00,PT Level,5.60,in,G
04/07/2020,16:14:00,Flow_cfs,7.25,,G
04/07/2020,16:14:00,FlowVolume,17436.15,,G
04/07/2020,16:15:00,PT Level,5.61,in,G
04/07/2020,16:15:00,Aliquot_Num,12,ali,G
04/07/2020,16:15:00,Flow_cfs,7.27,,G
04/07/2020,16:15:00,Curr_pacing,30000.00,,G
04/07/2020,16:15:00,FlowVolume,17872.65,,G
04/07/2020,16:16:00,PT Level,5.61,in,G
04/07/2020,16:16:00,Flow_cfs,7.27,,G
04/07/2020,16:16:00,FlowVolume,18309.15,,G
04/07/2020,16:17:00,PT Level,5.61,in,G
04/07/2020,16:17:00,Flow_cfs,7.27,,G
04/07/2020,16:17:00,FlowVolume,18745.65,,G
04/07/2020,16:18:00,PT Level,5.60,in,G
04/07/2020,16:18:00,Flow_cfs,7.25,,G
04/07/2020,16:18:00,FlowVolume,19180.65,,G
04/07/2020,16:19:00,PT Level,5.61,in,G
04/07/2020,16:19:00,Flow_cfs,7.27,,G
04/07/2020,16:19:00,FlowVolume,19617.15,,G
04/07/2020,16:20:00,PT Level,5.62,in,G
04/07/2020,16:20:00,Aliquot_Num,12,ali,G
04/07/2020,16:20:00,Flow_cfs,7.30,,G
04/07/2020,16:20:00,Curr_pacing,30000.00,,G
04/07/2020,16:20:00,FlowVolume,20055.15,,G
04/07/2020,16:21:00,PT Level,5.61,in,G
04/07/2020,16:21:00,Flow_cfs,7.27,,G
04/07/2020,16:21:00,FlowVolume,20491.65,,G
04/07/2020,16:22:00,PT Level,5.62,in,G
04/07/2020,16:22:00,Flow_cfs,7.30,,G
04/07/2020,16:22:00,FlowVolume,20929.65,,G
04/07/2020,16:23:00,PT Level,5.60,in,G
04/07/2020,16:23:00,Flow_cfs,7.25,,G
04/07/2020,16:23:00,FlowVolume,21364.65,,G
04/07/2020,16:24:00,PT Level,5.61,in,G
04/07/2020,16:24:00,Flow_cfs,7.27,,G
04/07/2020,16:24:00,FlowVolume,21801.15,,G
04/07/2020,16:25:00,PT Level,5.60,in,G
04/07/2020,16:25:00,Aliquot_Num,12,ali,G
04/07/2020,16:25:00,Flow_cfs,7.25,,G
04/07/2020,16:25:00,Curr_pacing,30000.00,,G
04/07/2020,16:25:00,FlowVolume,22236.15,,G
04/07/2020,16:26:00,PT Level,5.60,in,G
04/07/2020,16:26:00,Flow_cfs,7.25,,G
04/07/2020,16:26:00,FlowVolume,22671.15,,G
04/07/2020,16:27:00,PT Level,5.61,in,G
04/07/2020,16:27:00,Flow_cfs,7.27,,G
04/07/2020,16:27:00,FlowVolume,23107.65,,G
04/07/2020,16:28:00,PT Level,5.61,in,G
04/07/2020,16:28:00,Flow_cfs,7.27,,G
04/07/2020,16:28:00,FlowVolume,23544.15,,G
04/07/2020,16:29:00,PT Level,5.61,in,G
04/07/2020,16:29:00,Flow_cfs,7.27,,G
04/07/2020,16:29:00,FlowVolume,23980.65,,G
04/07/2020,16:30:00,PT Level,5.59,in,G
04/07/2020,16:30:00,Aliquot_Num,12,ali,G
04/07/2020,16:30:00,Flow_cfs,7.23,,G
04/07/2020,16:30:00,Curr_pacing,30000.00,,G
04/07/2020,16:30:00,FlowVolume,24414.15,,G
04/07/2020,16:31:00,PT Level,5.61,in,G
04/07/2020,16:31:00,Flow_cfs,7.27,,G
04/07/2020,16:31:00,FlowVolume,24850.65,,G
04/07/2020,16:32:00,PT Level,5.60,in,G
04/07/2020,16:32:00,Flow_cfs,7.25,,G
04/07/2020,16:32:00,FlowVolume,25285.65,,G
04/07/2020,16:33:00,PT Level,5.60,in,G
04/07/2020,16:33:00,Flow_cfs,7.25,,G
04/07/2020,16:33:00,FlowVolume,25720.65,,G
04/07/2020,16:34:00,PT Level,5.61,in,G
04/07/2020,16:34:00,Flow_cfs,7.27,,G
04/07/2020,16:34:00,FlowVolume,26157.15,,G
04/07/2020,16:35:00,PT Level,5.62,in,G
04/07/2020,16:35:00,Aliquot_Num,12,ali,G
04/07/2020,16:35:00,Flow_cfs,7.30,,G
04/07/2020,16:35:00,Curr_pacing,30000.00,,G
04/07/2020,16:35:00,FlowVolume,26595.15,,G
04/07/2020,16:36:00,PT Level,5.63,in,G
04/07/2020,16:36:00,Flow_cfs,7.33,,G
04/07/2020,16:36:00,FlowVolume,27034.65,,G
04/07/2020,16:37:00,PT Level,5.61,in,G
04/07/2020,16:37:00,Flow_cfs,7.27,,G
04/07/2020,16:37:00,FlowVolume,27471.15,,G
04/07/2020,16:38:00,PT Level,5.61,in,G
04/07/2020,16:38:00,Flow_cfs,7.27,,G
04/07/2020,16:38:00,FlowVolume,27907.65,,G
04/07/2020,16:39:00,PT Level,5.60,in,G
04/07/2020,16:39:00,Flow_cfs,7.25,,G
04/07/2020,16:39:00,FlowVolume,28342.65,,G
04/07/2020,16:40:00,PT Level,5.60,in,G
04/07/2020,16:40:00,Aliquot_Num,12,ali,G
04/07/2020,16:40:00,Flow_cfs,7.25,,G
04/07/2020,16:40:00,Curr_pacing,30000.00,,G
04/07/2020,16:40:00,FlowVolume,28777.65,,G
04/07/2020,16:41:00,PT Level,5.63,in,G
04/07/2020,16:41:00,Flow_cfs,7.33,,G
04/07/2020,16:41:00,FlowVolume,29217.15,,G
04/07/2020,16:42:00,PT Level,5.59,in,G
04/07/2020,16:42:00,Flow_cfs,7.23,,G
04/07/2020,16:42:00,FlowVolume,29650.65,,G
04/07/2020,16:43:00,PT Level,5.61,in,G
04/07/2020,16:43:00,Flow_cfs,7.27,,G
04/07/2020,16:43:00,Triggered S,13,,G
04/07/2020,16:43:00,VolumeTrig,30087.15,,G
04/07/2020,16:43:00,FlowVolume,87.15,,G
04/07/2020,16:44:00,PT Level,5.62,in,G
04/07/2020,16:44:00,Flow_cfs,7.30,,G
04/07/2020,16:44:00,FlowVolume,525.15,,G
04/07/2020,16:45:00,PT Level,5.61,in,G
04/07/2020,16:45:00,Aliquot_Num,13,ali,G
04/07/2020,16:45:00,Flow_cfs,7.27,,G
04/07/2020,16:45:00,Curr_pacing,30000.00,,G
04/07/2020,16:45:00,FlowVolume,961.65,,G
04/07/2020,16:46:00,PT Level,5.60,in,G
04/07/2020,16:46:00,Flow_cfs,7.25,,G
04/07/2020,16:46:00,FlowVolume,1396.65,,G
04/07/2020,16:47:00,PT Level,5.62,in,G
04/07/2020,16:47:00,Flow_cfs,7.30,,G
04/07/2020,16:47:00,FlowVolume,1834.65,,G
04/07/2020,16:48:00,PT Level,5.61,in,G
04/07/2020,16:48:00,Flow_cfs,7.27,,G
04/07/2020,16:48:00,FlowVolume,2271.15,,G
04/07/2020,16:49:00,PT Level,5.62,in,G
04/07/2020,16:49:00,Flow_cfs,7.30,,G
04/07/2020,16:49:00,FlowVolume,2709.15,,G
04/07/2020,16:50:00,PT Level,5.61,in,G
04/07/2020,16:50:00,Aliquot_Num,13,ali,G
04/07/2020,16:50:00,Flow_cfs,7.27,,G
04/07/2020,16:50:00,Curr_pacing,30000.00,,G
04/07/2020,16:50:00,FlowVolume,3145.65,,G
04/07/2020,16:51:00,PT Level,5.61,in,G
04/07/2020,16:51:00,Flow_cfs,7.27,,G
04/07/2020,16:51:00,FlowVolume,3582.15,,G
04/07/2020,16:52:00,PT Level,5.61,in,G
04/07/2020,16:52:00,Flow_cfs,7.27,,G
04/07/2020,16:52:00,FlowVolume,4018.65,,G
04/07/2020,16:53:00,PT Level,5.63,in,G
04/07/2020,16:53:00,Flow_cfs,7.33,,G
04/07/2020,16:53:00,FlowVolume,4458.15,,G
04/07/2020,16:54:00,PT Level,5.63,in,G
04/07/2020,16:54:00,Flow_cfs,7.33,,G
04/07/2020,16:54:00,FlowVolume,4897.65,,G
04/07/2020,16:54:21,Client Conn,72,,G
04/07/2020,16:55:00,PT Level,5.62,in,G
04/07/2020,16:55:00,Aliquot_Num,13,ali,G
04/07/2020,16:55:00,Flow_cfs,7.30,,G
04/07/2020,16:55:00,Curr_pacing,30000.00,,G
04/07/2020,16:55:00,FlowVolume,5335.65,,G
04/07/2020,16:56:00,PT Level,5.61,in,G
04/07/2020,16:56:00,Flow_cfs,7.27,,G
04/07/2020,16:56:00,FlowVolume,5772.15,,G
04/07/2020,16:57:00,PT Level,5.63,in,G
04/07/2020,16:57:00,Flow_cfs,7.33,,G
04/07/2020,16:57:00,FlowVolume,6211.65,,G
04/07/2020,16:58:00,PT Level,5.61,in,G
04/07/2020,16:58:00,Flow_cfs,7.27,,G
04/07/2020,16:58:00,FlowVolume,6648.15,,G
04/07/2020,16:59:00,PT Level,5.63,in,G
04/07/2020,16:59:00,Flow_cfs,7.33,,G
04/07/2020,16:59:00,FlowVolume,7087.65,,G
04/07/2020,17:00:00,PT Level,5.61,in,G
04/07/2020,17:00:00,Aliquot_Num,13,ali,G
04/07/2020,17:00:00,Flow_cfs,7.27,,G
04/07/2020,17:00:00,Curr_pacing,30000.00,,G
04/07/2020,17:00:00,FlowVolume,7524.15,,G
04/07/2020,17:01:00,PT Level,5.62,in,G
04/07/2020,17:01:00,Flow_cfs,7.30,,G
04/07/2020,17:01:00,FlowVolume,7962.15,,G
04/07/2020,17:02:00,PT Level,5.64,in,G
04/07/2020,17:02:00,Flow_cfs,7.35,,G
04/07/2020,17:02:00,FlowVolume,8403.15,,G
04/07/2020,17:03:00,PT Level,5.61,in,G
04/07/2020,17:03:00,Flow_cfs,7.27,,G
04/07/2020,17:03:00,FlowVolume,8839.65,,G
04/07/2020,17:04:00,PT Level,5.62,in,G
04/07/2020,17:04:00,Flow_cfs,7.30,,G
04/07/2020,17:04:00,FlowVolume,9277.65,,G
04/07/2020,17:05:00,PT Level,5.61,in,G
04/07/2020,17:05:00,Aliquot_Num,13,ali,G
04/07/2020,17:05:00,Flow_cfs,7.27,,G
04/07/2020,17:05:00,Curr_pacing,30000.00,,G
04/07/2020,17:05:00,FlowVolume,9714.15,,G
04/07/2020,17:06:00,PT Level,5.62,in,G
04/07/2020,17:06:00,Flow_cfs,7.30,,G
04/07/2020,17:06:00,FlowVolume,10152.15,,G
04/07/2020,17:07:00,PT Level,5.62,in,G
04/07/2020,17:07:00,Flow_cfs,7.30,,G
04/07/2020,17:07:00,FlowVolume,10590.15,,G
04/07/2020,17:08:00,PT Level,5.61,in,G
04/07/2020,17:08:00,Flow_cfs,7.27,,G
04/07/2020,17:08:00,FlowVolume,11026.65,,G
04/07/2020,17:09:00,PT Level,5.63,in,G
04/07/2020,17:09:00,Flow_cfs,7.33,,G
04/07/2020,17:09:00,FlowVolume,11466.15,,G
04/07/2020,17:10:00,PT Level,5.62,in,G
04/07/2020,17:10:00,Aliquot_Num,13,ali,G
04/07/2020,17:10:00,Flow_cfs,7.30,,G
04/07/2020,17:10:00,Curr_pacing,30000.00,,G
04/07/2020,17:10:00,FlowVolume,11904.15,,G
04/07/2020,17:11:00,PT Level,5.61,in,G
04/07/2020,17:11:00,Flow_cfs,7.27,,G
04/07/2020,17:11:00,FlowVolume,12340.65,,G
04/07/2020,17:12:00,PT Level,5.63,in,G
04/07/2020,17:12:00,Flow_cfs,7.33,,G
04/07/2020,17:12:00,FlowVolume,12780.15,,G
04/07/2020,17:13:00,PT Level,5.63,in,G
04/07/2020,17:13:00,Flow_cfs,7.33,,G
04/07/2020,17:13:00,FlowVolume,13219.65,,G
04/07/2020,17:14:00,PT Level,5.62,in,G
04/07/2020,17:14:00,Flow_cfs,7.30,,G
04/07/2020,17:14:00,FlowVolume,13657.65,,G
04/07/2020,17:15:00,PT Level,5.63,in,G
04/07/2020,17:15:00,Aliquot_Num,13,ali,G
04/07/2020,17:15:00,Flow_cfs,7.33,,G
04/07/2020,17:15:00,Curr_pacing,30000.00,,G
04/07/2020,17:15:00,FlowVolume,14097.15,,G
04/07/2020,17:16:00,PT Level,5.62,in,G
04/07/2020,17:16:00,Flow_cfs,7.30,,G
04/07/2020,17:16:00,FlowVolume,14535.15,,G
04/07/2020,17:17:00,PT Level,5.64,in,G
04/07/2020,17:17:00,Flow_cfs,7.35,,G
04/07/2020,17:17:00,FlowVolume,14976.15,,G
04/07/2020,17:18:00,PT Level,5.63,in,G
04/07/2020,17:18:00,Flow_cfs,7.33,,G
04/07/2020,17:18:00,FlowVolume,15415.65,,G
04/07/2020,17:19:00,PT Level,5.61,in,G
04/07/2020,17:19:00,Flow_cfs,7.27,,G
04/07/2020,17:19:00,FlowVolume,15852.15,,G
04/07/2020,17:20:00,PT Level,5.60,in,G
04/07/2020,17:20:00,Aliquot_Num,13,ali,G
04/07/2020,17:20:00,Flow_cfs,7.25,,G
04/07/2020,17:20:00,Curr_pacing,30000.00,,G
04/07/2020,17:20:00,FlowVolume,16287.15,,G
04/07/2020,17:21:00,PT Level,5.63,in,G
04/07/2020,17:21:00,Flow_cfs,7.33,,G
04/07/2020,17:21:00,FlowVolume,16726.65,,G
04/07/2020,17:22:00,PT Level,5.62,in,G
04/07/2020,17:22:00,Flow_cfs,7.30,,G
04/07/2020,17:22:00,FlowVolume,17164.65,,G
04/07/2020,17:23:00,PT Level,5.60,in,G
04/07/2020,17:23:00,Flow_cfs,7.25,,G
04/07/2020,17:23:00,FlowVolume,17599.65,,G
04/07/2020,17:24:00,PT Level,5.61,in,G
04/07/2020,17:24:00,Flow_cfs,7.27,,G
04/07/2020,17:24:00,FlowVolume,18036.15,,G
04/07/2020,17:25:00,PT Level,5.61,in,G
04/07/2020,17:25:00,Aliquot_Num,13,ali,G
04/07/2020,17:25:00,Flow_cfs,7.27,,G
04/07/2020,17:25:00,Curr_pacing,30000.00,,G
04/07/2020,17:25:00,FlowVolume,18472.65,,G
04/07/2020,17:26:00,PT Level,5.62,in,G
04/07/2020,17:26:00,Flow_cfs,7.30,,G
04/07/2020,17:26:00,FlowVolume,18910.65,,G
04/07/2020,17:27:00,PT Level,5.62,in,G
04/07/2020,17:27:00,Flow_cfs,7.30,,G
04/07/2020,17:27:00,FlowVolume,19348.65,,G
04/07/2020,17:28:00,PT Level,5.61,in,G
04/07/2020,17:28:00,Flow_cfs,7.27,,G
04/07/2020,17:28:00,FlowVolume,19785.15,,G
04/07/2020,17:29:00,PT Level,5.62,in,G
04/07/2020,17:29:00,Flow_cfs,7.30,,G
04/07/2020,17:29:00,FlowVolume,20223.15,,G
04/07/2020,17:30:00,PT Level,5.61,in,G
04/07/2020,17:30:00,Aliquot_Num,13,ali,G
04/07/2020,17:30:00,Flow_cfs,7.27,,G
04/07/2020,17:30:00,Curr_pacing,30000.00,,G
04/07/2020,17:30:00,FlowVolume,20659.65,,G
04/07/2020,17:31:00,PT Level,5.62,in,G
04/07/2020,17:31:00,Flow_cfs,7.30,,G
04/07/2020,17:31:00,FlowVolume,21097.65,,G
04/07/2020,17:32:00,PT Level,5.61,in,G
04/07/2020,17:32:00,Flow_cfs,7.27,,G
04/07/2020,17:32:00,FlowVolume,21534.15,,G
04/07/2020,17:33:00,PT Level,5.62,in,G
04/07/2020,17:33:00,Flow_cfs,7.30,,G
04/07/2020,17:33:00,FlowVolume,21972.15,,G
04/07/2020,17:34:00,PT Level,5.61,in,G
04/07/2020,17:34:00,Flow_cfs,7.27,,G
04/07/2020,17:34:00,FlowVolume,22408.65,,G
04/07/2020,17:35:00,PT Level,5.61,in,G
04/07/2020,17:35:00,Aliquot_Num,13,ali,G
04/07/2020,17:35:00,Flow_cfs,7.27,,G
04/07/2020,17:35:00,Curr_pacing,30000.00,,G
04/07/2020,17:35:00,FlowVolume,22845.15,,G
04/07/2020,17:36:00,PT Level,5.62,in,G
04/07/2020,17:36:00,Flow_cfs,7.30,,G
04/07/2020,17:36:00,FlowVolume,23283.15,,G
04/07/2020,17:37:00,PT Level,5.61,in,G
04/07/2020,17:37:00,Flow_cfs,7.27,,G
04/07/2020,17:37:00,FlowVolume,23719.65,,G
04/07/2020,17:38:00,PT Level,5.61,in,G
04/07/2020,17:38:00,Flow_cfs,7.27,,G
04/07/2020,17:38:00,FlowVolume,24156.15,,G
04/07/2020,17:39:00,PT Level,5.60,in,G
04/07/2020,17:39:00,Flow_cfs,7.25,,G
04/07/2020,17:39:00,FlowVolume,24591.15,,G
04/07/2020,17:40:00,PT Level,5.60,in,G
04/07/2020,17:40:00,Aliquot_Num,13,ali,G
04/07/2020,17:40:00,Flow_cfs,7.25,,G
04/07/2020,17:40:00,Curr_pacing,30000.00,,G
04/07/2020,17:40:00,FlowVolume,25026.15,,G
04/07/2020,17:41:00,PT Level,5.59,in,G
04/07/2020,17:41:00,Flow_cfs,7.23,,G
04/07/2020,17:41:00,FlowVolume,25459.65,,G
04/07/2020,17:42:00,PT Level,5.61,in,G
04/07/2020,17:42:00,Flow_cfs,7.27,,G
04/07/2020,17:42:00,FlowVolume,25896.15,,G
04/07/2020,17:43:00,PT Level,5.60,in,G
04/07/2020,17:43:00,Flow_cfs,7.25,,G
04/07/2020,17:43:00,FlowVolume,26331.15,,G
04/07/2020,17:44:00,PT Level,5.61,in,G
04/07/2020,17:44:00,Flow_cfs,7.27,,G
04/07/2020,17:44:00,FlowVolume,26767.65,,G
04/07/2020,17:45:00,PT Level,5.63,in,G
04/07/2020,17:45:00,Aliquot_Num,13,ali,G
04/07/2020,17:45:00,Flow_cfs,7.33,,G
04/07/2020,17:45:00,Curr_pacing,30000.00,,G
04/07/2020,17:45:00,FlowVolume,27207.15,,G
04/07/2020,17:46:00,PT Level,5.58,in,G
04/07/2020,17:46:00,Flow_cfs,7.20,,G
04/07/2020,17:46:00,FlowVolume,27639.15,,G
04/07/2020,17:47:00,PT Level,5.61,in,G
04/07/2020,17:47:00,Flow_cfs,7.27,,G
04/07/2020,17:47:00,FlowVolume,28075.65,,G
04/07/2020,17:48:00,PT Level,5.61,in,G
04/07/2020,17:48:00,Flow_cfs,7.27,,G
04/07/2020,17:48:00,FlowVolume,28512.15,,G
04/07/2020,17:49:00,PT Level,5.61,in,G
04/07/2020,17:49:00,Flow_cfs,7.27,,G
04/07/2020,17:49:00,FlowVolume,28948.65,,G
04/07/2020,17:50:00,PT Level,5.60,in,G
04/07/2020,17:50:00,Aliquot_Num,13,ali,G
04/07/2020,17:50:00,Flow_cfs,7.25,,G
04/07/2020,17:50:00,Curr_pacing,30000.00,,G
04/07/2020,17:50:00,FlowVolume,29383.65,,G
04/07/2020,17:51:00,PT Level,5.58,in,G
04/07/2020,17:51:00,Flow_cfs,7.20,,G
04/07/2020,17:51:00,FlowVolume,29815.65,,G
04/07/2020,17:52:00,PT Level,5.60,in,G
04/07/2020,17:52:00,Flow_cfs,7.25,,G
04/07/2020,17:52:00,Triggered S,14,,G
04/07/2020,17:52:00,VolumeTrig,30250.65,,G
04/07/2020,17:52:00,FlowVolume,250.65,,G
04/07/2020,17:53:00,PT Level,5.60,in,G
04/07/2020,17:53:00,Flow_cfs,7.25,,G
04/07/2020,17:53:00,FlowVolume,685.65,,G
04/07/2020,17:54:00,PT Level,5.58,in,G
04/07/2020,17:54:00,Flow_cfs,7.20,,G
04/07/2020,17:54:00,FlowVolume,1117.65,,G
04/07/2020,17:55:00,PT Level,5.62,in,G
04/07/2020,17:55:00,Aliquot_Num,14,ali,G
04/07/2020,17:55:00,Flow_cfs,7.30,,G
04/07/2020,17:55:00,Curr_pacing,30000.00,,G
04/07/2020,17:55:00,FlowVolume,1555.65,,G
04/07/2020,17:56:00,PT Level,5.60,in,G
04/07/2020,17:56:00,Flow_cfs,7.25,,G
04/07/2020,17:56:00,FlowVolume,1990.65,,G
04/07/2020,17:57:00,PT Level,5.61,in,G
04/07/2020,17:57:00,Flow_cfs,7.27,,G
04/07/2020,17:57:00,FlowVolume,2427.15,,G
04/07/2020,17:58:00,PT Level,5.58,in,G
04/07/2020,17:58:00,Flow_cfs,7.20,,G
04/07/2020,17:58:00,FlowVolume,2859.15,,G
04/07/2020,17:59:00,PT Level,5.59,in,G
04/07/2020,17:59:00,Flow_cfs,7.23,,G
04/07/2020,17:59:00,FlowVolume,3292.65,,G
04/07/2020,18:00:00,PT Level,5.58,in,G
04/07/2020,18:00:00,Aliquot_Num,14,ali,G
04/07/2020,18:00:00,Flow_cfs,7.20,,G
04/07/2020,18:00:00,Curr_pacing,30000.00,,G
04/07/2020,18:00:00,FlowVolume,3724.65,,G
04/07/2020,18:01:00,PT Level,5.59,in,G
04/07/2020,18:01:00,Flow_cfs,7.23,,G
04/07/2020,18:01:00,FlowVolume,4158.15,,G
04/07/2020,18:02:00,PT Level,5.59,in,G
04/07/2020,18:02:00,Flow_cfs,7.23,,G
04/07/2020,18:02:00,FlowVolume,4591.65,,G
04/07/2020,18:03:00,PT Level,5.57,in,G
04/07/2020,18:03:00,Flow_cfs,7.17,,G
04/07/2020,18:03:00,FlowVolume,5022.15,,G
04/07/2020,18:04:00,PT Level,5.57,in,G
04/07/2020,18:04:00,Flow_cfs,7.17,,G
04/07/2020,18:04:00,FlowVolume,5452.65,,G
04/07/2020,18:05:00,PT Level,5.58,in,G
04/07/2020,18:05:00,Aliquot_Num,14,ali,G
04/07/2020,18:05:00,Flow_cfs,7.20,,G
04/07/2020,18:05:00,Curr_pacing,30000.00,,G
04/07/2020,18:05:00,FlowVolume,5884.65,,G
04/07/2020,18:06:00,PT Level,5.56,in,G
04/07/2020,18:06:00,Flow_cfs,7.15,,G
04/07/2020,18:06:00,FlowVolume,6313.65,,G
04/07/2020,18:07:00,PT Level,5.56,in,G
04/07/2020,18:07:00,Flow_cfs,7.15,,G
04/07/2020,18:07:00,FlowVolume,6742.65,,G
04/07/2020,18:08:00,PT Level,5.58,in,G
04/07/2020,18:08:00,Flow_cfs,7.20,,G
04/07/2020,18:08:00,FlowVolume,7174.65,,G
04/07/2020,18:09:00,PT Level,5.56,in,G
04/07/2020,18:09:00,Flow_cfs,7.15,,G
04/07/2020,18:09:00,FlowVolume,7603.65,,G
04/07/2020,18:10:00,PT Level,5.56,in,G
04/07/2020,18:10:00,Aliquot_Num,14,ali,G
04/07/2020,18:10:00,Flow_cfs,7.15,,G
04/07/2020,18:10:00,Curr_pacing,30000.00,,G
04/07/2020,18:10:00,FlowVolume,8032.65,,G
04/07/2020,18:11:00,PT Level,5.56,in,G
04/07/2020,18:11:00,Flow_cfs,7.15,,G
04/07/2020,18:11:00,FlowVolume,8461.65,,G
04/07/2020,18:12:00,PT Level,5.56,in,G
04/07/2020,18:12:00,Flow_cfs,7.15,,G
04/07/2020,18:12:00,FlowVolume,8890.65,,G
04/07/2020,18:13:00,PT Level,5.56,in,G
04/07/2020,18:13:00,Flow_cfs,7.15,,G
04/07/2020,18:13:00,FlowVolume,9319.65,,G
04/07/2020,18:14:00,PT Level,5.56,in,G
04/07/2020,18:14:00,Flow_cfs,7.15,,G
04/07/2020,18:14:00,FlowVolume,9748.65,,G
04/07/2020,18:15:00,PT Level,5.55,in,G
04/07/2020,18:15:00,Aliquot_Num,14,ali,G
04/07/2020,18:15:00,Flow_cfs,7.13,,G
04/07/2020,18:15:00,Curr_pacing,30000.00,,G
04/07/2020,18:15:00,FlowVolume,10176.15,,G
04/07/2020,18:16:00,PT Level,5.55,in,G
04/07/2020,18:16:00,Flow_cfs,7.13,,G
04/07/2020,18:16:00,FlowVolume,10603.65,,G
04/07/2020,18:17:00,PT Level,5.56,in,G
04/07/2020,18:17:00,Flow_cfs,7.15,,G
04/07/2020,18:17:00,FlowVolume,11032.65,,G
04/07/2020,18:18:00,PT Level,5.55,in,G
04/07/2020,18:18:00,Flow_cfs,7.13,,G
04/07/2020,18:18:00,FlowVolume,11460.15,,G
04/07/2020,18:19:00,PT Level,5.54,in,G
04/07/2020,18:19:00,Flow_cfs,7.10,,G
04/07/2020,18:19:00,FlowVolume,11886.15,,G
04/07/2020,18:20:00,PT Level,5.53,in,G
04/07/2020,18:20:00,Aliquot_Num,14,ali,G
04/07/2020,18:20:00,Flow_cfs,7.07,,G
04/07/2020,18:20:00,Curr_pacing,30000.00,,G
04/07/2020,18:20:00,FlowVolume,12310.65,,G
04/07/2020,18:21:00,PT Level,5.53,in,G
04/07/2020,18:21:00,Flow_cfs,7.07,,G
04/07/2020,18:21:00,FlowVolume,12735.15,,G
04/07/2020,18:22:00,PT Level,5.54,in,G
04/07/2020,18:22:00,Flow_cfs,7.10,,G
04/07/2020,18:22:00,FlowVolume,13161.15,,G
04/07/2020,18:23:00,PT Level,5.54,in,G
04/07/2020,18:23:00,Flow_cfs,7.10,,G
04/07/2020,18:23:00,FlowVolume,13587.15,,G
04/07/2020,18:24:00,PT Level,5.54,in,G
04/07/2020,18:24:00,Flow_cfs,7.10,,G
04/07/2020,18:24:00,FlowVolume,14013.15,,G
04/07/2020,18:25:00,PT Level,5.54,in,G
04/07/2020,18:25:00,Aliquot_Num,14,ali,G
04/07/2020,18:25:00,Flow_cfs,7.10,,G
04/07/2020,18:25:00,Curr_pacing,30000.00,,G
04/07/2020,18:25:00,FlowVolume,14439.15,,G
04/07/2020,18:26:00,PT Level,5.54,in,G
04/07/2020,18:26:00,Flow_cfs,7.10,,G
04/07/2020,18:26:00,FlowVolume,14865.15,,G
04/07/2020,18:27:00,PT Level,5.54,in,G
04/07/2020,18:27:00,Flow_cfs,7.10,,G
04/07/2020,18:27:00,FlowVolume,15291.15,,G
04/07/2020,18:28:00,PT Level,5.53,in,G
04/07/2020,18:28:00,Flow_cfs,7.07,,G
04/07/2020,18:28:00,FlowVolume,15715.65,,G
04/07/2020,18:29:00,PT Level,5.53,in,G
04/07/2020,18:29:00,Flow_cfs,7.07,,G
04/07/2020,18:29:00,FlowVolume,16140.15,,G
04/07/2020,18:30:00,PT Level,5.55,in,G
04/07/2020,18:30:00,Aliquot_Num,14,ali,G
04/07/2020,18:30:00,Flow_cfs,7.13,,G
04/07/2020,18:30:00,Curr_pacing,30000.00,,G
04/07/2020,18:30:00,FlowVolume,16567.65,,G
04/07/2020,18:31:00,PT Level,5.53,in,G
04/07/2020,18:31:00,Flow_cfs,7.07,,G
04/07/2020,18:31:00,FlowVolume,16992.15,,G
04/07/2020,18:32:00,PT Level,5.51,in,G
04/07/2020,18:32:00,Flow_cfs,7.03,,G
04/07/2020,18:32:00,FlowVolume,17413.65,,G
04/07/2020,18:33:00,PT Level,5.55,in,G
04/07/2020,18:33:00,Flow_cfs,7.13,,G
04/07/2020,18:33:00,FlowVolume,17841.15,,G
04/07/2020,18:34:00,PT Level,5.52,in,G
04/07/2020,18:34:00,Flow_cfs,7.05,,G
04/07/2020,18:34:00,FlowVolume,18264.15,,G
04/07/2020,18:35:00,PT Level,5.53,in,G
04/07/2020,18:35:00,Aliquot_Num,14,ali,G
04/07/2020,18:35:00,Flow_cfs,7.07,,G
04/07/2020,18:35:00,Curr_pacing,30000.00,,G
04/07/2020,18:35:00,FlowVolume,18688.65,,G
04/07/2020,18:36:00,PT Level,5.51,in,G
04/07/2020,18:36:00,Flow_cfs,7.03,,G
04/07/2020,18:36:00,FlowVolume,19110.15,,G
04/07/2020,18:37:00,PT Level,5.51,in,G
04/07/2020,18:37:00,Flow_cfs,7.03,,G
04/07/2020,18:37:00,FlowVolume,19531.65,,G
04/07/2020,18:38:00,PT Level,5.50,in,G
04/07/2020,18:38:00,Flow_cfs,7.00,,G
04/07/2020,18:38:00,FlowVolume,19951.65,,G
04/07/2020,18:39:00,PT Level,5.50,in,G
04/07/2020,18:39:00,Flow_cfs,7.00,,G
04/07/2020,18:39:00,FlowVolume,20371.65,,G
04/07/2020,18:40:00,PT Level,5.50,in,G
04/07/2020,18:40:00,Aliquot_Num,14,ali,G
04/07/2020,18:40:00,Flow_cfs,7.00,,G
04/07/2020,18:40:00,Curr_pacing,30000.00,,G
04/07/2020,18:40:00,FlowVolume,20791.65,,G
04/07/2020,18:41:00,PT Level,5.52,in,G
04/07/2020,18:41:00,Flow_cfs,7.05,,G
04/07/2020,18:41:00,FlowVolume,21214.65,,G
04/07/2020,18:42:00,PT Level,5.51,in,G
04/07/2020,18:42:00,Flow_cfs,7.03,,G
04/07/2020,18:42:00,FlowVolume,21636.15,,G
04/07/2020,18:43:00,PT Level,5.49,in,G
04/07/2020,18:43:00,Flow_cfs,6.97,,G
04/07/2020,18:43:00,FlowVolume,22054.65,,G
04/07/2020,18:44:00,PT Level,5.52,in,G
04/07/2020,18:44:00,Flow_cfs,7.05,,G
04/07/2020,18:44:00,FlowVolume,22477.65,,G
04/07/2020,18:45:00,PT Level,5.50,in,G
04/07/2020,18:45:00,Aliquot_Num,14,ali,G
04/07/2020,18:45:00,Flow_cfs,7.00,,G
04/07/2020,18:45:00,Curr_pacing,30000.00,,G
04/07/2020,18:45:00,FlowVolume,22897.65,,G
04/07/2020,18:46:00,PT Level,5.50,in,G
04/07/2020,18:46:00,Flow_cfs,7.00,,G
04/07/2020,18:46:00,FlowVolume,23317.65,,G
04/07/2020,18:47:00,PT Level,5.48,in,G
04/07/2020,18:47:00,Flow_cfs,6.95,,G
04/07/2020,18:47:00,FlowVolume,23734.65,,G
04/07/2020,18:48:00,PT Level,5.50,in,G
04/07/2020,18:48:00,Flow_cfs,7.00,,G
04/07/2020,18:48:00,FlowVolume,24154.65,,G
04/07/2020,18:49:00,PT Level,5.49,in,G
04/07/2020,18:49:00,Flow_cfs,6.97,,G
04/07/2020,18:49:00,FlowVolume,24573.15,,G
04/07/2020,18:50:00,PT Level,5.48,in,G
04/07/2020,18:50:00,Aliquot_Num,14,ali,G
04/07/2020,18:50:00,Flow_cfs,6.95,,G
04/07/2020,18:50:00,Curr_pacing,30000.00,,G
04/07/2020,18:50:00,FlowVolume,24990.15,,G
04/07/2020,18:51:00,PT Level,5.48,in,G
04/07/2020,18:51:00,Flow_cfs,6.95,,G
04/07/2020,18:51:00,FlowVolume,25407.15,,G
04/07/2020,18:52:00,PT Level,5.47,in,G
04/07/2020,18:52:00,Flow_cfs,6.93,,G
04/07/2020,18:52:00,FlowVolume,25822.65,,G
04/07/2020,18:53:00,PT Level,5.47,in,G
04/07/2020,18:53:00,Flow_cfs,6.93,,G
04/07/2020,18:53:00,FlowVolume,26238.15,,G
04/07/2020,18:54:00,PT Level,5.47,in,G
04/07/2020,18:54:00,Flow_cfs,6.93,,G
04/07/2020,18:54:00,FlowVolume,26653.65,,G
04/07/2020,18:55:00,PT Level,5.48,in,G
04/07/2020,18:55:00,Aliquot_Num,14,ali,G
04/07/2020,18:55:00,Flow_cfs,6.95,,G
04/07/2020,18:55:00,Curr_pacing,30000.00,,G
04/07/2020,18:55:00,FlowVolume,27070.65,,G
04/07/2020,18:56:00,PT Level,5.47,in,G
04/07/2020,18:56:00,Flow_cfs,6.93,,G
04/07/2020,18:56:00,FlowVolume,27486.15,,G
04/07/2020,18:57:00,PT Level,5.46,in,G
04/07/2020,18:57:00,Flow_cfs,6.90,,G
04/07/2020,18:57:00,FlowVolume,27900.15,,G
04/07/2020,18:58:00,PT Level,5.47,in,G
04/07/2020,18:58:00,Flow_cfs,6.93,,G
04/07/2020,18:58:00,FlowVolume,28315.65,,G
04/07/2020,18:59:00,PT Level,5.47,in,G
04/07/2020,18:59:00,Flow_cfs,6.93,,G
04/07/2020,18:59:00,FlowVolume,28731.15,,G
04/07/2020,19:00:00,PT Level,5.48,in,G
04/07/2020,19:00:00,Aliquot_Num,14,ali,G
04/07/2020,19:00:00,Flow_cfs,6.95,,G
04/07/2020,19:00:00,Curr_pacing,30000.00,,G
04/07/2020,19:00:00,FlowVolume,29148.15,,G
04/07/2020,19:01:00,PT Level,5.47,in,G
04/07/2020,19:01:00,Flow_cfs,6.93,,G
04/07/2020,19:01:00,FlowVolume,29563.65,,G
04/07/2020,19:02:00,PT Level,5.47,in,G
04/07/2020,19:02:00,Flow_cfs,6.93,,G
04/07/2020,19:02:00,FlowVolume,29979.15,,G
04/07/2020,19:03:00,PT Level,5.47,in,G
04/07/2020,19:03:00,Flow_cfs,6.93,,G
04/07/2020,19:03:00,Triggered S,15,,G
04/07/2020,19:03:00,VolumeTrig,30394.65,,G
04/07/2020,19:03:00,FlowVolume,394.65,,G
04/07/2020,19:04:00,PT Level,5.46,in,G
04/07/2020,19:04:00,Flow_cfs,6.90,,G
04/07/2020,19:04:00,FlowVolume,808.65,,G
04/07/2020,19:05:00,PT Level,5.45,in,G
04/07/2020,19:05:00,Aliquot_Num,15,ali,G
04/07/2020,19:05:00,Flow_cfs,6.87,,G
04/07/2020,19:05:00,Curr_pacing,30000.00,,G
04/07/2020,19:05:00,FlowVolume,1221.15,,G
04/07/2020,19:06:00,PT Level,5.44,in,G
04/07/2020,19:06:00,Flow_cfs,6.85,,G
04/07/2020,19:06:00,FlowVolume,1632.15,,G
04/07/2020,19:07:00,PT Level,5.47,in,G
04/07/2020,19:07:00,Flow_cfs,6.93,,G
04/07/2020,19:07:00,FlowVolume,2047.65,,G
04/07/2020,19:08:00,PT Level,5.42,in,G
04/07/2020,19:08:00,Flow_cfs,6.80,,G
04/07/2020,19:08:00,FlowVolume,2455.65,,G
04/07/2020,19:09:00,PT Level,5.42,in,G
04/07/2020,19:09:00,Flow_cfs,6.80,,G
04/07/2020,19:09:00,FlowVolume,2863.65,,G
04/07/2020,19:10:00,PT Level,5.44,in,G
04/07/2020,19:10:00,Aliquot_Num,15,ali,G
04/07/2020,19:10:00,Flow_cfs,6.85,,G
04/07/2020,19:10:00,Curr_pacing,30000.00,,G
04/07/2020,19:10:00,FlowVolume,3274.65,,G
04/07/2020,19:11:00,PT Level,5.41,in,G
04/07/2020,19:11:00,Flow_cfs,6.77,,G
04/07/2020,19:11:00,FlowVolume,3681.15,,G
04/07/2020,19:12:00,PT Level,5.43,in,G
04/07/2020,19:12:00,Flow_cfs,6.83,,G
04/07/2020,19:12:00,FlowVolume,4090.65,,G
04/07/2020,19:13:00,PT Level,5.42,in,G
04/07/2020,19:13:00,Flow_cfs,6.80,,G
04/07/2020,19:13:00,FlowVolume,4498.65,,G
04/07/2020,19:14:00,PT Level,5.41,in,G
04/07/2020,19:14:00,Flow_cfs,6.77,,G
04/07/2020,19:14:00,FlowVolume,4905.15,,G
04/07/2020,19:15:00,PT Level,5.44,in,G
04/07/2020,19:15:00,Aliquot_Num,15,ali,G
04/07/2020,19:15:00,Flow_cfs,6.85,,G
04/07/2020,19:15:00,Curr_pacing,30000.00,,G
04/07/2020,19:15:00,FlowVolume,5316.15,,G
04/07/2020,19:16:00,PT Level,5.42,in,G
04/07/2020,19:16:00,Flow_cfs,6.80,,G
04/07/2020,19:16:00,FlowVolume,5724.15,,G
04/07/2020,19:17:00,PT Level,5.40,in,G
04/07/2020,19:17:00,Flow_cfs,6.75,,G
04/07/2020,19:17:00,FlowVolume,6129.15,,G
04/07/2020,19:18:00,PT Level,5.40,in,G
04/07/2020,19:18:00,Flow_cfs,6.75,,G
04/07/2020,19:18:00,FlowVolume,6534.15,,G
04/07/2020,19:19:00,PT Level,5.40,in,G
04/07/2020,19:19:00,Flow_cfs,6.75,,G
04/07/2020,19:19:00,FlowVolume,6939.15,,G
04/07/2020,19:20:00,PT Level,5.41,in,G
04/07/2020,19:20:00,Aliquot_Num,15,ali,G
04/07/2020,19:20:00,Flow_cfs,6.77,,G
04/07/2020,19:20:00,Curr_pacing,30000.00,,G
04/07/2020,19:20:00,FlowVolume,7345.65,,G
04/07/2020,19:21:00,PT Level,5.41,in,G
04/07/2020,19:21:00,Flow_cfs,6.77,,G
04/07/2020,19:21:00,FlowVolume,7752.15,,G
04/07/2020,19:22:00,PT Level,5.41,in,G
04/07/2020,19:22:00,Flow_cfs,6.77,,G
04/07/2020,19:22:00,FlowVolume,8158.65,,G
04/07/2020,19:23:00,PT Level,5.40,in,G
04/07/2020,19:23:00,Flow_cfs,6.75,,G
04/07/2020,19:23:00,FlowVolume,8563.65,,G
04/07/2020,19:24:00,PT Level,5.42,in,G
04/07/2020,19:24:00,Flow_cfs,6.80,,G
04/07/2020,19:24:00,FlowVolume,8971.65,,G
04/07/2020,19:25:00,PT Level,5.40,in,G
04/07/2020,19:25:00,Aliquot_Num,15,ali,G
04/07/2020,19:25:00,Flow_cfs,6.75,,G
04/07/2020,19:25:00,Curr_pacing,30000.00,,G
04/07/2020,19:25:00,FlowVolume,9376.65,,G
04/07/2020,19:26:00,PT Level,5.39,in,G
04/07/2020,19:26:00,Flow_cfs,6.73,,G
04/07/2020,19:26:00,FlowVolume,9780.15,,G
04/07/2020,19:27:00,PT Level,5.40,in,G
04/07/2020,19:27:00,Flow_cfs,6.75,,G
04/07/2020,19:27:00,FlowVolume,10185.15,,G
04/07/2020,19:28:00,PT Level,5.39,in,G
04/07/2020,19:28:00,Flow_cfs,6.73,,G
04/07/2020,19:28:00,FlowVolume,10588.65,,G
04/07/2020,19:29:00,PT Level,5.39,in,G
04/07/2020,19:29:00,Flow_cfs,6.73,,G
04/07/2020,19:29:00,FlowVolume,10992.15,,G
04/07/2020,19:30:00,PT Level,5.39,in,G
04/07/2020,19:30:00,Aliquot_Num,15,ali,G
04/07/2020,19:30:00,Flow_cfs,6.73,,G
04/07/2020,19:30:00,Curr_pacing,30000.00,,G
04/07/2020,19:30:00,FlowVolume,11395.65,,G
04/07/2020,19:31:00,PT Level,5.39,in,G
04/07/2020,19:31:00,Flow_cfs,6.73,,G
04/07/2020,19:31:00,FlowVolume,11799.15,,G
04/07/2020,19:32:00,PT Level,5.38,in,G
04/07/2020,19:32:00,Flow_cfs,6.70,,G
04/07/2020,19:32:00,FlowVolume,12201.15,,G
04/07/2020,19:33:00,PT Level,5.38,in,G
04/07/2020,19:33:00,Flow_cfs,6.70,,G
04/07/2020,19:33:00,FlowVolume,12603.15,,G
04/07/2020,19:34:00,PT Level,5.39,in,G
04/07/2020,19:34:00,Flow_cfs,6.73,,G
04/07/2020,19:34:00,FlowVolume,13006.65,,G
04/07/2020,19:35:00,PT Level,5.38,in,G
04/07/2020,19:35:00,Aliquot_Num,15,ali,G
04/07/2020,19:35:00,Flow_cfs,6.70,,G
04/07/2020,19:35:00,Curr_pacing,30000.00,,G
04/07/2020,19:35:00,FlowVolume,13408.65,,G
04/07/2020,19:36:00,PT Level,5.38,in,G
04/07/2020,19:36:00,Flow_cfs,6.70,,G
04/07/2020,19:36:00,FlowVolume,13810.65,,G
04/07/2020,19:37:00,PT Level,5.38,in,G
04/07/2020,19:37:00,Flow_cfs,6.70,,G
04/07/2020,19:37:00,FlowVolume,14212.65,,G
04/07/2020,19:38:00,PT Level,5.36,in,G
04/07/2020,19:38:00,Flow_cfs,6.65,,G
04/07/2020,19:38:00,FlowVolume,14611.65,,G
04/07/2020,19:39:00,PT Level,5.36,in,G
04/07/2020,19:39:00,Flow_cfs,6.65,,G
04/07/2020,19:39:00,FlowVolume,15010.65,,G
04/07/2020,19:40:00,PT Level,5.36,in,G
04/07/2020,19:40:00,Aliquot_Num,15,ali,G
04/07/2020,19:40:00,Flow_cfs,6.65,,G
04/07/2020,19:40:00,Curr_pacing,30000.00,,G
04/07/2020,19:40:00,FlowVolume,15409.65,,G
04/07/2020,19:41:00,PT Level,5.36,in,G
04/07/2020,19:41:00,Flow_cfs,6.65,,G
04/07/2020,19:41:00,FlowVolume,15808.65,,G
04/07/2020,19:42:00,PT Level,5.36,in,G
04/07/2020,19:42:00,Flow_cfs,6.65,,G
04/07/2020,19:42:00,FlowVolume,16207.65,,G
04/07/2020,19:43:00,PT Level,5.35,in,G
04/07/2020,19:43:00,Flow_cfs,6.63,,G
04/07/2020,19:43:00,FlowVolume,16605.15,,G
04/07/2020,19:44:00,PT Level,5.35,in,G
04/07/2020,19:44:00,Flow_cfs,6.63,,G
04/07/2020,19:44:00,FlowVolume,17002.65,,G
04/07/2020,19:45:00,PT Level,5.35,in,G
04/07/2020,19:45:00,Aliquot_Num,15,ali,G
04/07/2020,19:45:00,Flow_cfs,6.63,,G
04/07/2020,19:45:00,Curr_pacing,30000.00,,G
04/07/2020,19:45:00,FlowVolume,17400.15,,G
04/07/2020,19:46:00,PT Level,5.35,in,G
04/07/2020,19:46:00,Flow_cfs,6.63,,G
04/07/2020,19:46:00,FlowVolume,17797.65,,G
04/07/2020,19:47:00,PT Level,5.33,in,G
04/07/2020,19:47:00,Flow_cfs,6.57,,G
04/07/2020,19:47:00,FlowVolume,18192.15,,G
04/07/2020,19:48:00,PT Level,5.35,in,G
04/07/2020,19:48:00,Flow_cfs,6.63,,G
04/07/2020,19:48:00,FlowVolume,18589.65,,G
04/07/2020,19:49:00,PT Level,5.32,in,G
04/07/2020,19:49:00,Flow_cfs,6.55,,G
04/07/2020,19:49:00,FlowVolume,18982.65,,G
04/07/2020,19:50:00,PT Level,5.35,in,G
04/07/2020,19:50:00,Aliquot_Num,15,ali,G
04/07/2020,19:50:00,Flow_cfs,6.63,,G
04/07/2020,19:50:00,Curr_pacing,30000.00,,G
04/07/2020,19:50:00,FlowVolume,19380.15,,G
04/07/2020,19:51:00,PT Level,5.34,in,G
04/07/2020,19:51:00,Flow_cfs,6.60,,G
04/07/2020,19:51:00,FlowVolume,19776.15,,G
04/07/2020,19:52:00,PT Level,5.33,in,G
04/07/2020,19:52:00,Flow_cfs,6.57,,G
04/07/2020,19:52:00,FlowVolume,20170.65,,G
04/07/2020,19:53:00,PT Level,5.33,in,G
04/07/2020,19:53:00,Flow_cfs,6.57,,G
04/07/2020,19:53:00,FlowVolume,20565.15,,G
04/07/2020,19:54:00,PT Level,5.31,in,G
04/07/2020,19:54:00,Flow_cfs,6.53,,G
04/07/2020,19:54:00,FlowVolume,20956.65,,G
04/07/2020,19:55:00,PT Level,5.34,in,G
04/07/2020,19:55:00,Aliquot_Num,15,ali,G
04/07/2020,19:55:00,Flow_cfs,6.60,,G
04/07/2020,19:55:00,Curr_pacing,30000.00,,G
04/07/2020,19:55:00,FlowVolume,21352.65,,G
04/07/2020,19:56:00,PT Level,5.33,in,G
04/07/2020,19:56:00,Flow_cfs,6.57,,G
04/07/2020,19:56:00,FlowVolume,21747.15,,G
04/07/2020,19:57:00,PT Level,5.31,in,G
04/07/2020,19:57:00,Flow_cfs,6.53,,G
04/07/2020,19:57:00,FlowVolume,22138.65,,G
04/07/2020,19:58:00,PT Level,5.33,in,G
04/07/2020,19:58:00,Flow_cfs,6.57,,G
04/07/2020,19:58:00,FlowVolume,22533.15,,G
04/07/2020,19:59:00,PT Level,5.32,in,G
04/07/2020,19:59:00,Flow_cfs,6.55,,G
04/07/2020,19:59:00,FlowVolume,22926.15,,G
04/07/2020,20:00:00,PT Level,5.30,in,G
04/07/2020,20:00:00,Aliquot_Num,15,ali,G
04/07/2020,20:00:00,Flow_cfs,6.50,,G
04/07/2020,20:00:00,Curr_pacing,30000.00,,G
04/07/2020,20:00:00,FlowVolume,23316.15,,G
04/07/2020,20:01:00,PT Level,5.30,in,G
04/07/2020,20:01:00,Flow_cfs,6.50,,G
04/07/2020,20:01:00,FlowVolume,23706.15,,G
04/07/2020,20:02:00,PT Level,5.30,in,G
04/07/2020,20:02:00,Flow_cfs,6.50,,G
04/07/2020,20:02:00,FlowVolume,24096.15,,G
04/07/2020,20:03:00,PT Level,5.31,in,G
04/07/2020,20:03:00,Flow_cfs,6.53,,G
04/07/2020,20:03:00,FlowVolume,24487.65,,G
04/07/2020,20:04:00,PT Level,5.31,in,G
04/07/2020,20:04:00,Flow_cfs,6.53,,G
04/07/2020,20:04:00,FlowVolume,24879.15,,G
04/07/2020,20:05:00,PT Level,5.31,in,G
04/07/2020,20:05:00,Aliquot_Num,15,ali,G
04/07/2020,20:05:00,Flow_cfs,6.53,,G
04/07/2020,20:05:00,Curr_pacing,30000.00,,G
04/07/2020,20:05:00,FlowVolume,25270.65,,G
04/07/2020,20:06:00,PT Level,5.31,in,G
04/07/2020,20:06:00,Flow_cfs,6.53,,G
04/07/2020,20:06:00,FlowVolume,25662.15,,G
04/07/2020,20:07:00,PT Level,5.31,in,G
04/07/2020,20:07:00,Flow_cfs,6.53,,G
04/07/2020,20:07:00,FlowVolume,26053.65,,G
04/07/2020,20:08:00,PT Level,5.29,in,G
04/07/2020,20:08:00,Flow_cfs,6.48,,G
04/07/2020,20:08:00,FlowVolume,26442.22,,G
04/07/2020,20:09:00,PT Level,5.31,in,G
04/07/2020,20:09:00,Flow_cfs,6.53,,G
04/07/2020,20:09:00,FlowVolume,26833.72,,G
04/07/2020,20:10:00,PT Level,5.29,in,G
04/07/2020,20:10:00,Aliquot_Num,15,ali,G
04/07/2020,20:10:00,Flow_cfs,6.48,,G
04/07/2020,20:10:00,Curr_pacing,30000.00,,G
04/07/2020,20:10:00,FlowVolume,27222.29,,G
04/07/2020,20:11:00,PT Level,5.28,in,G
04/07/2020,20:11:00,Flow_cfs,6.45,,G
04/07/2020,20:11:00,FlowVolume,27609.44,,G
04/07/2020,20:12:00,PT Level,5.29,in,G
04/07/2020,20:12:00,Flow_cfs,6.48,,G
04/07/2020,20:12:00,FlowVolume,27998.01,,G
04/07/2020,20:13:00,PT Level,5.28,in,G
04/07/2020,20:13:00,Flow_cfs,6.45,,G
04/07/2020,20:13:00,FlowVolume,28385.15,,G
04/07/2020,20:14:00,PT Level,5.28,in,G
04/07/2020,20:14:00,Flow_cfs,6.45,,G
04/07/2020,20:14:00,FlowVolume,28772.29,,G
04/07/2020,20:15:00,PT Level,5.29,in,G
04/07/2020,20:15:00,Aliquot_Num,15,ali,G
04/07/2020,20:15:00,Flow_cfs,6.48,,G
04/07/2020,20:15:00,Curr_pacing,30000.00,,G
04/07/2020,20:15:00,FlowVolume,29160.87,,G
04/07/2020,20:16:00,PT Level,5.28,in,G
04/07/2020,20:16:00,Flow_cfs,6.45,,G
04/07/2020,20:16:00,FlowVolume,29548.01,,G
04/07/2020,20:17:00,PT Level,5.28,in,G
04/07/2020,20:17:00,Flow_cfs,6.45,,G
04/07/2020,20:17:00,FlowVolume,29935.15,,G
04/07/2020,20:18:00,PT Level,5.28,in,G
04/07/2020,20:18:00,Flow_cfs,6.45,,G
04/07/2020,20:18:00,Triggered S,16,,G
04/07/2020,20:18:00,VolumeTrig,30322.29,,G
04/07/2020,20:18:00,FlowVolume,322.29,,G
04/07/2020,20:19:00,PT Level,5.27,in,G
04/07/2020,20:19:00,Flow_cfs,6.43,,G
04/07/2020,20:19:00,FlowVolume,708.01,,G
04/07/2020,20:20:00,PT Level,5.28,in,G
04/07/2020,20:20:00,Aliquot_Num,16,ali,G
04/07/2020,20:20:00,Flow_cfs,6.45,,G
04/07/2020,20:20:00,Curr_pacing,30000.00,,G
04/07/2020,20:20:00,FlowVolume,1095.15,,G
04/07/2020,20:21:00,PT Level,5.28,in,G
04/07/2020,20:21:00,Flow_cfs,6.45,,G
04/07/2020,20:21:00,FlowVolume,1482.29,,G
04/07/2020,20:22:00,PT Level,5.27,in,G
04/07/2020,20:22:00,Flow_cfs,6.43,,G
04/07/2020,20:22:00,FlowVolume,1868.01,,G
04/07/2020,20:23:00,PT Level,5.28,in,G
04/07/2020,20:23:00,Flow_cfs,6.45,,G
04/07/2020,20:23:00,FlowVolume,2255.15,,G
04/07/2020,20:24:00,PT Level,5.27,in,G
04/07/2020,20:24:00,Flow_cfs,6.43,,G
04/07/2020,20:24:00,FlowVolume,2640.87,,G
04/07/2020,20:25:00,PT Level,5.27,in,G
04/07/2020,20:25:00,Aliquot_Num,16,ali,G
04/07/2020,20:25:00,Flow_cfs,6.43,,G
04/07/2020,20:25:00,Curr_pacing,30000.00,,G
04/07/2020,20:25:00,FlowVolume,3026.58,,G
04/07/2020,20:26:00,PT Level,5.27,in,G
04/07/2020,20:26:00,Flow_cfs,6.43,,G
04/07/2020,20:26:00,FlowVolume,3412.29,,G
04/07/2020,20:27:00,PT Level,5.27,in,G
04/07/2020,20:27:00,Flow_cfs,6.43,,G
04/07/2020,20:27:00,FlowVolume,3798.01,,G
04/07/2020,20:28:00,PT Level,5.25,in,G
04/07/2020,20:28:00,Flow_cfs,6.38,,G
04/07/2020,20:28:00,FlowVolume,4180.87,,G
04/07/2020,20:29:00,PT Level,5.25,in,G
04/07/2020,20:29:00,Flow_cfs,6.38,,G
04/07/2020,20:29:00,FlowVolume,4563.72,,G
04/07/2020,20:30:00,PT Level,5.25,in,G
04/07/2020,20:30:00,Aliquot_Num,16,ali,G
04/07/2020,20:30:00,Flow_cfs,6.38,,G
04/07/2020,20:30:00,Curr_pacing,30000.00,,G
04/07/2020,20:30:00,FlowVolume,4946.58,,G
04/07/2020,20:31:00,PT Level,5.25,in,G
04/07/2020,20:31:00,Flow_cfs,6.38,,G
04/07/2020,20:31:00,FlowVolume,5329.44,,G
04/07/2020,20:32:00,PT Level,5.26,in,G
04/07/2020,20:32:00,Flow_cfs,6.40,,G
04/07/2020,20:32:00,FlowVolume,5713.72,,G
04/07/2020,20:33:00,PT Level,5.25,in,G
04/07/2020,20:33:00,Flow_cfs,6.38,,G
04/07/2020,20:33:00,FlowVolume,6096.58,,G
04/07/2020,20:34:00,PT Level,5.25,in,G
04/07/2020,20:34:00,Flow_cfs,6.38,,G
04/07/2020,20:34:00,FlowVolume,6479.44,,G
04/07/2020,20:35:00,PT Level,5.24,in,G
04/07/2020,20:35:00,Aliquot_Num,16,ali,G
04/07/2020,20:35:00,Flow_cfs,6.36,,G
04/07/2020,20:35:00,Curr_pacing,30000.00,,G
04/07/2020,20:35:00,FlowVolume,6860.87,,G
04/07/2020,20:36:00,PT Level,5.24,in,G
04/07/2020,20:36:00,Flow_cfs,6.36,,G
04/07/2020,20:36:00,FlowVolume,7242.29,,G
04/07/2020,20:37:00,PT Level,5.25,in,G
04/07/2020,20:37:00,Flow_cfs,6.38,,G
04/07/2020,20:37:00,FlowVolume,7625.15,,G
04/07/2020,20:38:00,PT Level,5.22,in,G
04/07/2020,20:38:00,Flow_cfs,6.31,,G
04/07/2020,20:38:00,FlowVolume,8003.72,,G
04/07/2020,20:39:00,PT Level,5.24,in,G
04/07/2020,20:39:00,Flow_cfs,6.36,,G
04/07/2020,20:39:00,FlowVolume,8385.15,,G
04/07/2020,20:40:00,PT Level,5.24,in,G
04/07/2020,20:40:00,Aliquot_Num,16,ali,G
04/07/2020,20:40:00,Flow_cfs,6.36,,G
04/07/2020,20:40:00,Curr_pacing,30000.00,,G
04/07/2020,20:40:00,FlowVolume,8766.58,,G
04/07/2020,20:41:00,PT Level,5.24,in,G
04/07/2020,20:41:00,Flow_cfs,6.36,,G
04/07/2020,20:41:00,FlowVolume,9148.01,,G
04/07/2020,20:42:00,PT Level,5.24,in,G
04/07/2020,20:42:00,Flow_cfs,6.36,,G
04/07/2020,20:42:00,FlowVolume,9529.44,,G
04/07/2020,20:43:00,PT Level,5.24,in,G
04/07/2020,20:43:00,Flow_cfs,6.36,,G
04/07/2020,20:43:00,FlowVolume,9910.87,,G
04/07/2020,20:44:00,PT Level,5.24,in,G
04/07/2020,20:44:00,Flow_cfs,6.36,,G
04/07/2020,20:44:00,FlowVolume,10292.29,,G
04/07/2020,20:45:00,PT Level,5.24,in,G
04/07/2020,20:45:00,Aliquot_Num,16,ali,G
04/07/2020,20:45:00,Flow_cfs,6.36,,G
04/07/2020,20:45:00,Curr_pacing,30000.00,,G
04/07/2020,20:45:00,FlowVolume,10673.72,,G
04/07/2020,20:46:00,PT Level,5.23,in,G
04/07/2020,20:46:00,Flow_cfs,6.33,,G
04/07/2020,20:46:00,FlowVolume,11053.72,,G
04/07/2020,20:47:00,PT Level,5.23,in,G
04/07/2020,20:47:00,Flow_cfs,6.33,,G
04/07/2020,20:47:00,FlowVolume,11433.72,,G
04/07/2020,20:48:00,PT Level,5.22,in,G
04/07/2020,20:48:00,Flow_cfs,6.31,,G
04/07/2020,20:48:00,FlowVolume,11812.29,,G
04/07/2020,20:49:00,PT Level,5.24,in,G
04/07/2020,20:49:00,Flow_cfs,6.36,,G
04/07/2020,20:49:00,FlowVolume,12193.72,,G
04/07/2020,20:50:00,PT Level,5.24,in,G
04/07/2020,20:50:00,Aliquot_Num,16,ali,G
04/07/2020,20:50:00,Flow_cfs,6.36,,G
04/07/2020,20:50:00,Curr_pacing,30000.00,,G
04/07/2020,20:50:00,FlowVolume,12575.15,,G
04/07/2020,20:51:00,PT Level,5.22,in,G
04/07/2020,20:51:00,Flow_cfs,6.31,,G
04/07/2020,20:51:00,FlowVolume,12953.72,,G
04/07/2020,20:52:00,PT Level,5.23,in,G
04/07/2020,20:52:00,Flow_cfs,6.33,,G
04/07/2020,20:52:00,FlowVolume,13333.72,,G
04/07/2020,20:53:00,PT Level,5.24,in,G
04/07/2020,20:53:00,Flow_cfs,6.36,,G
04/07/2020,20:53:00,FlowVolume,13715.15,,G
04/07/2020,20:54:00,PT Level,5.22,in,G
04/07/2020,20:54:00,Flow_cfs,6.31,,G
04/07/2020,20:54:00,FlowVolume,14093.72,,G
04/07/2020,20:55:00,PT Level,5.23,in,G
04/07/2020,20:55:00,Aliquot_Num,16,ali,G
04/07/2020,20:55:00,Flow_cfs,6.33,,G
04/07/2020,20:55:00,Curr_pacing,30000.00,,G
04/07/2020,20:55:00,FlowVolume,14473.72,,G
04/07/2020,20:56:00,PT Level,5.22,in,G
04/07/2020,20:56:00,Flow_cfs,6.31,,G
04/07/2020,20:56:00,FlowVolume,14852.29,,G
04/07/2020,20:57:00,PT Level,5.21,in,G
04/07/2020,20:57:00,Flow_cfs,6.29,,G
04/07/2020,20:57:00,FlowVolume,15229.44,,G
04/07/2020,20:58:00,PT Level,5.23,in,G
04/07/2020,20:58:00,Flow_cfs,6.33,,G
04/07/2020,20:58:00,FlowVolume,15609.44,,G
04/07/2020,20:59:00,PT Level,5.22,in,G
04/07/2020,20:59:00,Flow_cfs,6.31,,G
04/07/2020,20:59:00,FlowVolume,15988.01,,G
04/07/2020,21:00:00,PT Level,5.22,in,G
04/07/2020,21:00:00,Aliquot_Num,16,ali,G
04/07/2020,21:00:00,Flow_cfs,6.31,,G
04/07/2020,21:00:00,Curr_pacing,30000.00,,G
04/07/2020,21:00:00,FlowVolume,16366.58,,G
04/07/2020,21:01:00,PT Level,5.22,in,G
04/07/2020,21:01:00,Flow_cfs,6.31,,G
04/07/2020,21:01:00,FlowVolume,16745.15,,G
04/07/2020,21:02:00,PT Level,5.22,in,G
04/07/2020,21:02:00,Flow_cfs,6.31,,G
04/07/2020,21:02:00,FlowVolume,17123.72,,G
04/07/2020,21:03:00,PT Level,5.22,in,G
04/07/2020,21:03:00,Flow_cfs,6.31,,G
04/07/2020,21:03:00,FlowVolume,17502.29,,G
04/07/2020,21:04:00,PT Level,5.22,in,G
04/07/2020,21:04:00,Flow_cfs,6.31,,G
04/07/2020,21:04:00,FlowVolume,17880.87,,G
04/07/2020,21:05:00,PT Level,5.22,in,G
04/07/2020,21:05:00,Aliquot_Num,16,ali,G
04/07/2020,21:05:00,Flow_cfs,6.31,,G
04/07/2020,21:05:00,Curr_pacing,30000.00,,G
04/07/2020,21:05:00,FlowVolume,18259.44,,G
04/07/2020,21:06:00,PT Level,5.22,in,G
04/07/2020,21:06:00,Flow_cfs,6.31,,G
04/07/2020,21:06:00,FlowVolume,18638.01,,G
04/07/2020,21:07:00,PT Level,5.22,in,G
04/07/2020,21:07:00,Flow_cfs,6.31,,G
04/07/2020,21:07:00,FlowVolume,19016.58,,G
04/07/2020,21:08:00,PT Level,5.21,in,G
04/07/2020,21:08:00,Flow_cfs,6.29,,G
04/07/2020,21:08:00,FlowVolume,19393.72,,G
04/07/2020,21:09:00,PT Level,5.23,in,G
04/07/2020,21:09:00,Flow_cfs,6.33,,G
04/07/2020,21:09:00,FlowVolume,19773.72,,G
04/07/2020,21:10:00,PT Level,5.22,in,G
04/07/2020,21:10:00,Aliquot_Num,16,ali,G
04/07/2020,21:10:00,Flow_cfs,6.31,,G
04/07/2020,21:10:00,Curr_pacing,30000.00,,G
04/07/2020,21:10:00,FlowVolume,20152.29,,G
04/07/2020,21:11:00,PT Level,5.22,in,G
04/07/2020,21:11:00,Flow_cfs,6.31,,G
04/07/2020,21:11:00,FlowVolume,20530.87,,G
04/07/2020,21:12:00,PT Level,5.22,in,G
04/07/2020,21:12:00,Flow_cfs,6.31,,G
04/07/2020,21:12:00,FlowVolume,20909.44,,G
04/07/2020,21:13:00,PT Level,5.22,in,G
04/07/2020,21:13:00,Flow_cfs,6.31,,G
04/07/2020,21:13:00,FlowVolume,21288.01,,G
04/07/2020,21:14:00,PT Level,5.22,in,G
04/07/2020,21:14:00,Flow_cfs,6.31,,G
04/07/2020,21:14:00,FlowVolume,21666.58,,G
04/07/2020,21:15:00,PT Level,5.22,in,G
04/07/2020,21:15:00,Aliquot_Num,16,ali,G
04/07/2020,21:15:00,Flow_cfs,6.31,,G
04/07/2020,21:15:00,Curr_pacing,30000.00,,G
04/07/2020,21:15:00,FlowVolume,22045.15,,G
04/07/2020,21:16:00,PT Level,5.22,in,G
04/07/2020,21:16:00,Flow_cfs,6.31,,G
04/07/2020,21:16:00,FlowVolume,22423.72,,G
04/07/2020,21:17:00,PT Level,5.21,in,G
04/07/2020,21:17:00,Flow_cfs,6.29,,G
04/07/2020,21:17:00,FlowVolume,22800.87,,G
04/07/2020,21:18:00,PT Level,5.22,in,G
04/07/2020,21:18:00,Flow_cfs,6.31,,G
04/07/2020,21:18:00,FlowVolume,23179.44,,G
04/07/2020,21:19:00,PT Level,5.22,in,G
04/07/2020,21:19:00,Flow_cfs,6.31,,G
04/07/2020,21:19:00,FlowVolume,23558.01,,G
04/07/2020,21:20:00,PT Level,5.20,in,G
04/07/2020,21:20:00,Aliquot_Num,16,ali,G
04/07/2020,21:20:00,Flow_cfs,6.26,,G
04/07/2020,21:20:00,Curr_pacing,30000.00,,G
04/07/2020,21:20:00,FlowVolume,23933.72,,G
04/07/2020,21:21:00,PT Level,5.21,in,G
04/07/2020,21:21:00,Flow_cfs,6.29,,G
04/07/2020,21:21:00,FlowVolume,24310.87,,G
04/07/2020,21:22:00,PT Level,5.22,in,G
04/07/2020,21:22:00,Flow_cfs,6.31,,G
04/07/2020,21:22:00,FlowVolume,24689.44,,G
04/07/2020,21:23:00,PT Level,5.20,in,G
04/07/2020,21:23:00,Flow_cfs,6.26,,G
04/07/2020,21:23:00,FlowVolume,25065.15,,G
04/07/2020,21:24:00,PT Level,5.21,in,G
04/07/2020,21:24:00,Flow_cfs,6.29,,G
04/07/2020,21:24:00,FlowVolume,25442.29,,G
04/07/2020,21:25:00,PT Level,5.21,in,G
04/07/2020,21:25:00,Aliquot_Num,16,ali,G
04/07/2020,21:25:00,Flow_cfs,6.29,,G
04/07/2020,21:25:00,Curr_pacing,30000.00,,G
04/07/2020,21:25:00,FlowVolume,25819.44,,G
04/07/2020,21:26:00,PT Level,5.21,in,G
04/07/2020,21:26:00,Flow_cfs,6.29,,G
04/07/2020,21:26:00,FlowVolume,26196.58,,G
04/07/2020,21:27:00,PT Level,5.19,in,G
04/07/2020,21:27:00,Flow_cfs,6.24,,G
04/07/2020,21:27:00,FlowVolume,26570.87,,G
04/07/2020,21:28:00,PT Level,5.21,in,G
04/07/2020,21:28:00,Flow_cfs,6.29,,G
04/07/2020,21:28:00,FlowVolume,26948.01,,G
04/07/2020,21:29:00,PT Level,5.20,in,G
04/07/2020,21:29:00,Flow_cfs,6.26,,G
04/07/2020,21:29:00,FlowVolume,27323.72,,G
04/07/2020,21:30:00,PT Level,5.19,in,G
04/07/2020,21:30:00,Aliquot_Num,16,ali,G
04/07/2020,21:30:00,Flow_cfs,6.24,,G
04/07/2020,21:30:00,Curr_pacing,30000.00,,G
04/07/2020,21:30:00,FlowVolume,27698.01,,G
04/07/2020,21:31:00,PT Level,5.19,in,G
04/07/2020,21:31:00,Flow_cfs,6.24,,G
04/07/2020,21:31:00,FlowVolume,28072.29,,G
04/07/2020,21:32:00,PT Level,5.21,in,G
04/07/2020,21:32:00,Flow_cfs,6.29,,G
04/07/2020,21:32:00,FlowVolume,28449.44,,G
04/07/2020,21:33:00,PT Level,5.20,in,G
04/07/2020,21:33:00,Flow_cfs,6.26,,G
04/07/2020,21:33:00,FlowVolume,28825.15,,G
04/07/2020,21:34:00,PT Level,5.19,in,G
04/07/2020,21:34:00,Flow_cfs,6.24,,G
04/07/2020,21:34:00,FlowVolume,29199.44,,G
04/07/2020,21:35:00,PT Level,5.21,in,G
04/07/2020,21:35:00,Aliquot_Num,16,ali,G
04/07/2020,21:35:00,Flow_cfs,6.29,,G
04/07/2020,21:35:00,Curr_pacing,30000.00,,G
04/07/2020,21:35:00,FlowVolume,29576.58,,G
04/07/2020,21:36:00,PT Level,5.21,in,G
04/07/2020,21:36:00,Flow_cfs,6.29,,G
04/07/2020,21:36:00,FlowVolume,29953.72,,G
04/07/2020,21:37:00,PT Level,5.19,in,G
04/07/2020,21:37:00,Flow_cfs,6.24,,G
04/07/2020,21:37:00,Triggered S,17,,G
04/07/2020,21:37:00,VolumeTrig,30328.01,,G
04/07/2020,21:37:00,FlowVolume,328.01,,G
04/07/2020,21:38:00,PT Level,5.21,in,G
04/07/2020,21:38:00,Flow_cfs,6.29,,G
04/07/2020,21:38:00,FlowVolume,705.15,,G
04/07/2020,21:39:00,PT Level,5.20,in,G
04/07/2020,21:39:00,Flow_cfs,6.26,,G
04/07/2020,21:39:00,FlowVolume,1080.87,,G
04/07/2020,21:40:00,PT Level,5.20,in,G
04/07/2020,21:40:00,Aliquot_Num,17,ali,G
04/07/2020,21:40:00,Flow_cfs,6.26,,G
04/07/2020,21:40:00,Curr_pacing,30000.00,,G
04/07/2020,21:40:00,FlowVolume,1456.58,,G
04/07/2020,21:41:00,PT Level,5.21,in,G
04/07/2020,21:41:00,Flow_cfs,6.29,,G
04/07/2020,21:41:00,FlowVolume,1833.72,,G
04/07/2020,21:42:00,PT Level,5.21,in,G
04/07/2020,21:42:00,Flow_cfs,6.29,,G
04/07/2020,21:42:00,FlowVolume,2210.87,,G
04/07/2020,21:43:00,PT Level,5.20,in,G
04/07/2020,21:43:00,Flow_cfs,6.26,,G
04/07/2020,21:43:00,FlowVolume,2586.58,,G
04/07/2020,21:44:00,PT Level,5.21,in,G
04/07/2020,21:44:00,Flow_cfs,6.29,,G
04/07/2020,21:44:00,FlowVolume,2963.72,,G
04/07/2020,21:45:00,PT Level,5.20,in,G
04/07/2020,21:45:00,Aliquot_Num,17,ali,G
04/07/2020,21:45:00,Flow_cfs,6.26,,G
04/07/2020,21:45:00,Curr_pacing,30000.00,,G
04/07/2020,21:45:00,FlowVolume,3339.44,,G
04/07/2020,21:46:00,PT Level,5.21,in,G
04/07/2020,21:46:00,Flow_cfs,6.29,,G
04/07/2020,21:46:00,FlowVolume,3716.58,,G
04/07/2020,21:47:00,PT Level,5.21,in,G
04/07/2020,21:47:00,Flow_cfs,6.29,,G
04/07/2020,21:47:00,FlowVolume,4093.72,,G
04/07/2020,21:48:00,PT Level,5.21,in,G
04/07/2020,21:48:00,Flow_cfs,6.29,,G
04/07/2020,21:48:00,FlowVolume,4470.87,,G
04/07/2020,21:49:00,PT Level,5.20,in,G
04/07/2020,21:49:00,Flow_cfs,6.26,,G
04/07/2020,21:49:00,FlowVolume,4846.58,,G
04/07/2020,21:50:00,PT Level,5.21,in,G
04/07/2020,21:50:00,Aliquot_Num,17,ali,G
04/07/2020,21:50:00,Flow_cfs,6.29,,G
04/07/2020,21:50:00,Curr_pacing,30000.00,,G
04/07/2020,21:50:00,FlowVolume,5223.72,,G
04/07/2020,21:51:00,PT Level,5.21,in,G
04/07/2020,21:51:00,Flow_cfs,6.29,,G
04/07/2020,21:51:00,FlowVolume,5600.86,,G
04/07/2020,21:52:00,PT Level,5.20,in,G
04/07/2020,21:52:00,Flow_cfs,6.26,,G
04/07/2020,21:52:00,FlowVolume,5976.58,,G
04/07/2020,21:53:00,PT Level,5.20,in,G
04/07/2020,21:53:00,Flow_cfs,6.26,,G
04/07/2020,21:53:00,FlowVolume,6352.29,,G
04/07/2020,21:54:00,PT Level,5.21,in,G
04/07/2020,21:54:00,Flow_cfs,6.29,,G
04/07/2020,21:54:00,FlowVolume,6729.44,,G
04/07/2020,21:55:00,PT Level,5.21,in,G
04/07/2020,21:55:00,Aliquot_Num,17,ali,G
04/07/2020,21:55:00,Flow_cfs,6.29,,G
04/07/2020,21:55:00,Curr_pacing,30000.00,,G
04/07/2020,21:55:00,FlowVolume,7106.58,,G
04/07/2020,21:56:00,PT Level,5.21,in,G
04/07/2020,21:56:00,Flow_cfs,6.29,,G
04/07/2020,21:56:00,FlowVolume,7483.72,,G
04/07/2020,21:57:00,PT Level,5.21,in,G
04/07/2020,21:57:00,Flow_cfs,6.29,,G
04/07/2020,21:57:00,FlowVolume,7860.86,,G
04/07/2020,21:58:00,PT Level,5.21,in,G
04/07/2020,21:58:00,Flow_cfs,6.29,,G
04/07/2020,21:58:00,FlowVolume,8238.01,,G
04/07/2020,21:59:00,PT Level,5.21,in,G
04/07/2020,21:59:00,Flow_cfs,6.29,,G
04/07/2020,21:59:00,FlowVolume,8615.15,,G
04/07/2020,22:00:00,PT Level,5.22,in,G
04/07/2020,22:00:00,Aliquot_Num,17,ali,G
04/07/2020,22:00:00,Flow_cfs,6.31,,G
04/07/2020,22:00:00,Curr_pacing,30000.00,,G
04/07/2020,22:00:00,FlowVolume,8993.72,,G
04/07/2020,22:01:00,PT Level,5.21,in,G
04/07/2020,22:01:00,Flow_cfs,6.29,,G
04/07/2020,22:01:00,FlowVolume,9370.87,,G
04/07/2020,22:02:00,PT Level,5.20,in,G
04/07/2020,22:02:00,Flow_cfs,6.26,,G
04/07/2020,22:02:00,FlowVolume,9746.58,,G
04/07/2020,22:03:00,PT Level,5.20,in,G
04/07/2020,22:03:00,Flow_cfs,6.26,,G
04/07/2020,22:03:00,FlowVolume,10122.29,,G
04/07/2020,22:04:00,PT Level,5.21,in,G
04/07/2020,22:04:00,Flow_cfs,6.29,,G
04/07/2020,22:04:00,FlowVolume,10499.44,,G
04/07/2020,22:05:00,PT Level,5.20,in,G
04/07/2020,22:05:00,Aliquot_Num,17,ali,G
04/07/2020,22:05:00,Flow_cfs,6.26,,G
04/07/2020,22:05:00,Curr_pacing,30000.00,,G
04/07/2020,22:05:00,FlowVolume,10875.15,,G
04/07/2020,22:06:00,PT Level,5.21,in,G
04/07/2020,22:06:00,Flow_cfs,6.29,,G
04/07/2020,22:06:00,FlowVolume,11252.29,,G
04/07/2020,22:07:00,PT Level,5.19,in,G
04/07/2020,22:07:00,Flow_cfs,6.24,,G
04/07/2020,22:07:00,FlowVolume,11626.58,,G
04/07/2020,22:08:00,PT Level,5.19,in,G
04/07/2020,22:08:00,Flow_cfs,6.24,,G
04/07/2020,22:08:00,FlowVolume,12000.86,,G
04/07/2020,22:09:00,PT Level,5.19,in,G
04/07/2020,22:09:00,Flow_cfs,6.24,,G
04/07/2020,22:09:00,FlowVolume,12375.15,,G
04/07/2020,22:10:00,PT Level,5.19,in,G
04/07/2020,22:10:00,Aliquot_Num,17,ali,G
04/07/2020,22:10:00,Flow_cfs,6.24,,G
04/07/2020,22:10:00,Curr_pacing,30000.00,,G
04/07/2020,22:10:00,FlowVolume,12749.44,,G
04/07/2020,22:11:00,PT Level,5.18,in,G
04/07/2020,22:11:00,Flow_cfs,6.21,,G
04/07/2020,22:11:00,FlowVolume,13122.29,,G
04/07/2020,22:12:00,PT Level,5.19,in,G
04/07/2020,22:12:00,Flow_cfs,6.24,,G
04/07/2020,22:12:00,FlowVolume,13496.58,,G
04/07/2020,22:13:00,PT Level,5.19,in,G
04/07/2020,22:13:00,Flow_cfs,6.24,,G
04/07/2020,22:13:00,FlowVolume,13870.86,,G
04/07/2020,22:14:00,PT Level,5.21,in,G
04/07/2020,22:14:00,Flow_cfs,6.29,,G
04/07/2020,22:14:00,FlowVolume,14248.01,,G
04/07/2020,22:15:00,PT Level,5.18,in,G
04/07/2020,22:15:00,Aliquot_Num,17,ali,G
04/07/2020,22:15:00,Flow_cfs,6.21,,G
04/07/2020,22:15:00,Curr_pacing,30000.00,,G
04/07/2020,22:15:00,FlowVolume,14620.86,,G
04/07/2020,22:16:00,PT Level,5.18,in,G
04/07/2020,22:16:00,Flow_cfs,6.21,,G
04/07/2020,22:16:00,FlowVolume,14993.72,,G
04/07/2020,22:17:00,PT Level,5.20,in,G
04/07/2020,22:17:00,Flow_cfs,6.26,,G
04/07/2020,22:17:00,FlowVolume,15369.44,,G
04/07/2020,22:18:00,PT Level,5.17,in,G
04/07/2020,22:18:00,Flow_cfs,6.19,,G
04/07/2020,22:18:00,FlowVolume,15740.86,,G
04/07/2020,22:19:00,PT Level,5.16,in,G
04/07/2020,22:19:00,Flow_cfs,6.17,,G
04/07/2020,22:19:00,FlowVolume,16110.86,,G
04/07/2020,22:20:00,PT Level,5.18,in,G
04/07/2020,22:20:00,Aliquot_Num,17,ali,G
04/07/2020,22:20:00,Flow_cfs,6.21,,G
04/07/2020,22:20:00,Curr_pacing,30000.00,,G
04/07/2020,22:20:00,FlowVolume,16483.72,,G
04/07/2020,22:21:00,PT Level,5.17,in,G
04/07/2020,22:21:00,Flow_cfs,6.19,,G
04/07/2020,22:21:00,FlowVolume,16855.15,,G
04/07/2020,22:22:00,PT Level,5.18,in,G
04/07/2020,22:22:00,Flow_cfs,6.21,,G
04/07/2020,22:22:00,FlowVolume,17228.01,,G
04/07/2020,22:23:00,PT Level,5.18,in,G
04/07/2020,22:23:00,Flow_cfs,6.21,,G
04/07/2020,22:23:00,FlowVolume,17600.86,,G
04/07/2020,22:24:00,PT Level,5.18,in,G
04/07/2020,22:24:00,Flow_cfs,6.21,,G
04/07/2020,22:24:00,FlowVolume,17973.72,,G
04/07/2020,22:25:00,PT Level,5.19,in,G
04/07/2020,22:25:00,Aliquot_Num,17,ali,G
04/07/2020,22:25:00,Flow_cfs,6.24,,G
04/07/2020,22:25:00,Curr_pacing,30000.00,,G
04/07/2020,22:25:00,FlowVolume,18348.01,,G
04/07/2020,22:26:00,PT Level,5.18,in,G
04/07/2020,22:26:00,Flow_cfs,6.21,,G
04/07/2020,22:26:00,FlowVolume,18720.86,,G
04/07/2020,22:27:00,PT Level,5.18,in,G
04/07/2020,22:27:00,Flow_cfs,6.21,,G
04/07/2020,22:27:00,FlowVolume,19093.72,,G
04/07/2020,22:28:00,PT Level,5.17,in,G
04/07/2020,22:28:00,Flow_cfs,6.19,,G
04/07/2020,22:28:00,FlowVolume,19465.15,,G
04/07/2020,22:29:00,PT Level,5.17,in,G
04/07/2020,22:29:00,Flow_cfs,6.19,,G
04/07/2020,22:29:00,FlowVolume,19836.58,,G
04/07/2020,22:30:00,PT Level,5.17,in,G
04/07/2020,22:30:00,Aliquot_Num,17,ali,G
04/07/2020,22:30:00,Flow_cfs,6.19,,G
04/07/2020,22:30:00,Curr_pacing,30000.00,,G
04/07/2020,22:30:00,FlowVolume,20208.01,,G
04/07/2020,22:31:00,PT Level,5.18,in,G
04/07/2020,22:31:00,Flow_cfs,6.21,,G
04/07/2020,22:31:00,FlowVolume,20580.86,,G
04/07/2020,22:32:00,PT Level,5.17,in,G
04/07/2020,22:32:00,Flow_cfs,6.19,,G
04/07/2020,22:32:00,FlowVolume,20952.29,,G
04/07/2020,22:33:00,PT Level,5.17,in,G
04/07/2020,22:33:00,Flow_cfs,6.19,,G
04/07/2020,22:33:00,FlowVolume,21323.72,,G
04/07/2020,22:34:00,PT Level,5.16,in,G
04/07/2020,22:34:00,Flow_cfs,6.17,,G
04/07/2020,22:34:00,FlowVolume,21693.72,,G
04/07/2020,22:35:00,PT Level,5.17,in,G
04/07/2020,22:35:00,Aliquot_Num,17,ali,G
04/07/2020,22:35:00,Flow_cfs,6.19,,G
04/07/2020,22:35:00,Curr_pacing,30000.00,,G
04/07/2020,22:35:00,FlowVolume,22065.15,,G
04/07/2020,22:36:00,PT Level,5.17,in,G
04/07/2020,22:36:00,Flow_cfs,6.19,,G
04/07/2020,22:36:00,FlowVolume,22436.58,,G
04/07/2020,22:37:00,PT Level,5.16,in,G
04/07/2020,22:37:00,Flow_cfs,6.17,,G
04/07/2020,22:37:00,FlowVolume,22806.58,,G
04/07/2020,22:38:00,PT Level,5.16,in,G
04/07/2020,22:38:00,Flow_cfs,6.17,,G
04/07/2020,22:38:00,FlowVolume,23176.58,,G
04/07/2020,22:39:00,PT Level,5.16,in,G
04/07/2020,22:39:00,Flow_cfs,6.17,,G
04/07/2020,22:39:00,FlowVolume,23546.58,,G
04/07/2020,22:40:00,PT Level,5.16,in,G
04/07/2020,22:40:00,Aliquot_Num,17,ali,G
04/07/2020,22:40:00,Flow_cfs,6.17,,G
04/07/2020,22:40:00,Curr_pacing,30000.00,,G
04/07/2020,22:40:00,FlowVolume,23916.58,,G
04/07/2020,22:41:00,PT Level,5.15,in,G
04/07/2020,22:41:00,Flow_cfs,6.14,,G
04/07/2020,22:41:00,FlowVolume,24285.15,,G
04/07/2020,22:42:00,PT Level,5.15,in,G
04/07/2020,22:42:00,Flow_cfs,6.14,,G
04/07/2020,22:42:00,FlowVolume,24653.72,,G
04/07/2020,22:43:00,PT Level,5.16,in,G
04/07/2020,22:43:00,Flow_cfs,6.17,,G
04/07/2020,22:43:00,FlowVolume,25023.72,,G
04/07/2020,22:44:00,PT Level,5.15,in,G
04/07/2020,22:44:00,Flow_cfs,6.14,,G
04/07/2020,22:44:00,FlowVolume,25392.29,,G
04/07/2020,22:45:00,PT Level,5.16,in,G
04/07/2020,22:45:00,Aliquot_Num,17,ali,G
04/07/2020,22:45:00,Flow_cfs,6.17,,G
04/07/2020,22:45:00,Curr_pacing,30000.00,,G
04/07/2020,22:45:00,FlowVolume,25762.29,,G
04/07/2020,22:46:00,PT Level,5.14,in,G
04/07/2020,22:46:00,Flow_cfs,6.12,,G
04/07/2020,22:46:00,FlowVolume,26129.44,,G
04/07/2020,22:47:00,PT Level,5.16,in,G
04/07/2020,22:47:00,Flow_cfs,6.17,,G
04/07/2020,22:47:00,FlowVolume,26499.44,,G
04/07/2020,22:48:00,PT Level,5.16,in,G
04/07/2020,22:48:00,Flow_cfs,6.17,,G
04/07/2020,22:48:00,FlowVolume,26869.44,,G
04/07/2020,22:49:00,PT Level,5.14,in,G
04/07/2020,22:49:00,Flow_cfs,6.12,,G
04/07/2020,22:49:00,FlowVolume,27236.58,,G
04/07/2020,22:50:00,PT Level,5.16,in,G
04/07/2020,22:50:00,Aliquot_Num,17,ali,G
04/07/2020,22:50:00,Flow_cfs,6.17,,G
04/07/2020,22:50:00,Curr_pacing,30000.00,,G
04/07/2020,22:50:00,FlowVolume,27606.58,,G
04/07/2020,22:51:00,PT Level,5.16,in,G
04/07/2020,22:51:00,Flow_cfs,6.17,,G
04/07/2020,22:51:00,FlowVolume,27976.58,,G
04/07/2020,22:52:00,PT Level,5.16,in,G
04/07/2020,22:52:00,Flow_cfs,6.17,,G
04/07/2020,22:52:00,FlowVolume,28346.58,,G
04/07/2020,22:53:00,PT Level,5.16,in,G
04/07/2020,22:53:00,Flow_cfs,6.17,,G
04/07/2020,22:53:00,FlowVolume,28716.58,,G
04/07/2020,22:54:00,PT Level,5.16,in,G
04/07/2020,22:54:00,Flow_cfs,6.17,,G
04/07/2020,22:54:00,FlowVolume,29086.58,,G
04/07/2020,22:55:00,PT Level,5.16,in,G
04/07/2020,22:55:00,Aliquot_Num,17,ali,G
04/07/2020,22:55:00,Flow_cfs,6.17,,G
04/07/2020,22:55:00,Curr_pacing,30000.00,,G
04/07/2020,22:55:00,FlowVolume,29456.58,,G
04/07/2020,22:56:00,PT Level,5.15,in,G
04/07/2020,22:56:00,Flow_cfs,6.14,,G
04/07/2020,22:56:00,FlowVolume,29825.15,,G
04/07/2020,22:57:00,PT Level,5.15,in,G
04/07/2020,22:57:00,Flow_cfs,6.14,,G
04/07/2020,22:57:00,Triggered S,18,,G
04/07/2020,22:57:00,VolumeTrig,30193.72,,G
04/07/2020,22:57:00,FlowVolume,193.72,,G
04/07/2020,22:58:00,PT Level,5.16,in,G
04/07/2020,22:58:00,Flow_cfs,6.17,,G
04/07/2020,22:58:00,FlowVolume,563.72,,G
04/07/2020,22:59:00,PT Level,5.15,in,G
04/07/2020,22:59:00,Flow_cfs,6.14,,G
04/07/2020,22:59:00,FlowVolume,932.29,,G
04/07/2020,23:00:00,PT Level,5.16,in,G
04/07/2020,23:00:00,Aliquot_Num,18,ali,G
04/07/2020,23:00:00,Flow_cfs,6.17,,G
04/07/2020,23:00:00,Curr_pacing,30000.00,,G
04/07/2020,23:00:00,FlowVolume,1302.29,,G
04/07/2020,23:01:00,PT Level,5.14,in,G
04/07/2020,23:01:00,Flow_cfs,6.12,,G
04/07/2020,23:01:00,FlowVolume,1669.44,,G
04/07/2020,23:02:00,PT Level,5.14,in,G
04/07/2020,23:02:00,Flow_cfs,6.12,,G
04/07/2020,23:02:00,FlowVolume,2036.58,,G
04/07/2020,23:03:00,PT Level,5.14,in,G
04/07/2020,23:03:00,Flow_cfs,6.12,,G
04/07/2020,23:03:00,FlowVolume,2403.72,,G
04/07/2020,23:04:00,PT Level,5.14,in,G
04/07/2020,23:04:00,Flow_cfs,6.12,,G
04/07/2020,23:04:00,FlowVolume,2770.86,,G
04/07/2020,23:05:00,PT Level,5.16,in,G
04/07/2020,23:05:00,Aliquot_Num,18,ali,G
04/07/2020,23:05:00,Flow_cfs,6.17,,G
04/07/2020,23:05:00,Curr_pacing,30000.00,,G
04/07/2020,23:05:00,FlowVolume,3140.86,,G
04/07/2020,23:06:00,PT Level,5.16,in,G
04/07/2020,23:06:00,Flow_cfs,6.17,,G
04/07/2020,23:06:00,FlowVolume,3510.86,,G
04/07/2020,23:07:00,PT Level,5.16,in,G
04/07/2020,23:07:00,Flow_cfs,6.17,,G
04/07/2020,23:07:00,FlowVolume,3880.86,,G
04/07/2020,23:08:00,PT Level,5.16,in,G
04/07/2020,23:08:00,Flow_cfs,6.17,,G
04/07/2020,23:08:00,FlowVolume,4250.86,,G
04/07/2020,23:09:00,PT Level,5.14,in,G
04/07/2020,23:09:00,Flow_cfs,6.12,,G
04/07/2020,23:09:00,FlowVolume,4618.01,,G
04/07/2020,23:10:00,PT Level,5.16,in,G
04/07/2020,23:10:00,Aliquot_Num,18,ali,G
04/07/2020,23:10:00,Flow_cfs,6.17,,G
04/07/2020,23:10:00,Curr_pacing,30000.00,,G
04/07/2020,23:10:00,FlowVolume,4988.01,,G
04/07/2020,23:11:00,PT Level,5.14,in,G
04/07/2020,23:11:00,Flow_cfs,6.12,,G
04/07/2020,23:11:00,FlowVolume,5355.15,,G
04/07/2020,23:12:00,PT Level,5.16,in,G
04/07/2020,23:12:00,Flow_cfs,6.17,,G
04/07/2020,23:12:00,FlowVolume,5725.15,,G
04/07/2020,23:13:00,PT Level,5.16,in,G
04/07/2020,23:13:00,Flow_cfs,6.17,,G
04/07/2020,23:13:00,FlowVolume,6095.15,,G
04/07/2020,23:14:00,PT Level,5.13,in,G
04/07/2020,23:14:00,Flow_cfs,6.10,,G
04/07/2020,23:14:00,FlowVolume,6460.86,,G
04/07/2020,23:15:00,PT Level,5.16,in,G
04/07/2020,23:15:00,Aliquot_Num,18,ali,G
04/07/2020,23:15:00,Flow_cfs,6.17,,G
04/07/2020,23:15:00,Curr_pacing,30000.00,,G
04/07/2020,23:15:00,FlowVolume,6830.86,,G
04/07/2020,23:16:00,PT Level,5.16,in,G
04/07/2020,23:16:00,Flow_cfs,6.17,,G
04/07/2020,23:16:00,FlowVolume,7200.86,,G
04/07/2020,23:17:00,PT Level,5.14,in,G
04/07/2020,23:17:00,Flow_cfs,6.12,,G
04/07/2020,23:17:00,FlowVolume,7568.01,,G
04/07/2020,23:18:00,PT Level,5.16,in,G
04/07/2020,23:18:00,Flow_cfs,6.17,,G
04/07/2020,23:18:00,FlowVolume,7938.01,,G
04/07/2020,23:19:00,PT Level,5.16,in,G
04/07/2020,23:19:00,Flow_cfs,6.17,,G
04/07/2020,23:19:00,FlowVolume,8308.01,,G
04/07/2020,23:20:00,PT Level,5.16,in,G
04/07/2020,23:20:00,Aliquot_Num,18,ali,G
04/07/2020,23:20:00,Flow_cfs,6.17,,G
04/07/2020,23:20:00,Curr_pacing,30000.00,,G
04/07/2020,23:20:00,FlowVolume,8678.01,,G
04/07/2020,23:21:00,PT Level,5.15,in,G
04/07/2020,23:21:00,Flow_cfs,6.14,,G
04/07/2020,23:21:00,FlowVolume,9046.58,,G
04/07/2020,23:22:00,PT Level,5.16,in,G
04/07/2020,23:22:00,Flow_cfs,6.17,,G
04/07/2020,23:22:00,FlowVolume,9416.58,,G
04/07/2020,23:23:00,PT Level,5.15,in,G
04/07/2020,23:23:00,Flow_cfs,6.14,,G
04/07/2020,23:23:00,FlowVolume,9785.15,,G
04/07/2020,23:24:00,PT Level,5.16,in,G
04/07/2020,23:24:00,Flow_cfs,6.17,,G
04/07/2020,23:24:00,FlowVolume,10155.15,,G
04/07/2020,23:25:00,PT Level,5.14,in,G
04/07/2020,23:25:00,Aliquot_Num,18,ali,G
04/07/2020,23:25:00,Flow_cfs,6.12,,G
04/07/2020,23:25:00,Curr_pacing,30000.00,,G
04/07/2020,23:25:00,FlowVolume,10522.29,,G
04/07/2020,23:26:00,PT Level,5.16,in,G
04/07/2020,23:26:00,Flow_cfs,6.17,,G
04/07/2020,23:26:00,FlowVolume,10892.29,,G
04/07/2020,23:27:00,PT Level,5.14,in,G
04/07/2020,23:27:00,Flow_cfs,6.12,,G
04/07/2020,23:27:00,FlowVolume,11259.44,,G
04/07/2020,23:28:00,PT Level,5.14,in,G
04/07/2020,23:28:00,Flow_cfs,6.12,,G
04/07/2020,23:28:00,FlowVolume,11626.58,,G
04/07/2020,23:29:00,PT Level,5.14,in,G
04/07/2020,23:29:00,Flow_cfs,6.12,,G
04/07/2020,23:29:00,FlowVolume,11993.72,,G
04/07/2020,23:30:00,PT Level,5.15,in,G
04/07/2020,23:30:00,Aliquot_Num,18,ali,G
04/07/2020,23:30:00,Flow_cfs,6.14,,G
04/07/2020,23:30:00,Curr_pacing,30000.00,,G
04/07/2020,23:30:00,FlowVolume,12362.29,,G
04/07/2020,23:31:00,PT Level,5.14,in,G
04/07/2020,23:31:00,Flow_cfs,6.12,,G
04/07/2020,23:31:00,FlowVolume,12729.44,,G
04/07/2020,23:32:00,PT Level,5.16,in,G
04/07/2020,23:32:00,Flow_cfs,6.17,,G
04/07/2020,23:32:00,FlowVolume,13099.44,,G
04/07/2020,23:33:00,PT Level,5.16,in,G
04/07/2020,23:33:00,Flow_cfs,6.17,,G
04/07/2020,23:33:00,FlowVolume,13469.44,,G
04/07/2020,23:34:00,PT Level,5.17,in,G
04/07/2020,23:34:00,Flow_cfs,6.19,,G
04/07/2020,23:34:00,FlowVolume,13840.86,,G
04/07/2020,23:35:00,PT Level,5.15,in,G
04/07/2020,23:35:00,Aliquot_Num,18,ali,G
04/07/2020,23:35:00,Flow_cfs,6.14,,G
04/07/2020,23:35:00,Curr_pacing,30000.00,,G
04/07/2020,23:35:00,FlowVolume,14209.44,,G
04/07/2020,23:36:00,PT Level,5.16,in,G
04/07/2020,23:36:00,Flow_cfs,6.17,,G
04/07/2020,23:36:00,FlowVolume,14579.44,,G
04/07/2020,23:37:00,PT Level,5.16,in,G
04/07/2020,23:37:00,Flow_cfs,6.17,,G
04/07/2020,23:37:00,FlowVolume,14949.44,,G
04/07/2020,23:38:00,PT Level,5.15,in,G
04/07/2020,23:38:00,Flow_cfs,6.14,,G
04/07/2020,23:38:00,FlowVolume,15318.01,,G
04/07/2020,23:39:00,PT Level,5.16,in,G
04/07/2020,23:39:00,Flow_cfs,6.17,,G
04/07/2020,23:39:00,FlowVolume,15688.01,,G
04/07/2020,23:40:00,PT Level,5.11,in,G
04/07/2020,23:40:00,Aliquot_Num,18,ali,G
04/07/2020,23:40:00,Flow_cfs,6.05,,G
04/07/2020,23:40:00,Curr_pacing,30000.00,,G
04/07/2020,23:40:00,FlowVolume,16050.86,,G
04/07/2020,23:41:00,PT Level,5.14,in,G
04/07/2020,23:41:00,Flow_cfs,6.12,,G
04/07/2020,23:41:00,FlowVolume,16418.01,,G
04/07/2020,23:42:00,PT Level,5.16,in,G
04/07/2020,23:42:00,Flow_cfs,6.17,,G
04/07/2020,23:42:00,FlowVolume,16788.01,,G
04/07/2020,23:43:00,PT Level,5.15,in,G
04/07/2020,23:43:00,Flow_cfs,6.14,,G
04/07/2020,23:43:00,FlowVolume,17156.58,,G
04/07/2020,23:44:00,PT Level,5.16,in,G
04/07/2020,23:44:00,Flow_cfs,6.17,,G
04/07/2020,23:44:00,FlowVolume,17526.58,,G
04/07/2020,23:45:00,PT Level,5.14,in,G
04/07/2020,23:45:00,Aliquot_Num,18,ali,G
04/07/2020,23:45:00,Flow_cfs,6.12,,G
04/07/2020,23:45:00,Curr_pacing,30000.00,,G
04/07/2020,23:45:00,FlowVolume,17893.72,,G
04/07/2020,23:46:00,PT Level,5.14,in,G
04/07/2020,23:46:00,Flow_cfs,6.12,,G
04/07/2020,23:46:00,FlowVolume,18260.86,,G
04/07/2020,23:47:00,PT Level,5.15,in,G
04/07/2020,23:47:00,Flow_cfs,6.14,,G
04/07/2020,23:47:00,FlowVolume,18629.44,,G
04/07/2020,23:48:00,PT Level,5.14,in,G
04/07/2020,23:48:00,Flow_cfs,6.12,,G
04/07/2020,23:48:00,FlowVolume,18996.58,,G
04/07/2020,23:49:00,PT Level,5.16,in,G
04/07/2020,23:49:00,Flow_cfs,6.17,,G
04/07/2020,23:49:00,FlowVolume,19366.58,,G
04/07/2020,23:50:00,PT Level,5.16,in,G
04/07/2020,23:50:00,Aliquot_Num,18,ali,G
04/07/2020,23:50:00,Flow_cfs,6.17,,G
04/07/2020,23:50:00,Curr_pacing,30000.00,,G
04/07/2020,23:50:00,FlowVolume,19736.58,,G
04/07/2020,23:51:00,PT Level,5.15,in,G
04/07/2020,23:51:00,Flow_cfs,6.14,,G
04/07/2020,23:51:00,FlowVolume,20105.15,,G
04/07/2020,23:52:00,PT Level,5.12,in,G
04/07/2020,23:52:00,Flow_cfs,6.07,,G
04/07/2020,23:52:00,FlowVolume,20469.44,,G
04/07/2020,23:53:00,PT Level,5.14,in,G
04/07/2020,23:53:00,Flow_cfs,6.12,,G
04/07/2020,23:53:00,FlowVolume,20836.58,,G
04/07/2020,23:54:00,PT Level,5.16,in,G
04/07/2020,23:54:00,Flow_cfs,6.17,,G
04/07/2020,23:54:00,FlowVolume,21206.58,,G
04/07/2020,23:55:00,PT Level,5.16,in,G
04/07/2020,23:55:00,Aliquot_Num,18,ali,G
04/07/2020,23:55:00,Flow_cfs,6.17,,G
04/07/2020,23:55:00,Curr_pacing,30000.00,,G
04/07/2020,23:55:00,FlowVolume,21576.58,,G
04/07/2020,23:56:00,PT Level,5.16,in,G
04/07/2020,23:56:00,Flow_cfs,6.17,,G
04/07/2020,23:56:00,FlowVolume,21946.58,,G
04/07/2020,23:57:00,PT Level,5.14,in,G
04/07/2020,23:57:00,Flow_cfs,6.12,,G
04/07/2020,23:57:00,FlowVolume,22313.72,,G
04/07/2020,23:58:00,PT Level,5.13,in,G
04/07/2020,23:58:00,Flow_cfs,6.10,,G
04/07/2020,23:58:00,FlowVolume,22679.44,,G
04/07/2020,23:59:00,PT Level,5.14,in,G
04/07/2020,23:59:00,Flow_cfs,6.12,,G
04/07/2020,23:59:00,FlowVolume,23046.58,,G
04/08/2020,00:00:00,PT Level,5.14,in,G
04/08/2020,00:00:00,Aliquot_Num,18,ali,G
04/08/2020,00:00:00,Flow_cfs,6.12,,G
04/08/2020,00:00:00,Curr_pacing,30000.00,,G
04/08/2020,00:00:00,FlowVolume,23413.72,,G
04/08/2020,00:01:00,PT Level,5.14,in,G
04/08/2020,00:01:00,Flow_cfs,6.12,,G
04/08/2020,00:01:00,FlowVolume,23780.86,,G
04/08/2020,00:02:00,PT Level,5.13,in,G
04/08/2020,00:02:00,Flow_cfs,6.10,,G
04/08/2020,00:02:00,FlowVolume,24146.58,,G
04/08/2020,00:03:00,PT Level,5.13,in,G
04/08/2020,00:03:00,Flow_cfs,6.10,,G
04/08/2020,00:03:00,FlowVolume,24512.29,,G
04/08/2020,00:04:00,PT Level,5.13,in,G
04/08/2020,00:04:00,Flow_cfs,6.10,,G
04/08/2020,00:04:00,FlowVolume,24878.01,,G
04/08/2020,00:05:00,PT Level,5.14,in,G
04/08/2020,00:05:00,Aliquot_Num,18,ali,G
04/08/2020,00:05:00,Flow_cfs,6.12,,G
04/08/2020,00:05:00,Curr_pacing,30000.00,,G
04/08/2020,00:05:00,FlowVolume,25245.15,,G
04/08/2020,00:06:00,PT Level,5.14,in,G
04/08/2020,00:06:00,Flow_cfs,6.12,,G
04/08/2020,00:06:00,FlowVolume,25612.29,,G
04/08/2020,00:07:00,PT Level,5.14,in,G
04/08/2020,00:07:00,Flow_cfs,6.12,,G
04/08/2020,00:07:00,FlowVolume,25979.44,,G
04/08/2020,00:08:00,PT Level,5.14,in,G
04/08/2020,00:08:00,Flow_cfs,6.12,,G
04/08/2020,00:08:00,FlowVolume,26346.58,,G
04/08/2020,00:09:00,PT Level,5.13,in,G
04/08/2020,00:09:00,Flow_cfs,6.10,,G
04/08/2020,00:09:00,FlowVolume,26712.29,,G
04/08/2020,00:10:00,PT Level,5.12,in,G
04/08/2020,00:10:00,Aliquot_Num,18,ali,G
04/08/2020,00:10:00,Flow_cfs,6.07,,G
04/08/2020,00:10:00,Curr_pacing,30000.00,,G
04/08/2020,00:10:00,FlowVolume,27076.58,,G
04/08/2020,00:11:00,PT Level,5.13,in,G
04/08/2020,00:11:00,Flow_cfs,6.10,,G
04/08/2020,00:11:00,FlowVolume,27442.29,,G
04/08/2020,00:12:00,PT Level,5.13,in,G
04/08/2020,00:12:00,Flow_cfs,6.10,,G
04/08/2020,00:12:00,FlowVolume,27808.01,,G
04/08/2020,00:13:00,PT Level,5.13,in,G
04/08/2020,00:13:00,Flow_cfs,6.10,,G
04/08/2020,00:13:00,FlowVolume,28173.72,,G
04/08/2020,00:14:00,PT Level,5.13,in,G
04/08/2020,00:14:00,Flow_cfs,6.10,,G
04/08/2020,00:14:00,FlowVolume,28539.44,,G
04/08/2020,00:15:00,PT Level,5.11,in,G
04/08/2020,00:15:00,Aliquot_Num,18,ali,G
04/08/2020,00:15:00,Flow_cfs,6.05,,G
04/08/2020,00:15:00,Curr_pacing,30000.00,,G
04/08/2020,00:15:00,FlowVolume,28902.29,,G
04/08/2020,00:16:00,PT Level,5.13,in,G
04/08/2020,00:16:00,Flow_cfs,6.10,,G
04/08/2020,00:16:00,FlowVolume,29268.01,,G
04/08/2020,00:17:00,PT Level,5.13,in,G
04/08/2020,00:17:00,Flow_cfs,6.10,,G
04/08/2020,00:17:00,FlowVolume,29633.72,,G
04/08/2020,00:18:00,PT Level,5.13,in,G
04/08/2020,00:18:00,Flow_cfs,6.10,,G
04/08/2020,00:18:00,FlowVolume,29999.44,,G
04/08/2020,00:19:00,PT Level,5.13,in,G
04/08/2020,00:19:00,Flow_cfs,6.10,,G
04/08/2020,00:19:00,Triggered S,19,,G
04/08/2020,00:19:00,VolumeTrig,30365.15,,G
04/08/2020,00:19:00,FlowVolume,365.15,,G
04/08/2020,00:20:00,PT Level,5.13,in,G
04/08/2020,00:20:00,Aliquot_Num,19,ali,G
04/08/2020,00:20:00,Flow_cfs,6.10,,G
04/08/2020,00:20:00,Curr_pacing,30000.00,,G
04/08/2020,00:20:00,FlowVolume,730.86,,G
04/08/2020,00:21:00,PT Level,5.13,in,G
04/08/2020,00:21:00,Flow_cfs,6.10,,G
04/08/2020,00:21:00,FlowVolume,1096.58,,G
04/08/2020,00:22:00,PT Level,5.13,in,G
04/08/2020,00:22:00,Flow_cfs,6.10,,G
04/08/2020,00:22:00,FlowVolume,1462.29,,G
04/08/2020,00:23:00,PT Level,5.14,in,G
04/08/2020,00:23:00,Flow_cfs,6.12,,G
04/08/2020,00:23:00,FlowVolume,1829.44,,G
04/08/2020,00:24:00,PT Level,5.13,in,G
04/08/2020,00:24:00,Flow_cfs,6.10,,G
04/08/2020,00:24:00,FlowVolume,2195.15,,G
04/08/2020,00:25:00,PT Level,5.13,in,G
04/08/2020,00:25:00,Aliquot_Num,19,ali,G
04/08/2020,00:25:00,Flow_cfs,6.10,,G
04/08/2020,00:25:00,Curr_pacing,30000.00,,G
04/08/2020,00:25:00,FlowVolume,2560.86,,G
04/08/2020,00:26:00,PT Level,5.14,in,G
04/08/2020,00:26:00,Flow_cfs,6.12,,G
04/08/2020,00:26:00,FlowVolume,2928.01,,G
04/08/2020,00:27:00,PT Level,5.13,in,G
04/08/2020,00:27:00,Flow_cfs,6.10,,G
04/08/2020,00:27:00,FlowVolume,3293.72,,G
04/08/2020,00:28:00,PT Level,5.13,in,G
04/08/2020,00:28:00,Flow_cfs,6.10,,G
04/08/2020,00:28:00,FlowVolume,3659.44,,G
04/08/2020,00:29:00,PT Level,5.13,in,G
04/08/2020,00:29:00,Flow_cfs,6.10,,G
04/08/2020,00:29:00,FlowVolume,4025.15,,G
04/08/2020,00:30:00,PT Level,5.13,in,G
04/08/2020,00:30:00,Aliquot_Num,19,ali,G
04/08/2020,00:30:00,Flow_cfs,6.10,,G
04/08/2020,00:30:00,Curr_pacing,30000.00,,G
04/08/2020,00:30:00,FlowVolume,4390.86,,G
04/08/2020,00:31:00,PT Level,5.13,in,G
04/08/2020,00:31:00,Flow_cfs,6.10,,G
04/08/2020,00:31:00,FlowVolume,4756.58,,G
04/08/2020,00:32:00,PT Level,5.13,in,G
04/08/2020,00:32:00,Flow_cfs,6.10,,G
04/08/2020,00:32:00,FlowVolume,5122.29,,G
04/08/2020,00:33:00,PT Level,5.13,in,G
04/08/2020,00:33:00,Flow_cfs,6.10,,G
04/08/2020,00:33:00,FlowVolume,5488.01,,G
04/08/2020,00:34:00,PT Level,5.12,in,G
04/08/2020,00:34:00,Flow_cfs,6.07,,G
04/08/2020,00:34:00,FlowVolume,5852.29,,G
04/08/2020,00:35:00,PT Level,5.14,in,G
04/08/2020,00:35:00,Aliquot_Num,19,ali,G
04/08/2020,00:35:00,Flow_cfs,6.12,,G
04/08/2020,00:35:00,Curr_pacing,30000.00,,G
04/08/2020,00:35:00,FlowVolume,6219.44,,G
04/08/2020,00:36:00,PT Level,5.13,in,G
04/08/2020,00:36:00,Flow_cfs,6.10,,G
04/08/2020,00:36:00,FlowVolume,6585.15,,G
04/08/2020,00:37:00,PT Level,5.13,in,G
04/08/2020,00:37:00,Flow_cfs,6.10,,G
04/08/2020,00:37:00,FlowVolume,6950.87,,G
04/08/2020,00:38:00,PT Level,5.11,in,G
04/08/2020,00:38:00,Flow_cfs,6.05,,G
04/08/2020,00:38:00,FlowVolume,7313.72,,G
04/08/2020,00:39:00,PT Level,5.14,in,G
04/08/2020,00:39:00,Flow_cfs,6.12,,G
04/08/2020,00:39:00,FlowVolume,7680.87,,G
04/08/2020,00:40:00,PT Level,5.13,in,G
04/08/2020,00:40:00,Aliquot_Num,19,ali,G
04/08/2020,00:40:00,Flow_cfs,6.10,,G
04/08/2020,00:40:00,Curr_pacing,30000.00,,G
04/08/2020,00:40:00,FlowVolume,8046.58,,G
04/08/2020,00:41:00,PT Level,5.12,in,G
04/08/2020,00:41:00,Flow_cfs,6.07,,G
04/08/2020,00:41:00,FlowVolume,8410.87,,G
04/08/2020,00:42:00,PT Level,5.12,in,G
04/08/2020,00:42:00,Flow_cfs,6.07,,G
04/08/2020,00:42:00,FlowVolume,8775.15,,G
04/08/2020,00:43:00,PT Level,5.13,in,G
04/08/2020,00:43:00,Flow_cfs,6.10,,G
04/08/2020,00:43:00,FlowVolume,9140.87,,G
04/08/2020,00:44:00,PT Level,5.13,in,G
04/08/2020,00:44:00,Flow_cfs,6.10,,G
04/08/2020,00:44:00,FlowVolume,9506.58,,G
04/08/2020,00:45:00,PT Level,5.13,in,G
04/08/2020,00:45:00,Aliquot_Num,19,ali,G
04/08/2020,00:45:00,Flow_cfs,6.10,,G
04/08/2020,00:45:00,Curr_pacing,30000.00,,G
04/08/2020,00:45:00,FlowVolume,9872.29,,G
04/08/2020,00:46:00,PT Level,5.13,in,G
04/08/2020,00:46:00,Flow_cfs,6.10,,G
04/08/2020,00:46:00,FlowVolume,10238.01,,G
04/08/2020,00:47:00,PT Level,5.12,in,G
04/08/2020,00:47:00,Flow_cfs,6.07,,G
04/08/2020,00:47:00,FlowVolume,10602.29,,G
04/08/2020,00:48:00,PT Level,5.12,in,G
04/08/2020,00:48:00,Flow_cfs,6.07,,G
04/08/2020,00:48:00,FlowVolume,10966.58,,G
04/08/2020,00:49:00,PT Level,5.11,in,G
04/08/2020,00:49:00,Flow_cfs,6.05,,G
04/08/2020,00:49:00,FlowVolume,11329.44,,G
04/08/2020,00:50:00,PT Level,5.11,in,G
04/08/2020,00:50:00,Aliquot_Num,19,ali,G
04/08/2020,00:50:00,Flow_cfs,6.05,,G
04/08/2020,00:50:00,Curr_pacing,30000.00,,G
04/08/2020,00:50:00,FlowVolume,11692.29,,G
04/08/2020,00:51:00,PT Level,5.10,in,G
04/08/2020,00:51:00,Flow_cfs,6.02,,G
04/08/2020,00:51:00,FlowVolume,12053.72,,G
04/08/2020,00:52:00,PT Level,5.13,in,G
04/08/2020,00:52:00,Flow_cfs,6.10,,G
04/08/2020,00:52:00,FlowVolume,12419.44,,G
04/08/2020,00:53:00,PT Level,5.11,in,G
04/08/2020,00:53:00,Flow_cfs,6.05,,G
04/08/2020,00:53:00,FlowVolume,12782.29,,G
04/08/2020,00:54:00,PT Level,5.11,in,G
04/08/2020,00:54:00,Flow_cfs,6.05,,G
04/08/2020,00:54:00,FlowVolume,13145.15,,G
04/08/2020,00:55:00,PT Level,5.10,in,G
04/08/2020,00:55:00,Aliquot_Num,19,ali,G
04/08/2020,00:55:00,Flow_cfs,6.02,,G
04/08/2020,00:55:00,Curr_pacing,30000.00,,G
04/08/2020,00:55:00,FlowVolume,13506.58,,G
04/08/2020,00:56:00,PT Level,5.12,in,G
04/08/2020,00:56:00,Flow_cfs,6.07,,G
04/08/2020,00:56:00,FlowVolume,13870.87,,G
04/08/2020,00:57:00,PT Level,5.13,in,G
04/08/2020,00:57:00,Flow_cfs,6.10,,G
04/08/2020,00:57:00,FlowVolume,14236.58,,G
04/08/2020,00:58:00,PT Level,5.13,in,G
04/08/2020,00:58:00,Flow_cfs,6.10,,G
04/08/2020,00:58:00,FlowVolume,14602.29,,G
04/08/2020,00:59:00,PT Level,5.13,in,G
04/08/2020,00:59:00,Flow_cfs,6.10,,G
04/08/2020,00:59:00,FlowVolume,14968.01,,G
04/08/2020,01:00:00,PT Level,5.13,in,G
04/08/2020,01:00:00,Aliquot_Num,19,ali,G
04/08/2020,01:00:00,Flow_cfs,6.10,,G
04/08/2020,01:00:00,Curr_pacing,30000.00,,G
04/08/2020,01:00:00,FlowVolume,15333.72,,G
04/08/2020,01:01:00,PT Level,5.13,in,G
04/08/2020,01:01:00,Flow_cfs,6.10,,G
04/08/2020,01:01:00,FlowVolume,15699.44,,G
04/08/2020,01:02:00,PT Level,5.11,in,G
04/08/2020,01:02:00,Flow_cfs,6.05,,G
04/08/2020,01:02:00,FlowVolume,16062.29,,G
04/08/2020,01:03:00,PT Level,5.12,in,G
04/08/2020,01:03:00,Flow_cfs,6.07,,G
04/08/2020,01:03:00,FlowVolume,16426.58,,G
04/08/2020,01:04:00,PT Level,5.13,in,G
04/08/2020,01:04:00,Flow_cfs,6.10,,G
04/08/2020,01:04:00,FlowVolume,16792.29,,G
04/08/2020,01:05:00,PT Level,5.13,in,G
04/08/2020,01:05:00,Aliquot_Num,19,ali,G
04/08/2020,01:05:00,Flow_cfs,6.10,,G
04/08/2020,01:05:00,Curr_pacing,30000.00,,G
04/08/2020,01:05:00,FlowVolume,17158.01,,G
04/08/2020,01:06:00,PT Level,5.14,in,G
04/08/2020,01:06:00,Flow_cfs,6.12,,G
04/08/2020,01:06:00,FlowVolume,17525.15,,G
04/08/2020,01:07:00,PT Level,5.12,in,G
04/08/2020,01:07:00,Flow_cfs,6.07,,G
04/08/2020,01:07:00,FlowVolume,17889.44,,G
04/08/2020,01:08:00,PT Level,5.14,in,G
04/08/2020,01:08:00,Flow_cfs,6.12,,G
04/08/2020,01:08:00,FlowVolume,18256.58,,G
04/08/2020,01:09:00,PT Level,5.11,in,G
04/08/2020,01:09:00,Flow_cfs,6.05,,G
04/08/2020,01:09:00,FlowVolume,18619.44,,G
04/08/2020,01:10:00,PT Level,5.11,in,G
04/08/2020,01:10:00,Aliquot_Num,19,ali,G
04/08/2020,01:10:00,Flow_cfs,6.05,,G
04/08/2020,01:10:00,Curr_pacing,30000.00,,G
04/08/2020,01:10:00,FlowVolume,18982.29,,G
04/08/2020,01:11:00,PT Level,5.13,in,G
04/08/2020,01:11:00,Flow_cfs,6.10,,G
04/08/2020,01:11:00,FlowVolume,19348.01,,G
04/08/2020,01:12:00,PT Level,5.12,in,G
04/08/2020,01:12:00,Flow_cfs,6.07,,G
04/08/2020,01:12:00,FlowVolume,19712.29,,G
04/08/2020,01:13:00,PT Level,5.13,in,G
04/08/2020,01:13:00,Flow_cfs,6.10,,G
04/08/2020,01:13:00,FlowVolume,20078.01,,G
04/08/2020,01:14:00,PT Level,5.13,in,G
04/08/2020,01:14:00,Flow_cfs,6.10,,G
04/08/2020,01:14:00,FlowVolume,20443.72,,G
04/08/2020,01:15:00,PT Level,5.13,in,G
04/08/2020,01:15:00,Aliquot_Num,19,ali,G
04/08/2020,01:15:00,Flow_cfs,6.10,,G
04/08/2020,01:15:00,Curr_pacing,30000.00,,G
04/08/2020,01:15:00,FlowVolume,20809.44,,G
04/08/2020,01:16:00,PT Level,5.13,in,G
04/08/2020,01:16:00,Flow_cfs,6.10,,G
04/08/2020,01:16:00,FlowVolume,21175.15,,G
04/08/2020,01:17:00,PT Level,5.13,in,G
04/08/2020,01:17:00,Flow_cfs,6.10,,G
04/08/2020,01:17:00,FlowVolume,21540.87,,G
04/08/2020,01:18:00,PT Level,5.13,in,G
04/08/2020,01:18:00,Flow_cfs,6.10,,G
04/08/2020,01:18:00,FlowVolume,21906.58,,G
04/08/2020,01:19:00,PT Level,5.11,in,G
04/08/2020,01:19:00,Flow_cfs,6.05,,G
04/08/2020,01:19:00,FlowVolume,22269.44,,G
04/08/2020,01:20:00,PT Level,5.12,in,G
04/08/2020,01:20:00,Aliquot_Num,19,ali,G
04/08/2020,01:20:00,Flow_cfs,6.07,,G
04/08/2020,01:20:00,Curr_pacing,30000.00,,G
04/08/2020,01:20:00,FlowVolume,22633.72,,G
04/08/2020,01:21:00,PT Level,5.13,in,G
04/08/2020,01:21:00,Flow_cfs,6.10,,G
04/08/2020,01:21:00,FlowVolume,22999.44,,G
04/08/2020,01:22:00,PT Level,5.14,in,G
04/08/2020,01:22:00,Flow_cfs,6.12,,G
04/08/2020,01:22:00,FlowVolume,23366.58,,G
04/08/2020,01:23:00,PT Level,5.13,in,G
04/08/2020,01:23:00,Flow_cfs,6.10,,G
04/08/2020,01:23:00,FlowVolume,23732.29,,G
04/08/2020,01:24:00,PT Level,5.12,in,G
04/08/2020,01:24:00,Flow_cfs,6.07,,G
04/08/2020,01:24:00,FlowVolume,24096.58,,G
04/08/2020,01:25:00,PT Level,5.13,in,G
04/08/2020,01:25:00,Aliquot_Num,19,ali,G
04/08/2020,01:25:00,Flow_cfs,6.10,,G
04/08/2020,01:25:00,Curr_pacing,30000.00,,G
04/08/2020,01:25:00,FlowVolume,24462.29,,G
04/08/2020,01:26:00,PT Level,5.13,in,G
04/08/2020,01:26:00,Flow_cfs,6.10,,G
04/08/2020,01:26:00,FlowVolume,24828.01,,G
04/08/2020,01:27:00,PT Level,5.14,in,G
04/08/2020,01:27:00,Flow_cfs,6.12,,G
04/08/2020,01:27:00,FlowVolume,25195.15,,G
04/08/2020,01:28:00,PT Level,5.14,in,G
04/08/2020,01:28:00,Flow_cfs,6.12,,G
04/08/2020,01:28:00,FlowVolume,25562.29,,G
04/08/2020,01:29:00,PT Level,5.13,in,G
04/08/2020,01:29:00,Flow_cfs,6.10,,G
04/08/2020,01:29:00,FlowVolume,25928.01,,G
04/08/2020,01:30:00,PT Level,5.13,in,G
04/08/2020,01:30:00,Aliquot_Num,19,ali,G
04/08/2020,01:30:00,Flow_cfs,6.10,,G
04/08/2020,01:30:00,Curr_pacing,30000.00,,G
04/08/2020,01:30:00,FlowVolume,26293.72,,G
04/08/2020,01:31:00,PT Level,5.13,in,G
04/08/2020,01:31:00,Flow_cfs,6.10,,G
04/08/2020,01:31:00,FlowVolume,26659.44,,G
04/08/2020,01:32:00,PT Level,5.13,in,G
04/08/2020,01:32:00,Flow_cfs,6.10,,G
04/08/2020,01:32:00,FlowVolume,27025.15,,G
04/08/2020,01:33:00,PT Level,5.12,in,G
04/08/2020,01:33:00,Flow_cfs,6.07,,G
04/08/2020,01:33:00,FlowVolume,27389.44,,G
04/08/2020,01:34:00,PT Level,5.14,in,G
04/08/2020,01:34:00,Flow_cfs,6.12,,G
04/08/2020,01:34:00,FlowVolume,27756.58,,G
04/08/2020,01:35:00,PT Level,5.13,in,G
04/08/2020,01:35:00,Aliquot_Num,19,ali,G
04/08/2020,01:35:00,Flow_cfs,6.10,,G
04/08/2020,01:35:00,Curr_pacing,30000.00,,G
04/08/2020,01:35:00,FlowVolume,28122.29,,G
04/08/2020,01:36:00,PT Level,5.13,in,G
04/08/2020,01:36:00,Flow_cfs,6.10,,G
04/08/2020,01:36:00,FlowVolume,28488.01,,G
04/08/2020,01:37:00,PT Level,5.14,in,G
04/08/2020,01:37:00,Flow_cfs,6.12,,G
04/08/2020,01:37:00,FlowVolume,28855.15,,G
04/08/2020,01:38:00,PT Level,5.14,in,G
04/08/2020,01:38:00,Flow_cfs,6.12,,G
04/08/2020,01:38:00,FlowVolume,29222.29,,G
04/08/2020,01:39:00,PT Level,5.14,in,G
04/08/2020,01:39:00,Flow_cfs,6.12,,G
04/08/2020,01:39:00,FlowVolume,29589.44,,G
04/08/2020,01:40:00,PT Level,5.13,in,G
04/08/2020,01:40:00,Aliquot_Num,19,ali,G
04/08/2020,01:40:00,Flow_cfs,6.10,,G
04/08/2020,01:40:00,Curr_pacing,30000.00,,G
04/08/2020,01:40:00,FlowVolume,29955.15,,G
04/08/2020,01:41:00,PT Level,5.14,in,G
04/08/2020,01:41:00,Flow_cfs,6.12,,G
04/08/2020,01:41:00,Triggered S,20,,G
04/08/2020,01:41:00,VolumeTrig,30322.29,,G
04/08/2020,01:41:00,FlowVolume,322.29,,G
04/08/2020,01:42:00,PT Level,5.13,in,G
04/08/2020,01:42:00,Flow_cfs,6.10,,G
04/08/2020,01:42:00,FlowVolume,688.01,,G
04/08/2020,01:43:00,PT Level,5.13,in,G
04/08/2020,01:43:00,Flow_cfs,6.10,,G
04/08/2020,01:43:00,FlowVolume,1053.72,,G
04/08/2020,01:44:00,PT Level,5.15,in,G
04/08/2020,01:44:00,Flow_cfs,6.14,,G
04/08/2020,01:44:00,FlowVolume,1422.29,,G
04/08/2020,01:45:00,PT Level,5.14,in,G
04/08/2020,01:45:00,Aliquot_Num,20,ali,G
04/08/2020,01:45:00,Flow_cfs,6.12,,G
04/08/2020,01:45:00,Curr_pacing,30000.00,,G
04/08/2020,01:45:00,FlowVolume,1789.44,,G
04/08/2020,01:46:00,PT Level,5.14,in,G
04/08/2020,01:46:00,Flow_cfs,6.12,,G
04/08/2020,01:46:00,FlowVolume,2156.58,,G
04/08/2020,01:47:00,PT Level,5.15,in,G
04/08/2020,01:47:00,Flow_cfs,6.14,,G
04/08/2020,01:47:00,FlowVolume,2525.15,,G
04/08/2020,01:48:00,PT Level,5.14,in,G
04/08/2020,01:48:00,Flow_cfs,6.12,,G
04/08/2020,01:48:00,FlowVolume,2892.29,,G
04/08/2020,01:49:00,PT Level,5.14,in,G
04/08/2020,01:49:00,Flow_cfs,6.12,,G
04/08/2020,01:49:00,FlowVolume,3259.44,,G
04/08/2020,01:50:00,PT Level,5.13,in,G
04/08/2020,01:50:00,Aliquot_Num,20,ali,G
04/08/2020,01:50:00,Flow_cfs,6.10,,G
04/08/2020,01:50:00,Curr_pacing,30000.00,,G
04/08/2020,01:50:00,FlowVolume,3625.15,,G
04/08/2020,01:51:00,PT Level,5.14,in,G
04/08/2020,01:51:00,Flow_cfs,6.12,,G
04/08/2020,01:51:00,FlowVolume,3992.29,,G
04/08/2020,01:52:00,PT Level,5.14,in,G
04/08/2020,01:52:00,Flow_cfs,6.12,,G
04/08/2020,01:52:00,FlowVolume,4359.44,,G
04/08/2020,01:53:00,PT Level,5.14,in,G
04/08/2020,01:53:00,Flow_cfs,6.12,,G
04/08/2020,01:53:00,FlowVolume,4726.58,,G
04/08/2020,01:54:00,PT Level,5.16,in,G
04/08/2020,01:54:00,Flow_cfs,6.17,,G
04/08/2020,01:54:00,FlowVolume,5096.58,,G
04/08/2020,01:55:00,PT Level,5.17,in,G
04/08/2020,01:55:00,Aliquot_Num,20,ali,G
04/08/2020,01:55:00,Flow_cfs,6.19,,G
04/08/2020,01:55:00,Curr_pacing,30000.00,,G
04/08/2020,01:55:00,FlowVolume,5468.01,,G
04/08/2020,01:56:00,PT Level,5.16,in,G
04/08/2020,01:56:00,Flow_cfs,6.17,,G
04/08/2020,01:56:00,FlowVolume,5838.01,,G
04/08/2020,01:57:00,PT Level,5.15,in,G
04/08/2020,01:57:00,Flow_cfs,6.14,,G
04/08/2020,01:57:00,FlowVolume,6206.58,,G
04/08/2020,01:58:00,PT Level,5.16,in,G
04/08/2020,01:58:00,Flow_cfs,6.17,,G
04/08/2020,01:58:00,FlowVolume,6576.58,,G
04/08/2020,01:59:00,PT Level,5.15,in,G
04/08/2020,01:59:00,Flow_cfs,6.14,,G
04/08/2020,01:59:00,FlowVolume,6945.15,,G
04/08/2020,02:00:00,PT Level,5.16,in,G
04/08/2020,02:00:00,Aliquot_Num,20,ali,G
04/08/2020,02:00:00,Flow_cfs,6.17,,G
04/08/2020,02:00:00,Curr_pacing,30000.00,,G
04/08/2020,02:00:00,FlowVolume,7315.15,,G
04/08/2020,02:01:00,PT Level,5.15,in,G
04/08/2020,02:01:00,Flow_cfs,6.14,,G
04/08/2020,02:01:00,FlowVolume,7683.72,,G
04/08/2020,02:02:00,PT Level,5.17,in,G
04/08/2020,02:02:00,Flow_cfs,6.19,,G
04/08/2020,02:02:00,FlowVolume,8055.15,,G
04/08/2020,02:03:00,PT Level,5.15,in,G
04/08/2020,02:03:00,Flow_cfs,6.14,,G
04/08/2020,02:03:00,FlowVolume,8423.72,,G
04/08/2020,02:04:00,PT Level,5.16,in,G
04/08/2020,02:04:00,Flow_cfs,6.17,,G
04/08/2020,02:04:00,FlowVolume,8793.72,,G
04/08/2020,02:05:00,PT Level,5.16,in,G
04/08/2020,02:05:00,Aliquot_Num,20,ali,G
04/08/2020,02:05:00,Flow_cfs,6.17,,G
04/08/2020,02:05:00,Curr_pacing,30000.00,,G
04/08/2020,02:05:00,FlowVolume,9163.72,,G
04/08/2020,02:06:00,PT Level,5.17,in,G
04/08/2020,02:06:00,Flow_cfs,6.19,,G
04/08/2020,02:06:00,FlowVolume,9535.15,,G
04/08/2020,02:07:00,PT Level,5.16,in,G
04/08/2020,02:07:00,Flow_cfs,6.17,,G
04/08/2020,02:07:00,FlowVolume,9905.15,,G
04/08/2020,02:08:00,PT Level,5.17,in,G
04/08/2020,02:08:00,Flow_cfs,6.19,,G
04/08/2020,02:08:00,FlowVolume,10276.58,,G
04/08/2020,02:09:00,PT Level,5.17,in,G
04/08/2020,02:09:00,Flow_cfs,6.19,,G
04/08/2020,02:09:00,FlowVolume,10648.01,,G
04/08/2020,02:10:00,PT Level,5.17,in,G
04/08/2020,02:10:00,Aliquot_Num,20,ali,G
04/08/2020,02:10:00,Flow_cfs,6.19,,G
04/08/2020,02:10:00,Curr_pacing,30000.00,,G
04/08/2020,02:10:00,FlowVolume,11019.44,,G
04/08/2020,02:11:00,PT Level,5.17,in,G
04/08/2020,02:11:00,Flow_cfs,6.19,,G
04/08/2020,02:11:00,FlowVolume,11390.87,,G
04/08/2020,02:12:00,PT Level,5.17,in,G
04/08/2020,02:12:00,Flow_cfs,6.19,,G
04/08/2020,02:12:00,FlowVolume,11762.29,,G
04/08/2020,02:13:00,PT Level,5.17,in,G
04/08/2020,02:13:00,Flow_cfs,6.19,,G
04/08/2020,02:13:00,FlowVolume,12133.72,,G
04/08/2020,02:14:00,PT Level,5.17,in,G
04/08/2020,02:14:00,Flow_cfs,6.19,,G
04/08/2020,02:14:00,FlowVolume,12505.15,,G
04/08/2020,02:15:00,PT Level,5.18,in,G
04/08/2020,02:15:00,Aliquot_Num,20,ali,G
04/08/2020,02:15:00,Flow_cfs,6.21,,G
04/08/2020,02:15:00,Curr_pacing,30000.00,,G
04/08/2020,02:15:00,FlowVolume,12878.01,,G
04/08/2020,02:16:00,PT Level,5.19,in,G
04/08/2020,02:16:00,Flow_cfs,6.24,,G
04/08/2020,02:16:00,FlowVolume,13252.29,,G
04/08/2020,02:17:00,PT Level,5.17,in,G
04/08/2020,02:17:00,Flow_cfs,6.19,,G
04/08/2020,02:17:00,FlowVolume,13623.72,,G
04/08/2020,02:18:00,PT Level,5.19,in,G
04/08/2020,02:18:00,Flow_cfs,6.24,,G
04/08/2020,02:18:00,FlowVolume,13998.01,,G
04/08/2020,02:19:00,PT Level,5.18,in,G
04/08/2020,02:19:00,Flow_cfs,6.21,,G
04/08/2020,02:19:00,FlowVolume,14370.87,,G
04/08/2020,02:20:00,PT Level,5.19,in,G
04/08/2020,02:20:00,Aliquot_Num,20,ali,G
04/08/2020,02:20:00,Flow_cfs,6.24,,G
04/08/2020,02:20:00,Curr_pacing,30000.00,,G
04/08/2020,02:20:00,FlowVolume,14745.15,,G
04/08/2020,02:21:00,PT Level,5.20,in,G
04/08/2020,02:21:00,Flow_cfs,6.26,,G
04/08/2020,02:21:00,FlowVolume,15120.87,,G
04/08/2020,02:22:00,PT Level,5.20,in,G
04/08/2020,02:22:00,Flow_cfs,6.26,,G
04/08/2020,02:22:00,FlowVolume,15496.58,,G
04/08/2020,02:23:00,PT Level,5.20,in,G
04/08/2020,02:23:00,Flow_cfs,6.26,,G
04/08/2020,02:23:00,FlowVolume,15872.29,,G
04/08/2020,02:24:00,PT Level,5.20,in,G
04/08/2020,02:24:00,Flow_cfs,6.26,,G
04/08/2020,02:24:00,FlowVolume,16248.01,,G
04/08/2020,02:25:00,PT Level,5.21,in,G
04/08/2020,02:25:00,Aliquot_Num,20,ali,G
04/08/2020,02:25:00,Flow_cfs,6.29,,G
04/08/2020,02:25:00,Curr_pacing,30000.00,,G
04/08/2020,02:25:00,FlowVolume,16625.15,,G
04/08/2020,02:26:00,PT Level,5.23,in,G
04/08/2020,02:26:00,Flow_cfs,6.33,,G
04/08/2020,02:26:00,FlowVolume,17005.15,,G
04/08/2020,02:27:00,PT Level,5.23,in,G
04/08/2020,02:27:00,Flow_cfs,6.33,,G
04/08/2020,02:27:00,FlowVolume,17385.15,,G
04/08/2020,02:28:00,PT Level,5.22,in,G
04/08/2020,02:28:00,Flow_cfs,6.31,,G
04/08/2020,02:28:00,FlowVolume,17763.72,,G
04/08/2020,02:29:00,PT Level,5.24,in,G
04/08/2020,02:29:00,Flow_cfs,6.36,,G
04/08/2020,02:29:00,FlowVolume,18145.15,,G
04/08/2020,02:30:00,PT Level,5.25,in,G
04/08/2020,02:30:00,Aliquot_Num,20,ali,G
04/08/2020,02:30:00,Flow_cfs,6.38,,G
04/08/2020,02:30:00,Curr_pacing,30000.00,,G
04/08/2020,02:30:00,FlowVolume,18528.01,,G
04/08/2020,02:31:00,PT Level,5.24,in,G
04/08/2020,02:31:00,Flow_cfs,6.36,,G
04/08/2020,02:31:00,FlowVolume,18909.44,,G
04/08/2020,02:32:00,PT Level,5.25,in,G
04/08/2020,02:32:00,Flow_cfs,6.38,,G
04/08/2020,02:32:00,FlowVolume,19292.29,,G
04/08/2020,02:33:00,PT Level,5.24,in,G
04/08/2020,02:33:00,Flow_cfs,6.36,,G
04/08/2020,02:33:00,FlowVolume,19673.72,,G
04/08/2020,02:34:00,PT Level,5.23,in,G
04/08/2020,02:34:00,Flow_cfs,6.33,,G
04/08/2020,02:34:00,FlowVolume,20053.72,,G
04/08/2020,02:35:00,PT Level,5.25,in,G
04/08/2020,02:35:00,Aliquot_Num,20,ali,G
04/08/2020,02:35:00,Flow_cfs,6.38,,G
04/08/2020,02:35:00,Curr_pacing,30000.00,,G
04/08/2020,02:35:00,FlowVolume,20436.58,,G
04/08/2020,02:36:00,PT Level,5.25,in,G
04/08/2020,02:36:00,Flow_cfs,6.38,,G
04/08/2020,02:36:00,FlowVolume,20819.44,,G
04/08/2020,02:37:00,PT Level,5.28,in,G
04/08/2020,02:37:00,Flow_cfs,6.45,,G
04/08/2020,02:37:00,FlowVolume,21206.58,,G
04/08/2020,02:38:00,PT Level,5.26,in,G
04/08/2020,02:38:00,Flow_cfs,6.40,,G
04/08/2020,02:38:00,FlowVolume,21590.87,,G
04/08/2020,02:39:00,PT Level,5.27,in,G
04/08/2020,02:39:00,Flow_cfs,6.43,,G
04/08/2020,02:39:00,FlowVolume,21976.58,,G
04/08/2020,02:40:00,PT Level,5.27,in,G
04/08/2020,02:40:00,Aliquot_Num,20,ali,G
04/08/2020,02:40:00,Flow_cfs,6.43,,G
04/08/2020,02:40:00,Curr_pacing,30000.00,,G
04/08/2020,02:40:00,FlowVolume,22362.29,,G
04/08/2020,02:41:00,PT Level,5.29,in,G
04/08/2020,02:41:00,Flow_cfs,6.48,,G
04/08/2020,02:41:00,FlowVolume,22750.87,,G
04/08/2020,02:42:00,PT Level,5.29,in,G
04/08/2020,02:42:00,Flow_cfs,6.48,,G
04/08/2020,02:42:00,FlowVolume,23139.44,,G
04/08/2020,02:43:00,PT Level,5.28,in,G
04/08/2020,02:43:00,Flow_cfs,6.45,,G
04/08/2020,02:43:00,FlowVolume,23526.58,,G
04/08/2020,02:44:00,PT Level,5.30,in,G
04/08/2020,02:44:00,Flow_cfs,6.50,,G
04/08/2020,02:44:00,FlowVolume,23916.58,,G
04/08/2020,02:45:00,PT Level,5.29,in,G
04/08/2020,02:45:00,Aliquot_Num,20,ali,G
04/08/2020,02:45:00,Flow_cfs,6.48,,G
04/08/2020,02:45:00,Curr_pacing,30000.00,,G
04/08/2020,02:45:00,FlowVolume,24305.15,,G
04/08/2020,02:46:00,PT Level,5.29,in,G
04/08/2020,02:46:00,Flow_cfs,6.48,,G
04/08/2020,02:46:00,FlowVolume,24693.72,,G
04/08/2020,02:47:00,PT Level,5.31,in,G
04/08/2020,02:47:00,Flow_cfs,6.53,,G
04/08/2020,02:47:00,FlowVolume,25085.22,,G
04/08/2020,02:48:00,PT Level,5.32,in,G
04/08/2020,02:48:00,Flow_cfs,6.55,,G
04/08/2020,02:48:00,FlowVolume,25478.22,,G
04/08/2020,02:49:00,PT Level,5.30,in,G
04/08/2020,02:49:00,Flow_cfs,6.50,,G
04/08/2020,02:49:00,FlowVolume,25868.22,,G
04/08/2020,02:50:00,PT Level,5.32,in,G
04/08/2020,02:50:00,Aliquot_Num,20,ali,G
04/08/2020,02:50:00,Flow_cfs,6.55,,G
04/08/2020,02:50:00,Curr_pacing,30000.00,,G
04/08/2020,02:50:00,FlowVolume,26261.22,,G
04/08/2020,02:51:00,PT Level,5.33,in,G
04/08/2020,02:51:00,Flow_cfs,6.57,,G
04/08/2020,02:51:00,FlowVolume,26655.72,,G
04/08/2020,02:52:00,PT Level,5.32,in,G
04/08/2020,02:52:00,Flow_cfs,6.55,,G
04/08/2020,02:52:00,FlowVolume,27048.72,,G
04/08/2020,02:53:00,PT Level,5.35,in,G
04/08/2020,02:53:00,Flow_cfs,6.63,,G
04/08/2020,02:53:00,FlowVolume,27446.22,,G
04/08/2020,02:54:00,PT Level,5.34,in,G
04/08/2020,02:54:00,Flow_cfs,6.60,,G
04/08/2020,02:54:00,FlowVolume,27842.22,,G
04/08/2020,02:55:00,PT Level,5.34,in,G
04/08/2020,02:55:00,Aliquot_Num,20,ali,G
04/08/2020,02:55:00,Flow_cfs,6.60,,G
04/08/2020,02:55:00,Curr_pacing,30000.00,,G
04/08/2020,02:55:00,FlowVolume,28238.22,,G
04/08/2020,02:56:00,PT Level,5.36,in,G
04/08/2020,02:56:00,Flow_cfs,6.65,,G
04/08/2020,02:56:00,FlowVolume,28637.22,,G
04/08/2020,02:57:00,PT Level,5.36,in,G
04/08/2020,02:57:00,Flow_cfs,6.65,,G
04/08/2020,02:57:00,FlowVolume,29036.22,,G
04/08/2020,02:58:00,PT Level,5.36,in,G
04/08/2020,02:58:00,Flow_cfs,6.65,,G
04/08/2020,02:58:00,FlowVolume,29435.22,,G
04/08/2020,02:59:00,PT Level,5.36,in,G
04/08/2020,02:59:00,Flow_cfs,6.65,,G
04/08/2020,02:59:00,FlowVolume,29834.22,,G
04/08/2020,03:00:00,PT Level,5.37,in,G
04/08/2020,03:00:00,Aliquot_Num,20,ali,G
04/08/2020,03:00:00,Flow_cfs,6.67,,G
04/08/2020,03:00:00,Curr_pacing,30000.00,,G
04/08/2020,03:00:00,Triggered S,21,,G
04/08/2020,03:00:00,VolumeTrig,30234.72,,G
04/08/2020,03:00:00,FlowVolume,234.72,,G
04/08/2020,03:01:00,PT Level,5.39,in,G
04/08/2020,03:01:00,Flow_cfs,6.73,,G
04/08/2020,03:01:00,FlowVolume,638.22,,G
04/08/2020,03:02:00,PT Level,5.38,in,G
04/08/2020,03:02:00,Flow_cfs,6.70,,G
04/08/2020,03:02:00,FlowVolume,1040.22,,G
04/08/2020,03:03:00,PT Level,5.37,in,G
04/08/2020,03:03:00,Flow_cfs,6.67,,G
04/08/2020,03:03:00,FlowVolume,1440.72,,G
04/08/2020,03:04:00,PT Level,5.39,in,G
04/08/2020,03:04:00,Flow_cfs,6.73,,G
04/08/2020,03:04:00,FlowVolume,1844.22,,G
04/08/2020,03:05:00,PT Level,5.40,in,G
04/08/2020,03:05:00,Aliquot_Num,21,ali,G
04/08/2020,03:05:00,Flow_cfs,6.75,,G
04/08/2020,03:05:00,Curr_pacing,30000.00,,G
04/08/2020,03:05:00,FlowVolume,2249.22,,G
04/08/2020,03:06:00,PT Level,5.40,in,G
04/08/2020,03:06:00,Flow_cfs,6.75,,G
04/08/2020,03:06:00,FlowVolume,2654.22,,G
04/08/2020,03:07:00,PT Level,5.40,in,G
04/08/2020,03:07:00,Flow_cfs,6.75,,G
04/08/2020,03:07:00,FlowVolume,3059.22,,G
04/08/2020,03:07:57,Client Conn,73,,G
04/08/2020,03:08:00,PT Level,5.40,in,G
04/08/2020,03:08:00,Flow_cfs,6.75,,G
04/08/2020,03:08:00,FlowVolume,3464.22,,G
04/08/2020,03:09:00,PT Level,5.40,in,G
04/08/2020,03:09:00,Flow_cfs,6.75,,G
04/08/2020,03:09:00,FlowVolume,3869.22,,G
04/08/2020,03:10:00,PT Level,5.42,in,G
04/08/2020,03:10:00,Aliquot_Num,21,ali,G
04/08/2020,03:10:00,Flow_cfs,6.80,,G
04/08/2020,03:10:00,Curr_pacing,30000.00,,G
04/08/2020,03:10:00,FlowVolume,4277.22,,G
04/08/2020,03:11:00,PT Level,5.42,in,G
04/08/2020,03:11:00,Flow_cfs,6.80,,G
04/08/2020,03:11:00,FlowVolume,4685.22,,G
04/08/2020,03:12:00,PT Level,5.42,in,G
04/08/2020,03:12:00,Flow_cfs,6.80,,G
04/08/2020,03:12:00,FlowVolume,5093.22,,G
04/08/2020,03:13:00,PT Level,5.42,in,G
04/08/2020,03:13:00,Flow_cfs,6.80,,G
04/08/2020,03:13:00,FlowVolume,5501.22,,G
04/08/2020,03:14:00,PT Level,5.44,in,G
04/08/2020,03:14:00,Flow_cfs,6.85,,G
04/08/2020,03:14:00,FlowVolume,5912.22,,G
04/08/2020,03:15:00,PT Level,5.45,in,G
04/08/2020,03:15:00,Aliquot_Num,21,ali,G
04/08/2020,03:15:00,Flow_cfs,6.87,,G
04/08/2020,03:15:00,Curr_pacing,30000.00,,G
04/08/2020,03:15:00,FlowVolume,6324.72,,G
04/08/2020,03:16:00,PT Level,5.46,in,G
04/08/2020,03:16:00,Flow_cfs,6.90,,G
04/08/2020,03:16:00,FlowVolume,6738.72,,G
04/08/2020,03:17:00,PT Level,5.46,in,G
04/08/2020,03:17:00,Flow_cfs,6.90,,G
04/08/2020,03:17:00,FlowVolume,7152.72,,G
04/08/2020,03:18:00,PT Level,5.47,in,G
04/08/2020,03:18:00,Flow_cfs,6.93,,G
04/08/2020,03:18:00,FlowVolume,7568.22,,G
04/08/2020,03:19:00,PT Level,5.47,in,G
04/08/2020,03:19:00,Flow_cfs,6.93,,G
04/08/2020,03:19:00,FlowVolume,7983.72,,G
04/08/2020,03:20:00,PT Level,5.48,in,G
04/08/2020,03:20:00,Aliquot_Num,21,ali,G
04/08/2020,03:20:00,Flow_cfs,6.95,,G
04/08/2020,03:20:00,Curr_pacing,30000.00,,G
04/08/2020,03:20:00,FlowVolume,8400.72,,G
04/08/2020,03:21:00,PT Level,5.48,in,G
04/08/2020,03:21:00,Flow_cfs,6.95,,G
04/08/2020,03:21:00,FlowVolume,8817.72,,G
04/08/2020,03:22:00,PT Level,5.48,in,G
04/08/2020,03:22:00,Flow_cfs,6.95,,G
04/08/2020,03:22:00,FlowVolume,9234.72,,G
04/08/2020,03:23:00,PT Level,5.48,in,G
04/08/2020,03:23:00,Flow_cfs,6.95,,G
04/08/2020,03:23:00,FlowVolume,9651.72,,G
04/08/2020,03:24:00,PT Level,5.48,in,G
04/08/2020,03:24:00,Flow_cfs,6.95,,G
04/08/2020,03:24:00,FlowVolume,10068.72,,G
04/08/2020,03:25:00,PT Level,5.50,in,G
04/08/2020,03:25:00,Aliquot_Num,21,ali,G
04/08/2020,03:25:00,Flow_cfs,7.00,,G
04/08/2020,03:25:00,Curr_pacing,30000.00,,G
04/08/2020,03:25:00,FlowVolume,10488.72,,G
04/08/2020,03:26:00,PT Level,5.50,in,G
04/08/2020,03:26:00,Flow_cfs,7.00,,G
04/08/2020,03:26:00,FlowVolume,10908.72,,G
04/08/2020,03:27:00,PT Level,5.48,in,G
04/08/2020,03:27:00,Flow_cfs,6.95,,G
04/08/2020,03:27:00,FlowVolume,11325.72,,G
04/08/2020,03:28:00,PT Level,5.53,in,G
04/08/2020,03:28:00,Flow_cfs,7.07,,G
04/08/2020,03:28:00,FlowVolume,11750.22,,G
04/08/2020,03:29:00,PT Level,5.52,in,G
04/08/2020,03:29:00,Flow_cfs,7.05,,G
04/08/2020,03:29:00,FlowVolume,12173.22,,G
04/08/2020,03:30:00,PT Level,5.51,in,G
04/08/2020,03:30:00,Aliquot_Num,21,ali,G
04/08/2020,03:30:00,Flow_cfs,7.03,,G
04/08/2020,03:30:00,Curr_pacing,30000.00,,G
04/08/2020,03:30:00,FlowVolume,12594.72,,G
04/08/2020,03:31:00,PT Level,5.49,in,G
04/08/2020,03:31:00,Flow_cfs,6.97,,G
04/08/2020,03:31:00,FlowVolume,13013.22,,G
04/08/2020,03:32:00,PT Level,5.53,in,G
04/08/2020,03:32:00,Flow_cfs,7.07,,G
04/08/2020,03:32:00,FlowVolume,13437.72,,G
04/08/2020,03:33:00,PT Level,5.51,in,G
04/08/2020,03:33:00,Flow_cfs,7.03,,G
04/08/2020,03:33:00,FlowVolume,13859.22,,G
04/08/2020,03:34:00,PT Level,5.54,in,G
04/08/2020,03:34:00,Flow_cfs,7.10,,G
04/08/2020,03:34:00,FlowVolume,14285.22,,G
04/08/2020,03:35:00,PT Level,5.53,in,G
04/08/2020,03:35:00,Aliquot_Num,21,ali,G
04/08/2020,03:35:00,Flow_cfs,7.07,,G
04/08/2020,03:35:00,Curr_pacing,30000.00,,G
04/08/2020,03:35:00,FlowVolume,14709.72,,G
04/08/2020,03:36:00,PT Level,5.54,in,G
04/08/2020,03:36:00,Flow_cfs,7.10,,G
04/08/2020,03:36:00,FlowVolume,15135.72,,G
04/08/2020,03:37:00,PT Level,5.54,in,G
04/08/2020,03:37:00,Flow_cfs,7.10,,G
04/08/2020,03:37:00,FlowVolume,15561.72,,G
04/08/2020,03:38:00,PT Level,5.54,in,G
04/08/2020,03:38:00,Flow_cfs,7.10,,G
04/08/2020,03:38:00,FlowVolume,15987.72,,G
04/08/2020,03:39:00,PT Level,5.55,in,G
04/08/2020,03:39:00,Flow_cfs,7.13,,G
04/08/2020,03:39:00,FlowVolume,16415.22,,G
04/08/2020,03:40:00,PT Level,5.56,in,G
04/08/2020,03:40:00,Aliquot_Num,21,ali,G
04/08/2020,03:40:00,Flow_cfs,7.15,,G
04/08/2020,03:40:00,Curr_pacing,30000.00,,G
04/08/2020,03:40:00,FlowVolume,16844.22,,G
04/08/2020,03:41:00,PT Level,5.55,in,G
04/08/2020,03:41:00,Flow_cfs,7.13,,G
04/08/2020,03:41:00,FlowVolume,17271.72,,G
04/08/2020,03:42:00,PT Level,5.54,in,G
04/08/2020,03:42:00,Flow_cfs,7.10,,G
04/08/2020,03:42:00,FlowVolume,17697.72,,G
04/08/2020,03:43:00,PT Level,5.55,in,G
04/08/2020,03:43:00,Flow_cfs,7.13,,G
04/08/2020,03:43:00,FlowVolume,18125.22,,G
04/08/2020,03:44:00,PT Level,5.57,in,G
04/08/2020,03:44:00,Flow_cfs,7.17,,G
04/08/2020,03:44:00,FlowVolume,18555.72,,G
04/08/2020,03:45:00,PT Level,5.56,in,G
04/08/2020,03:45:00,Aliquot_Num,21,ali,G
04/08/2020,03:45:00,Flow_cfs,7.15,,G
04/08/2020,03:45:00,Curr_pacing,30000.00,,G
04/08/2020,03:45:00,FlowVolume,18984.72,,G
04/08/2020,03:46:00,PT Level,5.57,in,G
04/08/2020,03:46:00,Flow_cfs,7.17,,G
04/08/2020,03:46:00,FlowVolume,19415.22,,G
04/08/2020,03:47:00,PT Level,5.58,in,G
04/08/2020,03:47:00,Flow_cfs,7.20,,G
04/08/2020,03:47:00,FlowVolume,19847.22,,G
04/08/2020,03:48:00,PT Level,5.56,in,G
04/08/2020,03:48:00,Flow_cfs,7.15,,G
04/08/2020,03:48:00,FlowVolume,20276.22,,G
04/08/2020,03:49:00,PT Level,5.59,in,G
04/08/2020,03:49:00,Flow_cfs,7.23,,G
04/08/2020,03:49:00,FlowVolume,20709.72,,G
04/08/2020,03:50:00,PT Level,5.59,in,G
04/08/2020,03:50:00,Aliquot_Num,21,ali,G
04/08/2020,03:50:00,Flow_cfs,7.23,,G
04/08/2020,03:50:00,Curr_pacing,30000.00,,G
04/08/2020,03:50:00,FlowVolume,21143.22,,G
04/08/2020,03:51:00,PT Level,5.58,in,G
04/08/2020,03:51:00,Flow_cfs,7.20,,G
04/08/2020,03:51:00,FlowVolume,21575.22,,G
04/08/2020,03:52:00,PT Level,5.57,in,G
04/08/2020,03:52:00,Flow_cfs,7.17,,G
04/08/2020,03:52:00,FlowVolume,22005.72,,G
04/08/2020,03:53:00,PT Level,5.59,in,G
04/08/2020,03:53:00,Flow_cfs,7.23,,G
04/08/2020,03:53:00,FlowVolume,22439.22,,G
04/08/2020,03:54:00,PT Level,5.59,in,G
04/08/2020,03:54:00,Flow_cfs,7.23,,G
04/08/2020,03:54:00,FlowVolume,22872.72,,G
04/08/2020,03:55:00,PT Level,5.59,in,G
04/08/2020,03:55:00,Aliquot_Num,21,ali,G
04/08/2020,03:55:00,Flow_cfs,7.23,,G
04/08/2020,03:55:00,Curr_pacing,30000.00,,G
04/08/2020,03:55:00,FlowVolume,23306.22,,G
04/08/2020,03:56:00,PT Level,5.59,in,G
04/08/2020,03:56:00,Flow_cfs,7.23,,G
04/08/2020,03:56:00,FlowVolume,23739.72,,G
04/08/2020,03:57:00,PT Level,5.57,in,G
04/08/2020,03:57:00,Flow_cfs,7.17,,G
04/08/2020,03:57:00,FlowVolume,24170.22,,G
04/08/2020,03:58:00,PT Level,5.61,in,G
04/08/2020,03:58:00,Flow_cfs,7.27,,G
04/08/2020,03:58:00,FlowVolume,24606.72,,G
04/08/2020,03:59:00,PT Level,5.61,in,G
04/08/2020,03:59:00,Flow_cfs,7.27,,G
04/08/2020,03:59:00,FlowVolume,25043.22,,G
04/08/2020,04:00:00,PT Level,5.61,in,G
04/08/2020,04:00:00,Aliquot_Num,21,ali,G
04/08/2020,04:00:00,Flow_cfs,7.27,,G
04/08/2020,04:00:00,Curr_pacing,30000.00,,G
04/08/2020,04:00:00,FlowVolume,25479.72,,G
04/08/2020,04:01:00,PT Level,5.61,in,G
04/08/2020,04:01:00,Flow_cfs,7.27,,G
04/08/2020,04:01:00,FlowVolume,25916.22,,G
04/08/2020,04:02:00,PT Level,5.62,in,G
04/08/2020,04:02:00,Flow_cfs,7.30,,G
04/08/2020,04:02:00,FlowVolume,26354.22,,G
04/08/2020,04:03:00,PT Level,5.61,in,G
04/08/2020,04:03:00,Flow_cfs,7.27,,G
04/08/2020,04:03:00,FlowVolume,26790.72,,G
04/08/2020,04:04:00,PT Level,5.62,in,G
04/08/2020,04:04:00,Flow_cfs,7.30,,G
04/08/2020,04:04:00,FlowVolume,27228.72,,G
04/08/2020,04:05:00,PT Level,5.61,in,G
04/08/2020,04:05:00,Aliquot_Num,21,ali,G
04/08/2020,04:05:00,Flow_cfs,7.27,,G
04/08/2020,04:05:00,Curr_pacing,30000.00,,G
04/08/2020,04:05:00,FlowVolume,27665.22,,G
04/08/2020,04:06:00,PT Level,5.61,in,G
04/08/2020,04:06:00,Flow_cfs,7.27,,G
04/08/2020,04:06:00,FlowVolume,28101.72,,G
04/08/2020,04:07:00,PT Level,5.61,in,G
04/08/2020,04:07:00,Flow_cfs,7.27,,G
04/08/2020,04:07:00,FlowVolume,28538.22,,G
04/08/2020,04:08:00,PT Level,5.61,in,G
04/08/2020,04:08:00,Flow_cfs,7.27,,G
04/08/2020,04:08:00,FlowVolume,28974.72,,G
04/08/2020,04:09:00,PT Level,5.63,in,G
04/08/2020,04:09:00,Flow_cfs,7.33,,G
04/08/2020,04:09:00,FlowVolume,29414.22,,G
04/08/2020,04:10:00,PT Level,5.62,in,G
04/08/2020,04:10:00,Aliquot_Num,21,ali,G
04/08/2020,04:10:00,Flow_cfs,7.30,,G
04/08/2020,04:10:00,Curr_pacing,30000.00,,G
04/08/2020,04:10:00,FlowVolume,29852.22,,G
04/08/2020,04:11:00,PT Level,5.63,in,G
04/08/2020,04:11:00,Flow_cfs,7.33,,G
04/08/2020,04:11:00,Triggered S,22,,G
04/08/2020,04:11:00,VolumeTrig,30291.72,,G
04/08/2020,04:11:00,FlowVolume,291.72,,G
04/08/2020,04:12:00,PT Level,5.63,in,G
04/08/2020,04:12:00,Flow_cfs,7.33,,G
04/08/2020,04:12:00,FlowVolume,731.22,,G
04/08/2020,04:13:00,PT Level,5.62,in,G
04/08/2020,04:13:00,Flow_cfs,7.30,,G
04/08/2020,04:13:00,FlowVolume,1169.22,,G
04/08/2020,04:14:00,PT Level,5.63,in,G
04/08/2020,04:14:00,Flow_cfs,7.33,,G
04/08/2020,04:14:00,FlowVolume,1608.72,,G
04/08/2020,04:15:00,PT Level,5.64,in,G
04/08/2020,04:15:00,Aliquot_Num,22,ali,G
04/08/2020,04:15:00,Flow_cfs,7.35,,G
04/08/2020,04:15:00,Curr_pacing,30000.00,,G
04/08/2020,04:15:00,FlowVolume,2049.72,,G
04/08/2020,04:16:00,PT Level,5.61,in,G
04/08/2020,04:16:00,Flow_cfs,7.27,,G
04/08/2020,04:16:00,FlowVolume,2486.22,,G
04/08/2020,04:17:00,PT Level,5.62,in,G
04/08/2020,04:17:00,Flow_cfs,7.30,,G
04/08/2020,04:17:00,FlowVolume,2924.22,,G
04/08/2020,04:18:00,PT Level,5.65,in,G
04/08/2020,04:18:00,Flow_cfs,7.37,,G
04/08/2020,04:18:00,FlowVolume,3366.72,,G
04/08/2020,04:19:00,PT Level,5.64,in,G
04/08/2020,04:19:00,Flow_cfs,7.35,,G
04/08/2020,04:19:00,FlowVolume,3807.72,,G
04/08/2020,04:20:00,PT Level,5.65,in,G
04/08/2020,04:20:00,Aliquot_Num,22,ali,G
04/08/2020,04:20:00,Flow_cfs,7.37,,G
04/08/2020,04:20:00,Curr_pacing,30000.00,,G
04/08/2020,04:20:00,FlowVolume,4250.22,,G
04/08/2020,04:21:00,PT Level,5.64,in,G
04/08/2020,04:21:00,Flow_cfs,7.35,,G
04/08/2020,04:21:00,FlowVolume,4691.22,,G
04/08/2020,04:22:00,PT Level,5.65,in,G
04/08/2020,04:22:00,Flow_cfs,7.37,,G
04/08/2020,04:22:00,FlowVolume,5133.72,,G
04/08/2020,04:23:00,PT Level,5.65,in,G
04/08/2020,04:23:00,Flow_cfs,7.37,,G
04/08/2020,04:23:00,FlowVolume,5576.22,,G
04/08/2020,04:24:00,PT Level,5.65,in,G
04/08/2020,04:24:00,Flow_cfs,7.37,,G
04/08/2020,04:24:00,FlowVolume,6018.72,,G
04/08/2020,04:25:00,PT Level,5.67,in,G
04/08/2020,04:25:00,Aliquot_Num,22,ali,G
04/08/2020,04:25:00,Flow_cfs,7.43,,G
04/08/2020,04:25:00,Curr_pacing,30000.00,,G
04/08/2020,04:25:00,FlowVolume,6464.22,,G
04/08/2020,04:26:00,PT Level,5.67,in,G
04/08/2020,04:26:00,Flow_cfs,7.43,,G
04/08/2020,04:26:00,FlowVolume,6909.72,,G
04/08/2020,04:27:00,PT Level,5.67,in,G
04/08/2020,04:27:00,Flow_cfs,7.43,,G
04/08/2020,04:27:00,FlowVolume,7355.22,,G
04/08/2020,04:28:00,PT Level,5.66,in,G
04/08/2020,04:28:00,Flow_cfs,7.40,,G
04/08/2020,04:28:00,FlowVolume,7799.22,,G
04/08/2020,04:29:00,PT Level,5.67,in,G
04/08/2020,04:29:00,Flow_cfs,7.43,,G
04/08/2020,04:29:00,FlowVolume,8244.72,,G
04/08/2020,04:30:00,PT Level,5.68,in,G
04/08/2020,04:30:00,Aliquot_Num,22,ali,G
04/08/2020,04:30:00,Flow_cfs,7.45,,G
04/08/2020,04:30:00,Curr_pacing,30000.00,,G
04/08/2020,04:30:00,FlowVolume,8691.72,,G
04/08/2020,04:31:00,PT Level,5.69,in,G
04/08/2020,04:31:00,Flow_cfs,7.47,,G
04/08/2020,04:31:00,FlowVolume,9140.22,,G
04/08/2020,04:32:00,PT Level,5.69,in,G
04/08/2020,04:32:00,Flow_cfs,7.47,,G
04/08/2020,04:32:00,FlowVolume,9588.72,,G
04/08/2020,04:33:00,PT Level,5.70,in,G
04/08/2020,04:33:00,Flow_cfs,7.50,,G
04/08/2020,04:33:00,FlowVolume,10038.72,,G
04/08/2020,04:34:00,PT Level,5.69,in,G
04/08/2020,04:34:00,Flow_cfs,7.47,,G
04/08/2020,04:34:00,FlowVolume,10487.22,,G
04/08/2020,04:35:00,PT Level,5.70,in,G
04/08/2020,04:35:00,Aliquot_Num,22,ali,G
04/08/2020,04:35:00,Flow_cfs,7.50,,G
04/08/2020,04:35:00,Curr_pacing,30000.00,,G
04/08/2020,04:35:00,FlowVolume,10937.22,,G
04/08/2020,04:36:00,PT Level,5.70,in,G
04/08/2020,04:36:00,Flow_cfs,7.50,,G
04/08/2020,04:36:00,FlowVolume,11387.22,,G
04/08/2020,04:37:00,PT Level,5.71,in,G
04/08/2020,04:37:00,Flow_cfs,7.50,,G
04/08/2020,04:37:00,FlowVolume,11837.29,,G
04/08/2020,04:38:00,PT Level,5.70,in,G
04/08/2020,04:38:00,Flow_cfs,7.50,,G
04/08/2020,04:38:00,FlowVolume,12287.29,,G
04/08/2020,04:39:00,PT Level,5.71,in,G
04/08/2020,04:39:00,Flow_cfs,7.50,,G
04/08/2020,04:39:00,FlowVolume,12737.37,,G
04/08/2020,04:40:00,PT Level,5.72,in,G
04/08/2020,04:40:00,Aliquot_Num,22,ali,G
04/08/2020,04:40:00,Flow_cfs,7.50,,G
04/08/2020,04:40:00,Curr_pacing,30000.00,,G
04/08/2020,04:40:00,FlowVolume,13187.51,,G
04/08/2020,04:41:00,PT Level,5.71,in,G
04/08/2020,04:41:00,Flow_cfs,7.50,,G
04/08/2020,04:41:00,FlowVolume,13637.58,,G
04/08/2020,04:42:00,PT Level,5.72,in,G
04/08/2020,04:42:00,Flow_cfs,7.50,,G
04/08/2020,04:42:00,FlowVolume,14087.73,,G
04/08/2020,04:43:00,PT Level,5.73,in,G
04/08/2020,04:43:00,Flow_cfs,7.50,,G
04/08/2020,04:43:00,FlowVolume,14537.94,,G
04/08/2020,04:44:00,PT Level,5.74,in,G
04/08/2020,04:44:00,Flow_cfs,7.50,,G
04/08/2020,04:44:00,FlowVolume,14988.23,,G
04/08/2020,04:45:00,PT Level,5.75,in,G
04/08/2020,04:45:00,Aliquot_Num,22,ali,G
04/08/2020,04:45:00,Flow_cfs,7.51,,G
04/08/2020,04:45:00,Curr_pacing,30000.00,,G
04/08/2020,04:45:00,FlowVolume,15438.59,,G
04/08/2020,04:46:00,PT Level,5.75,in,G
04/08/2020,04:46:00,Flow_cfs,7.51,,G
04/08/2020,04:46:00,FlowVolume,15888.96,,G
04/08/2020,04:47:00,PT Level,5.76,in,G
04/08/2020,04:47:00,Flow_cfs,7.51,,G
04/08/2020,04:47:00,FlowVolume,16339.39,,G
04/08/2020,04:48:00,PT Level,5.74,in,G
04/08/2020,04:48:00,Flow_cfs,7.50,,G
04/08/2020,04:48:00,FlowVolume,16789.68,,G
04/08/2020,04:49:00,PT Level,5.78,in,G
04/08/2020,04:49:00,Flow_cfs,7.51,,G
04/08/2020,04:49:00,FlowVolume,17240.26,,G
04/08/2020,04:50:00,PT Level,5.78,in,G
04/08/2020,04:50:00,Aliquot_Num,22,ali,G
04/08/2020,04:50:00,Flow_cfs,7.51,,G
04/08/2020,04:50:00,Curr_pacing,30000.00,,G
04/08/2020,04:50:00,FlowVolume,17690.84,,G
04/08/2020,04:51:00,PT Level,5.79,in,G
04/08/2020,04:51:00,Flow_cfs,7.51,,G
04/08/2020,04:51:00,FlowVolume,18141.49,,G
04/08/2020,04:52:00,PT Level,5.78,in,G
04/08/2020,04:52:00,Flow_cfs,7.51,,G
04/08/2020,04:52:00,FlowVolume,18592.06,,G
04/08/2020,04:53:00,PT Level,5.79,in,G
04/08/2020,04:53:00,Flow_cfs,7.51,,G
04/08/2020,04:53:00,FlowVolume,19042.71,,G
04/08/2020,04:54:00,PT Level,5.80,in,G
04/08/2020,04:54:00,Flow_cfs,7.51,,G
04/08/2020,04:54:00,FlowVolume,19493.44,,G
04/08/2020,04:55:00,PT Level,5.79,in,G
04/08/2020,04:55:00,Aliquot_Num,22,ali,G
04/08/2020,04:55:00,Flow_cfs,7.51,,G
04/08/2020,04:55:00,Curr_pacing,30000.00,,G
04/08/2020,04:55:00,FlowVolume,19944.09,,G
04/08/2020,04:56:00,PT Level,5.81,in,G
04/08/2020,04:56:00,Flow_cfs,7.51,,G
04/08/2020,04:56:00,FlowVolume,20394.88,,G
04/08/2020,04:57:00,PT Level,5.82,in,G
04/08/2020,04:57:00,Flow_cfs,7.51,,G
04/08/2020,04:57:00,FlowVolume,20845.75,,G
04/08/2020,04:58:00,PT Level,5.83,in,G
04/08/2020,04:58:00,Flow_cfs,7.52,,G
04/08/2020,04:58:00,FlowVolume,21296.69,,G
04/08/2020,04:59:00,PT Level,5.83,in,G
04/08/2020,04:59:00,Flow_cfs,7.52,,G
04/08/2020,04:59:00,FlowVolume,21747.63,,G
04/08/2020,05:00:00,PT Level,5.83,in,G
04/08/2020,05:00:00,Aliquot_Num,22,ali,G
04/08/2020,05:00:00,Flow_cfs,7.52,,G
04/08/2020,05:00:00,Curr_pacing,30000.00,,G
04/08/2020,05:00:00,FlowVolume,22198.57,,G
04/08/2020,05:01:00,PT Level,5.83,in,G
04/08/2020,05:01:00,Flow_cfs,7.52,,G
04/08/2020,05:01:00,FlowVolume,22649.51,,G
04/08/2020,05:02:00,PT Level,5.86,in,G
04/08/2020,05:02:00,Flow_cfs,7.52,,G
04/08/2020,05:02:00,FlowVolume,23100.67,,G
04/08/2020,05:03:00,PT Level,5.85,in,G
04/08/2020,05:03:00,Flow_cfs,7.52,,G
04/08/2020,05:03:00,FlowVolume,23551.75,,G
04/08/2020,05:04:00,PT Level,5.87,in,G
04/08/2020,05:04:00,Flow_cfs,7.52,,G
04/08/2020,05:04:00,FlowVolume,24002.98,,G
04/08/2020,05:05:00,PT Level,5.88,in,G
04/08/2020,05:05:00,Aliquot_Num,22,ali,G
04/08/2020,05:05:00,Flow_cfs,7.52,,G
04/08/2020,05:05:00,Curr_pacing,30000.00,,G
04/08/2020,05:05:00,FlowVolume,24454.28,,G
04/08/2020,05:06:00,PT Level,5.89,in,G
04/08/2020,05:06:00,Flow_cfs,7.52,,G
04/08/2020,05:06:00,FlowVolume,24905.65,,G
04/08/2020,05:07:00,PT Level,5.88,in,G
04/08/2020,05:07:00,Flow_cfs,7.52,,G
04/08/2020,05:07:00,FlowVolume,25356.96,,G
04/08/2020,05:08:00,PT Level,5.89,in,G
04/08/2020,05:08:00,Flow_cfs,7.52,,G
04/08/2020,05:08:00,FlowVolume,25808.33,,G
04/08/2020,05:09:00,PT Level,5.90,in,G
04/08/2020,05:09:00,Flow_cfs,7.52,,G
04/08/2020,05:09:00,FlowVolume,26259.78,,G
04/08/2020,05:10:00,PT Level,5.90,in,G
04/08/2020,05:10:00,Aliquot_Num,22,ali,G
04/08/2020,05:10:00,Flow_cfs,7.52,,G
04/08/2020,05:10:00,Curr_pacing,30000.00,,G
04/08/2020,05:10:00,FlowVolume,26711.22,,G
04/08/2020,05:11:00,PT Level,5.90,in,G
04/08/2020,05:11:00,Flow_cfs,7.52,,G
04/08/2020,05:11:00,FlowVolume,27162.67,,G
04/08/2020,05:12:00,PT Level,5.92,in,G
04/08/2020,05:12:00,Flow_cfs,7.53,,G
04/08/2020,05:12:00,FlowVolume,27614.26,,G
04/08/2020,05:13:00,PT Level,5.93,in,G
04/08/2020,05:13:00,Flow_cfs,7.53,,G
04/08/2020,05:13:00,FlowVolume,28065.92,,G
04/08/2020,05:14:00,PT Level,5.95,in,G
04/08/2020,05:14:00,Flow_cfs,7.53,,G
04/08/2020,05:14:00,FlowVolume,28517.73,,G
04/08/2020,05:15:00,PT Level,5.95,in,G
04/08/2020,05:15:00,Aliquot_Num,22,ali,G
04/08/2020,05:15:00,Flow_cfs,7.53,,G
04/08/2020,05:15:00,Curr_pacing,30000.00,,G
04/08/2020,05:15:00,FlowVolume,28969.53,,G
04/08/2020,05:16:00,PT Level,5.96,in,G
04/08/2020,05:16:00,Flow_cfs,7.53,,G
04/08/2020,05:16:00,FlowVolume,29421.41,,G
04/08/2020,05:17:00,PT Level,5.95,in,G
04/08/2020,05:17:00,Flow_cfs,7.53,,G
04/08/2020,05:17:00,FlowVolume,29873.22,,G
04/08/2020,05:18:00,PT Level,5.96,in,G
04/08/2020,05:18:00,Flow_cfs,7.53,,G
04/08/2020,05:18:00,Triggered S,23,,G
04/08/2020,05:18:00,VolumeTrig,30325.10,,G
04/08/2020,05:18:00,FlowVolume,325.10,,G
04/08/2020,05:19:00,PT Level,5.96,in,G
04/08/2020,05:19:00,Flow_cfs,7.53,,G
04/08/2020,05:19:00,FlowVolume,776.98,,G
04/08/2020,05:20:00,PT Level,5.97,in,G
04/08/2020,05:20:00,Aliquot_Num,23,ali,G
04/08/2020,05:20:00,Flow_cfs,7.53,,G
04/08/2020,05:20:00,Curr_pacing,30000.00,,G
04/08/2020,05:20:00,FlowVolume,1228.93,,G
04/08/2020,05:21:00,PT Level,5.98,in,G
04/08/2020,05:21:00,Flow_cfs,7.53,,G
04/08/2020,05:21:00,FlowVolume,1680.96,,G
04/08/2020,05:22:00,PT Level,5.99,in,G
04/08/2020,05:22:00,Flow_cfs,7.53,,G
04/08/2020,05:22:00,FlowVolume,2133.05,,G
04/08/2020,05:23:00,PT Level,6.01,in,G
04/08/2020,05:23:00,Flow_cfs,7.54,,G
04/08/2020,05:23:00,FlowVolume,2585.29,,G
04/08/2020,05:24:00,PT Level,6.00,in,G
04/08/2020,05:24:00,Flow_cfs,7.54,,G
04/08/2020,05:24:00,FlowVolume,3037.46,,G
04/08/2020,05:25:00,PT Level,6.02,in,G
04/08/2020,05:25:00,Aliquot_Num,23,ali,G
04/08/2020,05:25:00,Flow_cfs,7.54,,G
04/08/2020,05:25:00,Curr_pacing,30000.00,,G
04/08/2020,05:25:00,FlowVolume,3489.78,,G
04/08/2020,05:26:00,PT Level,6.02,in,G
04/08/2020,05:26:00,Flow_cfs,7.54,,G
04/08/2020,05:26:00,FlowVolume,3942.09,,G
04/08/2020,05:27:00,PT Level,6.01,in,G
04/08/2020,05:27:00,Flow_cfs,7.54,,G
04/08/2020,05:27:00,FlowVolume,4394.33,,G
04/08/2020,05:28:00,PT Level,6.02,in,G
04/08/2020,05:28:00,Flow_cfs,7.54,,G
04/08/2020,05:28:00,FlowVolume,4846.64,,G
04/08/2020,05:29:00,PT Level,6.04,in,G
04/08/2020,05:29:00,Flow_cfs,7.54,,G
04/08/2020,05:29:00,FlowVolume,5299.10,,G
04/08/2020,05:30:00,PT Level,6.04,in,G
04/08/2020,05:30:00,Aliquot_Num,23,ali,G
04/08/2020,05:30:00,Flow_cfs,7.54,,G
04/08/2020,05:30:00,Curr_pacing,30000.00,,G
04/08/2020,05:30:00,FlowVolume,5751.56,,G
04/08/2020,05:31:00,PT Level,6.06,in,G
04/08/2020,05:31:00,Flow_cfs,7.54,,G
04/08/2020,05:31:00,FlowVolume,6204.16,,G
04/08/2020,05:32:00,PT Level,6.05,in,G
04/08/2020,05:32:00,Flow_cfs,7.54,,G
04/08/2020,05:32:00,FlowVolume,6656.69,,G
04/08/2020,05:33:00,PT Level,6.07,in,G
04/08/2020,05:33:00,Flow_cfs,7.54,,G
04/08/2020,05:33:00,FlowVolume,7109.37,,G
04/08/2020,05:34:00,PT Level,6.07,in,G
04/08/2020,05:34:00,Flow_cfs,7.54,,G
04/08/2020,05:34:00,FlowVolume,7562.04,,G
04/08/2020,05:35:00,PT Level,6.09,in,G
04/08/2020,05:35:00,Aliquot_Num,23,ali,G
04/08/2020,05:35:00,Flow_cfs,7.55,,G
04/08/2020,05:35:00,Curr_pacing,30000.00,,G
04/08/2020,05:35:00,FlowVolume,8014.86,,G
04/08/2020,05:36:00,PT Level,6.09,in,G
04/08/2020,05:36:00,Flow_cfs,7.55,,G
04/08/2020,05:36:00,FlowVolume,8467.68,,G
04/08/2020,05:37:00,PT Level,6.10,in,G
04/08/2020,05:37:00,Flow_cfs,7.55,,G
04/08/2020,05:37:00,FlowVolume,8920.57,,G
04/08/2020,05:38:00,PT Level,6.10,in,G
04/08/2020,05:38:00,Flow_cfs,7.55,,G
04/08/2020,05:38:00,FlowVolume,9373.46,,G
04/08/2020,05:39:00,PT Level,6.11,in,G
04/08/2020,05:39:00,Flow_cfs,7.55,,G
04/08/2020,05:39:00,FlowVolume,9826.43,,G
04/08/2020,05:40:00,PT Level,6.12,in,G
04/08/2020,05:40:00,Aliquot_Num,23,ali,G
04/08/2020,05:40:00,Flow_cfs,7.55,,G
04/08/2020,05:40:00,Curr_pacing,30000.00,,G
04/08/2020,05:40:00,FlowVolume,10279.46,,G
04/08/2020,05:41:00,PT Level,6.12,in,G
04/08/2020,05:41:00,Flow_cfs,7.55,,G
04/08/2020,05:41:00,FlowVolume,10732.50,,G
04/08/2020,05:42:00,PT Level,6.12,in,G
04/08/2020,05:42:00,Flow_cfs,7.55,,G
04/08/2020,05:42:00,FlowVolume,11185.53,,G
04/08/2020,05:43:00,PT Level,6.15,in,G
04/08/2020,05:43:00,Flow_cfs,7.55,,G
04/08/2020,05:43:00,FlowVolume,11638.79,,G
04/08/2020,05:44:00,PT Level,6.15,in,G
04/08/2020,05:44:00,Flow_cfs,7.55,,G
04/08/2020,05:44:00,FlowVolume,12092.04,,G
04/08/2020,05:45:00,PT Level,6.16,in,G
04/08/2020,05:45:00,Aliquot_Num,23,ali,G
04/08/2020,05:45:00,Flow_cfs,7.56,,G
04/08/2020,05:45:00,Curr_pacing,30000.00,,G
04/08/2020,05:45:00,FlowVolume,12545.37,,G
04/08/2020,05:46:00,PT Level,6.15,in,G
04/08/2020,05:46:00,Flow_cfs,7.55,,G
04/08/2020,05:46:00,FlowVolume,12998.62,,G
04/08/2020,05:47:00,PT Level,6.16,in,G
04/08/2020,05:47:00,Flow_cfs,7.56,,G
04/08/2020,05:47:00,FlowVolume,13451.94,,G
04/08/2020,05:48:00,PT Level,6.17,in,G
04/08/2020,05:48:00,Flow_cfs,7.56,,G
04/08/2020,05:48:00,FlowVolume,13905.34,,G
04/08/2020,05:49:00,PT Level,6.18,in,G
04/08/2020,05:49:00,Flow_cfs,7.56,,G
04/08/2020,05:49:00,FlowVolume,14358.81,,G
04/08/2020,05:50:00,PT Level,6.18,in,G
04/08/2020,05:50:00,Aliquot_Num,23,ali,G
04/08/2020,05:50:00,Flow_cfs,7.56,,G
04/08/2020,05:50:00,Curr_pacing,30000.00,,G
04/08/2020,05:50:00,FlowVolume,14812.28,,G
04/08/2020,05:51:00,PT Level,6.21,in,G
04/08/2020,05:51:00,Flow_cfs,7.56,,G
04/08/2020,05:51:00,FlowVolume,15265.97,,G
04/08/2020,05:52:00,PT Level,6.20,in,G
04/08/2020,05:52:00,Flow_cfs,7.56,,G
04/08/2020,05:52:00,FlowVolume,15719.58,,G
04/08/2020,05:53:00,PT Level,6.21,in,G
04/08/2020,05:53:00,Flow_cfs,7.56,,G
04/08/2020,05:53:00,FlowVolume,16173.27,,G
04/08/2020,05:54:00,PT Level,6.21,in,G
04/08/2020,05:54:00,Flow_cfs,7.56,,G
04/08/2020,05:54:00,FlowVolume,16626.96,,G
04/08/2020,05:55:00,PT Level,6.24,in,G
04/08/2020,05:55:00,Aliquot_Num,23,ali,G
04/08/2020,05:55:00,Flow_cfs,7.57,,G
04/08/2020,05:55:00,Curr_pacing,30000.00,,G
04/08/2020,05:55:00,FlowVolume,17080.86,,G
04/08/2020,05:56:00,PT Level,6.24,in,G
04/08/2020,05:56:00,Flow_cfs,7.57,,G
04/08/2020,05:56:00,FlowVolume,17534.76,,G
04/08/2020,05:57:00,PT Level,6.25,in,G
04/08/2020,05:57:00,Flow_cfs,7.57,,G
04/08/2020,05:57:00,FlowVolume,17988.74,,G
04/08/2020,05:58:00,PT Level,6.25,in,G
04/08/2020,05:58:00,Flow_cfs,7.57,,G
04/08/2020,05:58:00,FlowVolume,18442.71,,G
04/08/2020,05:59:00,PT Level,6.26,in,G
04/08/2020,05:59:00,Flow_cfs,7.57,,G
04/08/2020,05:59:00,FlowVolume,18896.76,,G
04/08/2020,06:00:00,PT Level,6.27,in,G
04/08/2020,06:00:00,Aliquot_Num,23,ali,G
04/08/2020,06:00:00,Flow_cfs,7.57,,G
04/08/2020,06:00:00,Curr_pacing,30000.00,,G
04/08/2020,06:00:00,FlowVolume,19350.88,,G
04/08/2020,06:01:00,PT Level,6.28,in,G
04/08/2020,06:01:00,Flow_cfs,7.57,,G
04/08/2020,06:01:00,FlowVolume,19805.08,,G
04/08/2020,06:02:00,PT Level,6.30,in,G
04/08/2020,06:02:00,Flow_cfs,7.57,,G
04/08/2020,06:02:00,FlowVolume,20259.41,,G
04/08/2020,06:03:00,PT Level,6.31,in,G
04/08/2020,06:03:00,Flow_cfs,7.57,,G
04/08/2020,06:03:00,FlowVolume,20713.82,,G
04/08/2020,06:04:00,PT Level,6.32,in,G
04/08/2020,06:04:00,Flow_cfs,7.57,,G
04/08/2020,06:04:00,FlowVolume,21168.31,,G
04/08/2020,06:05:00,PT Level,6.30,in,G
04/08/2020,06:05:00,Aliquot_Num,23,ali,G
04/08/2020,06:05:00,Flow_cfs,7.57,,G
04/08/2020,06:05:00,Curr_pacing,30000.00,,G
04/08/2020,06:05:00,FlowVolume,21622.64,,G
04/08/2020,06:06:00,PT Level,6.30,in,G
04/08/2020,06:06:00,Flow_cfs,7.57,,G
04/08/2020,06:06:00,FlowVolume,22076.98,,G
04/08/2020,06:07:00,PT Level,6.32,in,G
04/08/2020,06:07:00,Flow_cfs,7.57,,G
04/08/2020,06:07:00,FlowVolume,22531.46,,G
04/08/2020,06:08:00,PT Level,6.33,in,G
04/08/2020,06:08:00,Flow_cfs,7.58,,G
04/08/2020,06:08:00,FlowVolume,22986.02,,G
04/08/2020,06:09:00,PT Level,6.35,in,G
04/08/2020,06:09:00,Flow_cfs,7.58,,G
04/08/2020,06:09:00,FlowVolume,23440.71,,G
04/08/2020,06:10:00,PT Level,6.35,in,G
04/08/2020,06:10:00,Aliquot_Num,23,ali,G
04/08/2020,06:10:00,Flow_cfs,7.58,,G
04/08/2020,06:10:00,Curr_pacing,30000.00,,G
04/08/2020,06:10:00,FlowVolume,23895.41,,G
04/08/2020,06:11:00,PT Level,6.35,in,G
04/08/2020,06:11:00,Flow_cfs,7.58,,G
04/08/2020,06:11:00,FlowVolume,24350.11,,G
04/08/2020,06:12:00,PT Level,6.37,in,G
04/08/2020,06:12:00,Flow_cfs,7.58,,G
04/08/2020,06:12:00,FlowVolume,24804.96,,G
04/08/2020,06:13:00,PT Level,6.39,in,G
04/08/2020,06:13:00,Flow_cfs,7.58,,G
04/08/2020,06:13:00,FlowVolume,25259.94,,G
04/08/2020,06:14:00,PT Level,6.38,in,G
04/08/2020,06:14:00,Flow_cfs,7.58,,G
04/08/2020,06:14:00,FlowVolume,25714.86,,G
04/08/2020,06:15:00,PT Level,6.38,in,G
04/08/2020,06:15:00,Aliquot_Num,23,ali,G
04/08/2020,06:15:00,Flow_cfs,7.58,,G
04/08/2020,06:15:00,Curr_pacing,30000.00,,G
04/08/2020,06:15:00,FlowVolume,26169.78,,G
04/08/2020,06:16:00,PT Level,6.40,in,G
04/08/2020,06:16:00,Flow_cfs,7.58,,G
04/08/2020,06:16:00,FlowVolume,26624.84,,G
04/08/2020,06:17:00,PT Level,6.41,in,G
04/08/2020,06:17:00,Flow_cfs,7.59,,G
04/08/2020,06:17:00,FlowVolume,27079.97,,G
04/08/2020,06:18:00,PT Level,6.41,in,G
04/08/2020,06:18:00,Flow_cfs,7.59,,G
04/08/2020,06:18:00,FlowVolume,27535.10,,G
04/08/2020,06:19:00,PT Level,6.43,in,G
04/08/2020,06:19:00,Flow_cfs,7.59,,G
04/08/2020,06:19:00,FlowVolume,27990.38,,G
04/08/2020,06:20:00,PT Level,6.42,in,G
04/08/2020,06:20:00,Aliquot_Num,23,ali,G
04/08/2020,06:20:00,Flow_cfs,7.59,,G
04/08/2020,06:20:00,Curr_pacing,30000.00,,G
04/08/2020,06:20:00,FlowVolume,28445.58,,G
04/08/2020,06:21:00,PT Level,6.44,in,G
04/08/2020,06:21:00,Flow_cfs,7.59,,G
04/08/2020,06:21:00,FlowVolume,28900.93,,G
04/08/2020,06:22:00,PT Level,6.43,in,G
04/08/2020,06:22:00,Flow_cfs,7.59,,G
04/08/2020,06:22:00,FlowVolume,29356.21,,G
04/08/2020,06:23:00,PT Level,6.43,in,G
04/08/2020,06:23:00,Flow_cfs,7.59,,G
04/08/2020,06:23:00,FlowVolume,29811.49,,G
04/08/2020,06:24:00,PT Level,6.44,in,G
04/08/2020,06:24:00,Flow_cfs,7.59,,G
04/08/2020,06:24:00,Triggered S,24,,G
04/08/2020,06:24:00,VolumeTrig,30266.84,,G
04/08/2020,06:24:00,FlowVolume,266.84,,G
04/08/2020,06:25:00,PT Level,6.47,in,G
04/08/2020,06:25:00,Aliquot_Num,24,ali,G
04/08/2020,06:25:00,Flow_cfs,7.59,,G
04/08/2020,06:25:00,Curr_pacing,30000.00,,G
04/08/2020,06:25:00,FlowVolume,722.40,,G
04/08/2020,06:26:00,PT Level,6.47,in,G
04/08/2020,06:26:00,Flow_cfs,7.59,,G
04/08/2020,06:26:00,FlowVolume,1177.97,,G
04/08/2020,06:27:00,PT Level,6.49,in,G
04/08/2020,06:27:00,Flow_cfs,7.60,,G
04/08/2020,06:27:00,FlowVolume,1633.68,,G
04/08/2020,06:28:00,PT Level,6.49,in,G
04/08/2020,06:28:00,Flow_cfs,7.60,,G
04/08/2020,06:28:00,FlowVolume,2089.39,,G
04/08/2020,06:29:00,PT Level,6.48,in,G
04/08/2020,06:29:00,Flow_cfs,7.59,,G
04/08/2020,06:29:00,FlowVolume,2545.03,,G
04/08/2020,06:30:00,PT Level,6.50,in,G
04/08/2020,06:30:00,Aliquot_Num,24,ali,G
04/08/2020,06:30:00,Flow_cfs,7.60,,G
04/08/2020,06:30:00,Curr_pacing,30000.00,,G
04/08/2020,06:30:00,FlowVolume,3000.81,,G
04/08/2020,06:31:00,PT Level,6.52,in,G
04/08/2020,06:31:00,Flow_cfs,7.60,,G
04/08/2020,06:31:00,FlowVolume,3456.74,,G
04/08/2020,06:32:00,PT Level,6.51,in,G
04/08/2020,06:32:00,Flow_cfs,7.60,,G
04/08/2020,06:32:00,FlowVolume,3912.59,,G
04/08/2020,06:33:00,PT Level,6.54,in,G
04/08/2020,06:33:00,Flow_cfs,7.60,,G
04/08/2020,06:33:00,FlowVolume,4368.67,,G
04/08/2020,06:34:00,PT Level,6.54,in,G
04/08/2020,06:34:00,Flow_cfs,7.60,,G
04/08/2020,06:34:00,FlowVolume,4824.74,,G
04/08/2020,06:35:00,PT Level,6.54,in,G
04/08/2020,06:35:00,Aliquot_Num,24,ali,G
04/08/2020,06:35:00,Flow_cfs,7.60,,G
04/08/2020,06:35:00,Curr_pacing,30000.00,,G
04/08/2020,06:35:00,FlowVolume,5280.81,,G
04/08/2020,06:36:00,PT Level,6.55,in,G
04/08/2020,06:36:00,Flow_cfs,7.60,,G
04/08/2020,06:36:00,FlowVolume,5736.96,,G
04/08/2020,06:37:00,PT Level,6.57,in,G
04/08/2020,06:37:00,Flow_cfs,7.60,,G
04/08/2020,06:37:00,FlowVolume,6193.25,,G
04/08/2020,06:38:00,PT Level,6.55,in,G
04/08/2020,06:38:00,Flow_cfs,7.60,,G
04/08/2020,06:38:00,FlowVolume,6649.39,,G
04/08/2020,06:39:00,PT Level,6.57,in,G
04/08/2020,06:39:00,Flow_cfs,7.60,,G
04/08/2020,06:39:00,FlowVolume,7105.68,,G
04/08/2020,06:40:00,PT Level,6.58,in,G
04/08/2020,06:40:00,Aliquot_Num,24,ali,G
04/08/2020,06:40:00,Flow_cfs,7.61,,G
04/08/2020,06:40:00,Curr_pacing,30000.00,,G
04/08/2020,06:40:00,FlowVolume,7562.04,,G
04/08/2020,06:41:00,PT Level,6.58,in,G
04/08/2020,06:41:00,Flow_cfs,7.61,,G
04/08/2020,06:41:00,FlowVolume,8018.40,,G
04/08/2020,06:42:00,PT Level,6.60,in,G
04/08/2020,06:42:00,Flow_cfs,7.61,,G
04/08/2020,06:42:00,FlowVolume,8474.91,,G
04/08/2020,06:43:00,PT Level,6.60,in,G
04/08/2020,06:43:00,Flow_cfs,7.61,,G
04/08/2020,06:43:00,FlowVolume,8931.41,,G
04/08/2020,06:43:40,Log Download,0,,G
04/08/2020,06:44:00,PT Level,6.58,in,G
04/08/2020,06:44:00,Flow_cfs,7.61,,G
04/08/2020,06:44:00,FlowVolume,9387.78,,G
04/08/2020,06:45:00,PT Level,6.61,in,G
04/08/2020,06:45:00,Aliquot_Num,24,ali,G
04/08/2020,06:45:00,Flow_cfs,7.61,,G
04/08/2020,06:45:00,Curr_pacing,30000.00,,G
04/08/2020,06:45:00,FlowVolume,9844.35,,G
04/08/2020,06:45:39,Log Download,0,,G
04/08/2020,06:46:00,PT Level,6.62,in,G
04/08/2020,06:46:00,Flow_cfs,7.61,,G
04/08/2020,06:46:00,FlowVolume,10301.00,,G
04/08/2020,06:47:00,PT Level,6.64,in,G
04/08/2020,06:47:00,Flow_cfs,7.61,,G
04/08/2020,06:47:00,FlowVolume,10757.80,,G
04/08/2020,06:47:15,Client Conn,74,,G
04/08/2020,06:48:00,PT Level,6.65,in,G
04/08/2020,06:48:00,Flow_cfs,7.61,,G
04/08/2020,06:48:00,FlowVolume,11214.67,,G
04/08/2020,06:49:00,PT Level,6.64,in,G
04/08/2020,06:49:00,Flow_cfs,7.61,,G
04/08/2020,06:49:00,FlowVolume,11671.46,,G
04/08/2020,06:50:00,PT Level,6.66,in,G
04/08/2020,06:50:00,Aliquot_Num,24,ali,G
04/08/2020,06:50:00,Flow_cfs,7.62,,G
04/08/2020,06:50:00,Curr_pacing,30000.00,,G
04/08/2020,06:50:00,FlowVolume,12128.40,,G
04/08/2020,06:51:00,PT Level,6.67,in,G
04/08/2020,06:51:00,Flow_cfs,7.62,,G
04/08/2020,06:51:00,FlowVolume,12585.41,,G
04/08/2020,06:52:00,PT Level,6.68,in,G
04/08/2020,06:52:00,Flow_cfs,7.62,,G
04/08/2020,06:52:00,FlowVolume,13042.50,,G
04/08/2020,06:53:00,PT Level,6.66,in,G
04/08/2020,06:53:00,Flow_cfs,7.62,,G
04/08/2020,06:53:00,FlowVolume,13499.44,,G
04/08/2020,06:54:00,PT Level,6.66,in,G
04/08/2020,06:54:00,Flow_cfs,7.62,,G
04/08/2020,06:54:00,FlowVolume,13956.38,,G
04/08/2020,06:55:00,PT Level,6.67,in,G
04/08/2020,06:55:00,Aliquot_Num,24,ali,G
04/08/2020,06:55:00,Flow_cfs,7.62,,G
04/08/2020,06:55:00,Curr_pacing,30000.00,,G
04/08/2020,06:55:00,FlowVolume,14413.39,,G
04/08/2020,06:56:00,PT Level,6.69,in,G
04/08/2020,06:56:00,Flow_cfs,7.62,,G
04/08/2020,06:56:00,FlowVolume,14870.55,,G
04/08/2020,06:57:00,PT Level,6.69,in,G
04/08/2020,06:57:00,Flow_cfs,7.62,,G
04/08/2020,06:57:00,FlowVolume,15327.70,,G
04/08/2020,06:58:00,PT Level,6.71,in,G
04/08/2020,06:58:00,Flow_cfs,7.62,,G
04/08/2020,06:58:00,FlowVolume,15785.00,,G
04/08/2020,06:59:00,PT Level,6.73,in,G
04/08/2020,06:59:00,Flow_cfs,7.62,,G
04/08/2020,06:59:00,FlowVolume,16242.45,,G
04/08/2020,07:00:00,PT Level,6.73,in,G
04/08/2020,07:00:00,Aliquot_Num,24,ali,G
04/08/2020,07:00:00,Flow_cfs,7.62,,G
04/08/2020,07:00:00,Curr_pacing,30000.00,,G
04/08/2020,07:00:00,FlowVolume,16699.90,,G
04/08/2020,07:01:00,PT Level,6.72,in,G
04/08/2020,07:01:00,Flow_cfs,7.62,,G
04/08/2020,07:01:00,FlowVolume,17157.27,,G
04/08/2020,07:02:00,PT Level,6.74,in,G
04/08/2020,07:02:00,Flow_cfs,7.63,,G
04/08/2020,07:02:00,FlowVolume,17614.79,,G
04/08/2020,07:03:00,PT Level,6.74,in,G
04/08/2020,07:03:00,Flow_cfs,7.63,,G
04/08/2020,07:03:00,FlowVolume,18072.31,,G
04/08/2020,07:04:00,PT Level,6.77,in,G
04/08/2020,07:04:00,Flow_cfs,7.63,,G
04/08/2020,07:04:00,FlowVolume,18530.04,,G
04/08/2020,07:05:00,PT Level,6.76,in,G
04/08/2020,07:05:00,Aliquot_Num,24,ali,G
04/08/2020,07:05:00,Flow_cfs,7.63,,G
04/08/2020,07:05:00,Curr_pacing,30000.00,,G
04/08/2020,07:05:00,FlowVolume,18987.70,,G
04/08/2020,07:06:00,PT Level,6.77,in,G
04/08/2020,07:06:00,Flow_cfs,7.63,,G
04/08/2020,07:06:00,FlowVolume,19445.44,,G
04/08/2020,07:07:00,PT Level,6.77,in,G
04/08/2020,07:07:00,Flow_cfs,7.63,,G
04/08/2020,07:07:00,FlowVolume,19903.17,,G
04/08/2020,07:08:00,PT Level,6.77,in,G
04/08/2020,07:08:00,Flow_cfs,7.63,,G
04/08/2020,07:08:00,FlowVolume,20360.91,,G
04/08/2020,07:09:00,PT Level,6.78,in,G
04/08/2020,07:09:00,Flow_cfs,7.63,,G
04/08/2020,07:09:00,FlowVolume,20818.71,,G
04/08/2020,07:10:00,PT Level,6.79,in,G
04/08/2020,07:10:00,Aliquot_Num,24,ali,G
04/08/2020,07:10:00,Flow_cfs,7.63,,G
04/08/2020,07:10:00,Curr_pacing,30000.00,,G
04/08/2020,07:10:00,FlowVolume,21276.59,,G
04/08/2020,07:11:00,PT Level,6.79,in,G
04/08/2020,07:11:00,Flow_cfs,7.63,,G
04/08/2020,07:11:00,FlowVolume,21734.47,,G
04/08/2020,07:12:00,PT Level,6.81,in,G
04/08/2020,07:12:00,Flow_cfs,7.63,,G
04/08/2020,07:12:00,FlowVolume,22192.50,,G
04/08/2020,07:13:00,PT Level,6.81,in,G
04/08/2020,07:13:00,Flow_cfs,7.63,,G
04/08/2020,07:13:00,FlowVolume,22650.52,,G
04/08/2020,07:14:00,PT Level,6.83,in,G
04/08/2020,07:14:00,Flow_cfs,7.64,,G
04/08/2020,07:14:00,FlowVolume,23108.69,,G
04/08/2020,07:15:00,PT Level,6.83,in,G
04/08/2020,07:15:00,Aliquot_Num,24,ali,G
04/08/2020,07:15:00,Flow_cfs,7.64,,G
04/08/2020,07:15:00,Curr_pacing,30000.00,,G
04/08/2020,07:15:00,FlowVolume,23566.86,,G
04/08/2020,07:16:00,PT Level,6.82,in,G
04/08/2020,07:16:00,Flow_cfs,7.63,,G
04/08/2020,07:16:00,FlowVolume,24024.96,,G
04/08/2020,07:17:00,PT Level,6.85,in,G
04/08/2020,07:17:00,Flow_cfs,7.64,,G
04/08/2020,07:17:00,FlowVolume,24483.27,,G
04/08/2020,07:18:00,PT Level,6.84,in,G
04/08/2020,07:18:00,Flow_cfs,7.64,,G
04/08/2020,07:18:00,FlowVolume,24941.51,,G
04/08/2020,07:19:00,PT Level,6.86,in,G
04/08/2020,07:19:00,Flow_cfs,7.64,,G
04/08/2020,07:19:00,FlowVolume,25399.90,,G
04/08/2020,07:20:00,PT Level,6.85,in,G
04/08/2020,07:20:00,Aliquot_Num,24,ali,G
04/08/2020,07:20:00,Flow_cfs,7.64,,G
04/08/2020,07:20:00,Curr_pacing,30000.00,,G
04/08/2020,07:20:00,FlowVolume,25858.21,,G
04/08/2020,07:21:00,PT Level,6.86,in,G
04/08/2020,07:21:00,Flow_cfs,7.64,,G
04/08/2020,07:21:00,FlowVolume,26316.59,,G
04/08/2020,07:22:00,PT Level,6.86,in,G
04/08/2020,07:22:00,Flow_cfs,7.64,,G
04/08/2020,07:22:00,FlowVolume,26774.98,,G
04/08/2020,07:23:00,PT Level,6.89,in,G
04/08/2020,07:23:00,Flow_cfs,7.64,,G
04/08/2020,07:23:00,FlowVolume,27233.58,,G
04/08/2020,07:24:00,PT Level,6.90,in,G
04/08/2020,07:24:00,Flow_cfs,7.64,,G
04/08/2020,07:24:00,FlowVolume,27692.26,,G
04/08/2020,07:25:00,PT Level,6.90,in,G
04/08/2020,07:25:00,Aliquot_Num,24,ali,G
04/08/2020,07:25:00,Flow_cfs,7.64,,G
04/08/2020,07:25:00,Curr_pacing,30000.00,,G
04/08/2020,07:25:00,FlowVolume,28150.93,,G
04/08/2020,07:26:00,PT Level,6.93,in,G
04/08/2020,07:26:00,Flow_cfs,7.65,,G
04/08/2020,07:26:00,FlowVolume,28609.82,,G
04/08/2020,07:27:00,PT Level,6.91,in,G
04/08/2020,07:27:00,Flow_cfs,7.65,,G
04/08/2020,07:27:00,FlowVolume,29068.57,,G
04/08/2020,07:28:00,PT Level,6.92,in,G
04/08/2020,07:28:00,Flow_cfs,7.65,,G
04/08/2020,07:28:00,FlowVolume,29527.39,,G
04/08/2020,07:29:00,PT Level,6.93,in,G
04/08/2020,07:29:00,Flow_cfs,7.65,,G
04/08/2020,07:29:00,FlowVolume,29986.28,,G
04/08/2020,07:30:00,PT Level,6.93,in,G
04/08/2020,07:30:00,Aliquot_Num,24,ali,G
04/08/2020,07:30:00,Flow_cfs,7.65,,G
04/08/2020,07:30:00,Curr_pacing,30000.00,,G
04/08/2020,07:30:00,Triggered S,25,,G
04/08/2020,07:30:00,VolumeTrig,30445.17,,G
04/08/2020,07:30:00,FlowVolume,445.17,,G
04/08/2020,07:31:00,PT Level,6.94,in,G
04/08/2020,07:31:00,Flow_cfs,7.65,,G
04/08/2020,07:31:00,FlowVolume,904.14,,G
04/08/2020,07:32:00,PT Level,6.95,in,G
04/08/2020,07:32:00,Flow_cfs,7.65,,G
04/08/2020,07:32:00,FlowVolume,1363.17,,G
04/08/2020,07:33:00,PT Level,6.94,in,G
04/08/2020,07:33:00,Flow_cfs,7.65,,G
04/08/2020,07:33:00,FlowVolume,1822.14,,G
04/08/2020,07:34:00,PT Level,6.97,in,G
04/08/2020,07:34:00,Flow_cfs,7.65,,G
04/08/2020,07:34:00,FlowVolume,2281.32,,G
04/08/2020,07:35:00,PT Level,6.98,in,G
04/08/2020,07:35:00,Aliquot_Num,25,ali,G
04/08/2020,07:35:00,Flow_cfs,7.65,,G
04/08/2020,07:35:00,Curr_pacing,30000.00,,G
04/08/2020,07:35:00,FlowVolume,2740.57,,G
04/08/2020,07:36:00,PT Level,7.00,in,G
04/08/2020,07:36:00,Flow_cfs,7.66,,G
04/08/2020,07:36:00,FlowVolume,3199.97,,G
04/08/2020,07:37:00,PT Level,6.98,in,G
04/08/2020,07:37:00,Flow_cfs,7.65,,G
04/08/2020,07:37:00,FlowVolume,3659.22,,G
04/08/2020,07:38:00,PT Level,7.01,in,G
04/08/2020,07:38:00,Flow_cfs,7.66,,G
04/08/2020,07:38:00,FlowVolume,4118.69,,G
04/08/2020,07:39:00,PT Level,7.02,in,G
04/08/2020,07:39:00,Flow_cfs,7.66,,G
04/08/2020,07:39:00,FlowVolume,4578.23,,G
04/08/2020,07:40:00,PT Level,7.02,in,G
04/08/2020,07:40:00,Aliquot_Num,25,ali,G
04/08/2020,07:40:00,Flow_cfs,7.66,,G
04/08/2020,07:40:00,Curr_pacing,30000.00,,G
04/08/2020,07:40:00,FlowVolume,5037.78,,G
04/08/2020,07:41:00,PT Level,7.04,in,G
04/08/2020,07:41:00,Flow_cfs,7.66,,G
04/08/2020,07:41:00,FlowVolume,5497.46,,G
04/08/2020,07:41:50,Client Conn,75,,G
04/08/2020,07:42:00,PT Level,7.04,in,G
04/08/2020,07:42:00,Flow_cfs,7.66,,G
04/08/2020,07:42:00,FlowVolume,5957.15,,G
04/08/2020,07:43:00,PT Level,7.05,in,G
04/08/2020,07:43:00,Flow_cfs,7.66,,G
04/08/2020,07:43:00,FlowVolume,6416.91,,G
04/08/2020,07:44:00,PT Level,7.07,in,G
04/08/2020,07:44:00,Flow_cfs,7.67,,G
04/08/2020,07:44:00,FlowVolume,6876.81,,G
04/08/2020,07:45:00,PT Level,7.07,in,G
04/08/2020,07:45:00,Aliquot_Num,25,ali,G
04/08/2020,07:45:00,Flow_cfs,7.67,,G
04/08/2020,07:45:00,Curr_pacing,30000.00,,G
04/08/2020,07:45:00,FlowVolume,7336.71,,G
04/08/2020,07:46:00,PT Level,7.10,in,G
04/08/2020,07:46:00,Flow_cfs,7.67,,G
04/08/2020,07:46:00,FlowVolume,7796.84,,G
04/08/2020,07:47:00,PT Level,7.08,in,G
04/08/2020,07:47:00,Flow_cfs,7.67,,G
04/08/2020,07:47:00,FlowVolume,8256.81,,G
04/08/2020,07:48:00,PT Level,7.08,in,G
04/08/2020,07:48:00,Flow_cfs,7.67,,G
04/08/2020,07:48:00,FlowVolume,8716.79,,G
04/08/2020,07:49:00,PT Level,7.11,in,G
04/08/2020,07:49:00,Flow_cfs,7.67,,G
04/08/2020,07:49:00,FlowVolume,9176.98,,G
04/08/2020,07:50:00,PT Level,7.09,in,G
04/08/2020,07:50:00,Aliquot_Num,25,ali,G
04/08/2020,07:50:00,Flow_cfs,7.67,,G
04/08/2020,07:50:00,Curr_pacing,30000.00,,G
04/08/2020,07:50:00,FlowVolume,9637.03,,G
04/08/2020,07:51:00,PT Level,7.12,in,G
04/08/2020,07:51:00,Flow_cfs,7.67,,G
04/08/2020,07:51:00,FlowVolume,10097.29,,G
04/08/2020,07:52:00,PT Level,7.13,in,G
04/08/2020,07:52:00,Flow_cfs,7.67,,G
04/08/2020,07:52:00,FlowVolume,10557.63,,G
04/08/2020,07:53:00,PT Level,7.14,in,G
04/08/2020,07:53:00,Flow_cfs,7.67,,G
04/08/2020,07:53:00,FlowVolume,11018.04,,G
04/08/2020,07:54:00,PT Level,7.14,in,G
04/08/2020,07:54:00,Flow_cfs,7.67,,G
04/08/2020,07:54:00,FlowVolume,11478.45,,G
04/08/2020,07:55:00,PT Level,7.16,in,G
04/08/2020,07:55:00,Aliquot_Num,25,ali,G
04/08/2020,07:55:00,Flow_cfs,7.68,,G
04/08/2020,07:55:00,Curr_pacing,30000.00,,G
04/08/2020,07:55:00,FlowVolume,11939.00,,G
04/08/2020,07:56:00,PT Level,7.15,in,G
04/08/2020,07:56:00,Flow_cfs,7.67,,G
04/08/2020,07:56:00,FlowVolume,12399.49,,G
04/08/2020,07:57:00,PT Level,7.18,in,G
04/08/2020,07:57:00,Flow_cfs,7.68,,G
04/08/2020,07:57:00,FlowVolume,12860.18,,G
04/08/2020,07:58:00,PT Level,7.19,in,G
04/08/2020,07:58:00,Flow_cfs,7.68,,G
04/08/2020,07:58:00,FlowVolume,13320.96,,G
04/08/2020,07:59:00,PT Level,7.18,in,G
04/08/2020,07:59:00,Flow_cfs,7.68,,G
04/08/2020,07:59:00,FlowVolume,13781.65,,G
04/08/2020,08:00:00,PT Level,7.20,in,G
04/08/2020,08:00:00,Aliquot_Num,25,ali,G
04/08/2020,08:00:00,Flow_cfs,7.68,,G
04/08/2020,08:00:00,Curr_pacing,30000.00,,G
04/08/2020,08:00:00,FlowVolume,14242.50,,G
04/08/2020,08:01:00,PT Level,7.19,in,G
04/08/2020,08:01:00,Flow_cfs,7.68,,G
04/08/2020,08:01:00,FlowVolume,14703.27,,G
04/08/2020,08:02:00,PT Level,7.23,in,G
04/08/2020,08:02:00,Flow_cfs,7.68,,G
04/08/2020,08:02:00,FlowVolume,15164.33,,G
04/08/2020,08:03:00,PT Level,7.23,in,G
04/08/2020,08:03:00,Flow_cfs,7.68,,G
04/08/2020,08:03:00,FlowVolume,15625.39,,G
04/08/2020,08:04:00,PT Level,7.23,in,G
04/08/2020,08:04:00,Flow_cfs,7.68,,G
04/08/2020,08:04:00,FlowVolume,16086.45,,G
04/08/2020,08:05:00,PT Level,7.24,in,G
04/08/2020,08:05:00,Aliquot_Num,25,ali,G
04/08/2020,08:05:00,Flow_cfs,7.69,,G
04/08/2020,08:05:00,Curr_pacing,30000.00,,G
04/08/2020,08:05:00,FlowVolume,16547.58,,G
04/08/2020,08:06:00,PT Level,7.24,in,G
04/08/2020,08:06:00,Flow_cfs,7.69,,G
04/08/2020,08:06:00,FlowVolume,17008.71,,G
04/08/2020,08:07:00,PT Level,7.24,in,G
04/08/2020,08:07:00,Flow_cfs,7.69,,G
04/08/2020,08:07:00,FlowVolume,17469.85,,G
04/08/2020,08:08:00,PT Level,7.26,in,G
04/08/2020,08:08:00,Flow_cfs,7.69,,G
04/08/2020,08:08:00,FlowVolume,17931.12,,G
04/08/2020,08:09:00,PT Level,7.28,in,G
04/08/2020,08:09:00,Flow_cfs,7.69,,G
04/08/2020,08:09:00,FlowVolume,18392.55,,G
04/08/2020,08:10:00,PT Level,7.28,in,G
04/08/2020,08:10:00,Aliquot_Num,25,ali,G
04/08/2020,08:10:00,Flow_cfs,7.69,,G
04/08/2020,08:10:00,Curr_pacing,30000.00,,G
04/08/2020,08:10:00,FlowVolume,18853.97,,G
04/08/2020,08:11:00,PT Level,7.30,in,G
04/08/2020,08:11:00,Flow_cfs,7.69,,G
04/08/2020,08:11:00,FlowVolume,19315.53,,G
04/08/2020,08:12:00,PT Level,7.29,in,G
04/08/2020,08:12:00,Flow_cfs,7.69,,G
04/08/2020,08:12:00,FlowVolume,19777.03,,G
04/08/2020,08:13:00,PT Level,7.31,in,G
04/08/2020,08:13:00,Flow_cfs,7.69,,G
04/08/2020,08:13:00,FlowVolume,20238.67,,G
04/08/2020,08:14:00,PT Level,7.33,in,G
04/08/2020,08:14:00,Flow_cfs,7.70,,G
04/08/2020,08:14:00,FlowVolume,20700.45,,G
04/08/2020,08:15:00,PT Level,7.31,in,G
04/08/2020,08:15:00,Aliquot_Num,25,ali,G
04/08/2020,08:15:00,Flow_cfs,7.69,,G
04/08/2020,08:15:00,Curr_pacing,30000.00,,G
04/08/2020,08:15:00,FlowVolume,21162.09,,G
04/08/2020,08:16:00,PT Level,7.29,in,G
04/08/2020,08:16:00,Flow_cfs,7.69,,G
04/08/2020,08:16:00,FlowVolume,21623.58,,G
04/08/2020,08:17:00,PT Level,7.34,in,G
04/08/2020,08:17:00,Flow_cfs,7.70,,G
04/08/2020,08:17:00,FlowVolume,22085.44,,G
04/08/2020,08:18:00,PT Level,7.35,in,G
04/08/2020,08:18:00,Flow_cfs,7.70,,G
04/08/2020,08:18:00,FlowVolume,22547.37,,G
04/08/2020,08:19:00,PT Level,7.36,in,G
04/08/2020,08:19:00,Flow_cfs,7.70,,G
04/08/2020,08:19:00,FlowVolume,23009.37,,G
04/08/2020,08:20:00,PT Level,7.36,in,G
04/08/2020,08:20:00,Aliquot_Num,25,ali,G
04/08/2020,08:20:00,Flow_cfs,7.70,,G
04/08/2020,08:20:00,Curr_pacing,30000.00,,G
04/08/2020,08:20:00,FlowVolume,23471.37,,G
04/08/2020,08:21:00,PT Level,7.36,in,G
04/08/2020,08:21:00,Flow_cfs,7.70,,G
04/08/2020,08:21:00,FlowVolume,23933.37,,G
04/08/2020,08:21:53,SDI XDT,0,,G
04/08/2020,08:22:00,PT Level,7.38,in,G
04/08/2020,08:22:00,Flow_cfs,7.70,,G
04/08/2020,08:22:00,FlowVolume,24395.51,,G
04/08/2020,08:23:00,PT Level,7.39,in,G
04/08/2020,08:23:00,Flow_cfs,7.70,,G
04/08/2020,08:23:00,FlowVolume,24857.73,,G
04/08/2020,08:24:00,PT Level,7.39,in,G
04/08/2020,08:24:00,Flow_cfs,7.70,,G
04/08/2020,08:24:00,FlowVolume,25319.94,,G
04/08/2020,08:25:00,PT Level,7.39,in,G
04/08/2020,08:25:00,Aliquot_Num,25,ali,G
04/08/2020,08:25:00,Flow_cfs,7.70,,G
04/08/2020,08:25:00,Curr_pacing,30000.00,,G
04/08/2020,08:25:00,FlowVolume,25782.16,,G
04/08/2020,08:26:00,PT Level,7.43,in,G
04/08/2020,08:26:00,Flow_cfs,7.71,,G
04/08/2020,08:26:00,FlowVolume,26244.67,,G
04/08/2020,08:27:00,PT Level,7.42,in,G
04/08/2020,08:27:00,Flow_cfs,7.71,,G
04/08/2020,08:27:00,FlowVolume,26707.10,,G
04/08/2020,08:28:00,PT Level,7.42,in,G
04/08/2020,08:28:00,Flow_cfs,7.71,,G
04/08/2020,08:28:00,FlowVolume,27169.53,,G
04/08/2020,08:29:00,PT Level,7.43,in,G
04/08/2020,08:29:00,Flow_cfs,7.71,,G
04/08/2020,08:29:00,FlowVolume,27632.04,,G
04/08/2020,08:30:00,PT Level,7.43,in,G
04/08/2020,08:30:00,Aliquot_Num,25,ali,G
04/08/2020,08:30:00,Flow_cfs,7.71,,G
04/08/2020,08:30:00,Curr_pacing,30000.00,,G
04/08/2020,08:30:00,FlowVolume,28094.55,,G
04/08/2020,08:31:00,PT Level,7.45,in,G
04/08/2020,08:31:00,Flow_cfs,7.71,,G
04/08/2020,08:31:00,FlowVolume,28557.20,,G
04/08/2020,08:32:00,PT Level,7.45,in,G
04/08/2020,08:32:00,Flow_cfs,7.71,,G
04/08/2020,08:32:00,FlowVolume,29019.85,,G
04/08/2020,08:33:00,PT Level,7.45,in,G
04/08/2020,08:33:00,Flow_cfs,7.71,,G
04/08/2020,08:33:00,FlowVolume,29482.50,,G
04/08/2020,08:34:00,PT Level,7.48,in,G
04/08/2020,08:34:00,Flow_cfs,7.71,,G
04/08/2020,08:34:00,FlowVolume,29945.37,,G
04/08/2020,08:35:00,PT Level,7.46,in,G
04/08/2020,08:35:00,Aliquot_Num,25,ali,G
04/08/2020,08:35:00,Flow_cfs,7.71,,G
04/08/2020,08:35:00,Curr_pacing,30000.00,,G
04/08/2020,08:35:00,Triggered S,26,,G
04/08/2020,08:35:00,VolumeTrig,30408.09,,G
04/08/2020,08:35:00,FlowVolume,408.09,,G
04/08/2020,08:36:00,PT Level,7.48,in,G
04/08/2020,08:36:00,Flow_cfs,7.71,,G
04/08/2020,08:36:00,FlowVolume,870.96,,G
04/08/2020,08:37:00,PT Level,7.48,in,G
04/08/2020,08:37:00,Flow_cfs,7.71,,G
04/08/2020,08:37:00,FlowVolume,1333.82,,G
04/08/2020,08:38:00,PT Level,7.51,in,G
04/08/2020,08:38:00,Flow_cfs,7.72,,G
04/08/2020,08:38:00,FlowVolume,1796.91,,G
04/08/2020,08:39:00,PT Level,7.50,in,G
04/08/2020,08:39:00,Flow_cfs,7.72,,G
04/08/2020,08:39:00,FlowVolume,2259.92,,G
04/08/2020,08:40:00,PT Level,7.51,in,G
04/08/2020,08:40:00,Aliquot_Num,26,ali,G
04/08/2020,08:40:00,Flow_cfs,7.72,,G
04/08/2020,08:40:00,Curr_pacing,30000.00,,G
04/08/2020,08:40:00,FlowVolume,2723.00,,G
04/08/2020,08:41:00,PT Level,7.50,in,G
04/08/2020,08:41:00,Flow_cfs,7.72,,G
04/08/2020,08:41:00,FlowVolume,3186.02,,G
04/08/2020,08:42:00,PT Level,7.51,in,G
04/08/2020,08:42:00,Flow_cfs,7.72,,G
04/08/2020,08:42:00,FlowVolume,3649.10,,G
04/08/2020,08:43:00,PT Level,7.53,in,G
04/08/2020,08:43:00,Flow_cfs,7.72,,G
04/08/2020,08:43:00,FlowVolume,4112.33,,G
04/08/2020,08:44:00,PT Level,7.54,in,G
04/08/2020,08:44:00,Flow_cfs,7.72,,G
04/08/2020,08:44:00,FlowVolume,4575.63,,G
04/08/2020,08:45:00,PT Level,7.55,in,G
04/08/2020,08:45:00,Aliquot_Num,26,ali,G
04/08/2020,08:45:00,Flow_cfs,7.72,,G
04/08/2020,08:45:00,Curr_pacing,30000.00,,G
04/08/2020,08:45:00,FlowVolume,5039.00,,G
04/08/2020,08:46:00,PT Level,7.56,in,G
04/08/2020,08:46:00,Flow_cfs,7.72,,G
04/08/2020,08:46:00,FlowVolume,5502.45,,G
04/08/2020,08:47:00,PT Level,7.56,in,G
04/08/2020,08:47:00,Flow_cfs,7.72,,G
04/08/2020,08:47:00,FlowVolume,5965.90,,G
04/08/2020,08:48:00,PT Level,7.59,in,G
04/08/2020,08:48:00,Flow_cfs,7.73,,G
04/08/2020,08:48:00,FlowVolume,6429.56,,G
04/08/2020,08:49:00,PT Level,7.57,in,G
04/08/2020,08:49:00,Flow_cfs,7.73,,G
04/08/2020,08:49:00,FlowVolume,6893.08,,G
04/08/2020,08:50:00,PT Level,7.59,in,G
04/08/2020,08:50:00,Aliquot_Num,26,ali,G
04/08/2020,08:50:00,Flow_cfs,7.73,,G
04/08/2020,08:50:00,Curr_pacing,30000.00,,G
04/08/2020,08:50:00,FlowVolume,7356.74,,G
04/08/2020,08:51:00,PT Level,7.59,in,G
04/08/2020,08:51:00,Flow_cfs,7.73,,G
04/08/2020,08:51:00,FlowVolume,7820.40,,G
04/08/2020,08:52:00,PT Level,7.62,in,G
04/08/2020,08:52:00,Flow_cfs,7.73,,G
04/08/2020,08:52:00,FlowVolume,8284.28,,G
04/08/2020,08:53:00,PT Level,7.63,in,G
04/08/2020,08:53:00,Flow_cfs,7.73,,G
04/08/2020,08:53:00,FlowVolume,8748.23,,G
04/08/2020,08:54:00,PT Level,7.64,in,G
04/08/2020,08:54:00,Flow_cfs,7.73,,G
04/08/2020,08:54:00,FlowVolume,9212.26,,G
04/08/2020,08:55:00,PT Level,7.63,in,G
04/08/2020,08:55:00,Aliquot_Num,26,ali,G
04/08/2020,08:55:00,Flow_cfs,7.73,,G
04/08/2020,08:55:00,Curr_pacing,30000.00,,G
04/08/2020,08:55:00,FlowVolume,9676.21,,G
04/08/2020,08:56:00,PT Level,7.63,in,G
04/08/2020,08:56:00,Flow_cfs,7.73,,G
04/08/2020,08:56:00,FlowVolume,10140.16,,G
04/08/2020,08:57:00,PT Level,7.68,in,G
04/08/2020,08:57:00,Flow_cfs,7.74,,G
04/08/2020,08:57:00,FlowVolume,10604.47,,G
04/08/2020,08:58:00,PT Level,7.68,in,G
04/08/2020,08:58:00,Flow_cfs,7.74,,G
04/08/2020,08:58:00,FlowVolume,11068.79,,G
04/08/2020,08:59:00,PT Level,7.69,in,G
04/08/2020,08:59:00,Flow_cfs,7.74,,G
04/08/2020,08:59:00,FlowVolume,11533.17,,G
04/08/2020,09:00:00,PT Level,7.70,in,G
04/08/2020,09:00:00,Aliquot_Num,26,ali,G
04/08/2020,09:00:00,Flow_cfs,7.74,,G
04/08/2020,09:00:00,Curr_pacing,30000.00,,G
04/08/2020,09:00:00,FlowVolume,11997.63,,G
04/08/2020,09:01:00,PT Level,7.73,in,G
04/08/2020,09:01:00,Flow_cfs,7.74,,G
04/08/2020,09:01:00,FlowVolume,12462.31,,G
04/08/2020,09:02:00,PT Level,7.73,in,G
04/08/2020,09:02:00,Flow_cfs,7.74,,G
04/08/2020,09:02:00,FlowVolume,12926.98,,G
04/08/2020,09:03:00,PT Level,7.74,in,G
04/08/2020,09:03:00,Flow_cfs,7.75,,G
04/08/2020,09:03:00,FlowVolume,13391.73,,G
04/08/2020,09:04:00,PT Level,7.73,in,G
04/08/2020,09:04:00,Flow_cfs,7.74,,G
04/08/2020,09:04:00,FlowVolume,13856.40,,G
04/08/2020,09:05:00,PT Level,7.76,in,G
04/08/2020,09:05:00,Aliquot_Num,26,ali,G
04/08/2020,09:05:00,Flow_cfs,7.75,,G
04/08/2020,09:05:00,Curr_pacing,30000.00,,G
04/08/2020,09:05:00,FlowVolume,14321.29,,G
04/08/2020,09:06:00,PT Level,7.79,in,G
04/08/2020,09:06:00,Flow_cfs,7.75,,G
04/08/2020,09:06:00,FlowVolume,14786.40,,G
04/08/2020,09:07:00,PT Level,7.80,in,G
04/08/2020,09:07:00,Flow_cfs,7.75,,G
04/08/2020,09:07:00,FlowVolume,15251.58,,G
04/08/2020,09:08:00,PT Level,7.81,in,G
04/08/2020,09:08:00,Flow_cfs,7.75,,G
04/08/2020,09:08:00,FlowVolume,15716.84,,G
04/08/2020,09:09:00,PT Level,7.81,in,G
04/08/2020,09:09:00,Flow_cfs,7.75,,G
04/08/2020,09:09:00,FlowVolume,16182.09,,G
04/08/2020,09:10:00,PT Level,7.82,in,G
04/08/2020,09:10:00,Aliquot_Num,26,ali,G
04/08/2020,09:10:00,Flow_cfs,7.76,,G
04/08/2020,09:10:00,Curr_pacing,30000.00,,G
04/08/2020,09:10:00,FlowVolume,16647.41,,G
04/08/2020,09:11:00,PT Level,7.84,in,G
04/08/2020,09:11:00,Flow_cfs,7.76,,G
04/08/2020,09:11:00,FlowVolume,17112.88,,G
04/08/2020,09:12:00,PT Level,7.85,in,G
04/08/2020,09:12:00,Flow_cfs,7.76,,G
04/08/2020,09:12:00,FlowVolume,17578.43,,G
04/08/2020,09:13:00,PT Level,7.87,in,G
04/08/2020,09:13:00,Flow_cfs,7.76,,G
04/08/2020,09:13:00,FlowVolume,18044.11,,G
04/08/2020,09:14:00,PT Level,7.87,in,G
04/08/2020,09:14:00,Flow_cfs,7.76,,G
04/08/2020,09:14:00,FlowVolume,18509.80,,G
04/08/2020,09:15:00,PT Level,7.91,in,G
04/08/2020,09:15:00,Aliquot_Num,26,ali,G
04/08/2020,09:15:00,Flow_cfs,7.77,,G
04/08/2020,09:15:00,Curr_pacing,30000.00,,G
04/08/2020,09:15:00,FlowVolume,18975.78,,G
04/08/2020,09:16:00,PT Level,7.92,in,G
04/08/2020,09:16:00,Flow_cfs,7.77,,G
04/08/2020,09:16:00,FlowVolume,19441.82,,G
04/08/2020,09:17:00,PT Level,7.91,in,G
04/08/2020,09:17:00,Flow_cfs,7.77,,G
04/08/2020,09:17:00,FlowVolume,19907.80,,G
04/08/2020,09:18:00,PT Level,7.95,in,G
04/08/2020,09:18:00,Flow_cfs,7.77,,G
04/08/2020,09:18:00,FlowVolume,20374.06,,G
04/08/2020,09:19:00,PT Level,7.96,in,G
04/08/2020,09:19:00,Flow_cfs,7.77,,G
04/08/2020,09:19:00,FlowVolume,20840.40,,G
04/08/2020,09:20:00,PT Level,7.95,in,G
04/08/2020,09:20:00,Aliquot_Num,26,ali,G
04/08/2020,09:20:00,Flow_cfs,7.77,,G
04/08/2020,09:20:00,Curr_pacing,30000.00,,G
04/08/2020,09:20:00,FlowVolume,21306.67,,G
04/08/2020,09:21:00,PT Level,7.97,in,G
04/08/2020,09:21:00,Flow_cfs,7.77,,G
04/08/2020,09:21:00,FlowVolume,21773.08,,G
04/08/2020,09:22:00,PT Level,7.99,in,G
04/08/2020,09:22:00,Flow_cfs,7.78,,G
04/08/2020,09:22:00,FlowVolume,22239.63,,G
04/08/2020,09:23:00,PT Level,8.00,in,G
04/08/2020,09:23:00,Flow_cfs,7.78,,G
04/08/2020,09:23:00,FlowVolume,22706.26,,G
04/08/2020,09:24:00,PT Level,8.01,in,G
04/08/2020,09:24:00,Flow_cfs,7.78,,G
04/08/2020,09:24:00,FlowVolume,23172.96,,G
04/08/2020,09:25:00,PT Level,8.01,in,G
04/08/2020,09:25:00,Aliquot_Num,26,ali,G
04/08/2020,09:25:00,Flow_cfs,7.78,,G
04/08/2020,09:25:00,Curr_pacing,30000.00,,G
04/08/2020,09:25:00,FlowVolume,23639.65,,G
04/08/2020,09:26:00,PT Level,8.08,in,G
04/08/2020,09:26:00,Flow_cfs,7.79,,G
04/08/2020,09:26:00,FlowVolume,24106.86,,G
04/08/2020,09:27:00,PT Level,8.07,in,G
04/08/2020,09:27:00,Flow_cfs,7.79,,G
04/08/2020,09:27:00,FlowVolume,24573.99,,G
04/08/2020,09:28:00,PT Level,8.07,in,G
04/08/2020,09:28:00,Flow_cfs,7.79,,G
04/08/2020,09:28:00,FlowVolume,25041.12,,G
04/08/2020,09:29:00,PT Level,8.09,in,G
04/08/2020,09:29:00,Flow_cfs,7.79,,G
04/08/2020,09:29:00,FlowVolume,25508.40,,G
04/08/2020,09:30:00,PT Level,8.10,in,G
04/08/2020,09:30:00,Aliquot_Num,26,ali,G
04/08/2020,09:30:00,Flow_cfs,7.79,,G
04/08/2020,09:30:00,Curr_pacing,30000.00,,G
04/08/2020,09:30:00,FlowVolume,25975.75,,G
04/08/2020,09:31:00,PT Level,8.10,in,G
04/08/2020,09:31:00,Flow_cfs,7.79,,G
04/08/2020,09:31:00,FlowVolume,26443.10,,G
04/08/2020,09:32:00,PT Level,8.10,in,G
04/08/2020,09:32:00,Flow_cfs,7.79,,G
04/08/2020,09:32:00,FlowVolume,26910.45,,G
04/08/2020,09:33:00,PT Level,8.12,in,G
04/08/2020,09:33:00,Flow_cfs,7.79,,G
04/08/2020,09:33:00,FlowVolume,27377.94,,G
04/08/2020,09:34:00,PT Level,8.13,in,G
04/08/2020,09:34:00,Flow_cfs,7.79,,G
04/08/2020,09:34:00,FlowVolume,27845.51,,G
04/08/2020,09:35:00,PT Level,8.17,in,G
04/08/2020,09:35:00,Aliquot_Num,26,ali,G
04/08/2020,09:35:00,Flow_cfs,7.80,,G
04/08/2020,09:35:00,Curr_pacing,30000.00,,G
04/08/2020,09:35:00,FlowVolume,28313.37,,G
04/08/2020,09:36:00,PT Level,8.18,in,G
04/08/2020,09:36:00,Flow_cfs,7.80,,G
04/08/2020,09:36:00,FlowVolume,28781.29,,G
04/08/2020,09:37:00,PT Level,8.21,in,G
04/08/2020,09:37:00,Flow_cfs,7.80,,G
04/08/2020,09:37:00,FlowVolume,29249.44,,G
04/08/2020,09:38:00,PT Level,8.18,in,G
04/08/2020,09:38:00,Flow_cfs,7.80,,G
04/08/2020,09:38:00,FlowVolume,29717.37,,G
04/08/2020,09:39:00,PT Level,8.19,in,G
04/08/2020,09:39:00,Flow_cfs,7.80,,G
04/08/2020,09:39:00,Triggered S,27,,G
04/08/2020,09:39:00,VolumeTrig,30185.37,,G
04/08/2020,09:39:00,FlowVolume,185.37,,G
04/08/2020,09:40:00,PT Level,8.21,in,G
04/08/2020,09:40:00,Aliquot_Num,27,ali,G
04/08/2020,09:40:00,Flow_cfs,7.80,,G
04/08/2020,09:40:00,Curr_pacing,30000.00,,G
04/08/2020,09:40:00,FlowVolume,653.51,,G
04/08/2020,09:41:00,PT Level,8.21,in,G
04/08/2020,09:41:00,Flow_cfs,7.80,,G
04/08/2020,09:41:00,FlowVolume,1121.65,,G
04/08/2020,09:42:00,PT Level,8.23,in,G
04/08/2020,09:42:00,Flow_cfs,7.80,,G
04/08/2020,09:42:00,FlowVolume,1589.94,,G
04/08/2020,09:43:00,PT Level,8.23,in,G
04/08/2020,09:43:00,Flow_cfs,7.80,,G
04/08/2020,09:43:00,FlowVolume,2058.23,,G
04/08/2020,09:44:00,PT Level,8.23,in,G
04/08/2020,09:44:00,Flow_cfs,7.80,,G
04/08/2020,09:44:00,FlowVolume,2526.52,,G
04/08/2020,09:45:00,PT Level,8.26,in,G
04/08/2020,09:45:00,Aliquot_Num,27,ali,G
04/08/2020,09:45:00,Flow_cfs,7.81,,G
04/08/2020,09:45:00,Curr_pacing,30000.00,,G
04/08/2020,09:45:00,FlowVolume,2995.03,,G
04/08/2020,09:46:00,PT Level,8.27,in,G
04/08/2020,09:46:00,Flow_cfs,7.81,,G
04/08/2020,09:46:00,FlowVolume,3463.61,,G
04/08/2020,09:47:00,PT Level,8.29,in,G
04/08/2020,09:47:00,Flow_cfs,7.81,,G
04/08/2020,09:47:00,FlowVolume,3932.33,,G
04/08/2020,09:48:00,PT Level,8.29,in,G
04/08/2020,09:48:00,Flow_cfs,7.81,,G
04/08/2020,09:48:00,FlowVolume,4401.05,,G
04/08/2020,09:49:00,PT Level,8.30,in,G
04/08/2020,09:49:00,Flow_cfs,7.81,,G
04/08/2020,09:49:00,FlowVolume,4869.85,,G
04/08/2020,09:50:00,PT Level,8.33,in,G
04/08/2020,09:50:00,Aliquot_Num,27,ali,G
04/08/2020,09:50:00,Flow_cfs,7.82,,G
04/08/2020,09:50:00,Curr_pacing,30000.00,,G
04/08/2020,09:50:00,FlowVolume,5338.86,,G
04/08/2020,09:51:00,PT Level,8.33,in,G
04/08/2020,09:51:00,Flow_cfs,7.82,,G
04/08/2020,09:51:00,FlowVolume,5807.87,,G
04/08/2020,09:52:00,PT Level,8.34,in,G
04/08/2020,09:52:00,Flow_cfs,7.82,,G
04/08/2020,09:52:00,FlowVolume,6276.96,,G
04/08/2020,09:53:00,PT Level,8.34,in,G
04/08/2020,09:53:00,Flow_cfs,7.82,,G
04/08/2020,09:53:00,FlowVolume,6746.04,,G
04/08/2020,09:54:00,PT Level,8.35,in,G
04/08/2020,09:54:00,Flow_cfs,7.82,,G
04/08/2020,09:54:00,FlowVolume,7215.20,,G
04/08/2020,09:55:00,PT Level,8.37,in,G
04/08/2020,09:55:00,Aliquot_Num,27,ali,G
04/08/2020,09:55:00,Flow_cfs,7.82,,G
04/08/2020,09:55:00,Curr_pacing,30000.00,,G
04/08/2020,09:55:00,FlowVolume,7684.50,,G
04/08/2020,09:56:00,PT Level,8.36,in,G
04/08/2020,09:56:00,Flow_cfs,7.82,,G
04/08/2020,09:56:00,FlowVolume,8153.73,,G
04/08/2020,09:57:00,PT Level,8.40,in,G
04/08/2020,09:57:00,Flow_cfs,7.83,,G
04/08/2020,09:57:00,FlowVolume,8623.25,,G
04/08/2020,09:58:00,PT Level,8.40,in,G
04/08/2020,09:58:00,Flow_cfs,7.83,,G
04/08/2020,09:58:00,FlowVolume,9092.76,,G
04/08/2020,09:59:00,PT Level,8.41,in,G
04/08/2020,09:59:00,Flow_cfs,7.83,,G
04/08/2020,09:59:00,FlowVolume,9562.35,,G
04/08/2020,10:00:00,PT Level,8.43,in,G
04/08/2020,10:00:00,Aliquot_Num,27,ali,G
04/08/2020,10:00:00,Flow_cfs,7.83,,G
04/08/2020,10:00:00,Curr_pacing,30000.00,,G
04/08/2020,10:00:00,FlowVolume,10032.09,,G
04/08/2020,10:01:00,PT Level,8.35,in,G
04/08/2020,10:01:00,Flow_cfs,7.82,,G
04/08/2020,10:01:00,FlowVolume,10501.25,,G
04/08/2020,10:02:00,PT Level,8.44,in,G
04/08/2020,10:02:00,Flow_cfs,7.83,,G
04/08/2020,10:02:00,FlowVolume,10971.05,,G
04/08/2020,10:03:00,PT Level,8.46,in,G
04/08/2020,10:03:00,Flow_cfs,7.83,,G
04/08/2020,10:03:00,FlowVolume,11441.00,,G
04/08/2020,10:04:00,PT Level,8.47,in,G
04/08/2020,10:04:00,Flow_cfs,7.83,,G
04/08/2020,10:04:00,FlowVolume,11911.03,,G
04/08/2020,10:05:00,PT Level,8.47,in,G
04/08/2020,10:05:00,Aliquot_Num,27,ali,G
04/08/2020,10:05:00,Flow_cfs,7.83,,G
04/08/2020,10:05:00,Curr_pacing,30000.00,,G
04/08/2020,10:05:00,FlowVolume,12381.05,,G
04/08/2020,10:06:00,PT Level,8.46,in,G
04/08/2020,10:06:00,Flow_cfs,7.83,,G
04/08/2020,10:06:00,FlowVolume,12851.00,,G
04/08/2020,10:07:00,PT Level,8.50,in,G
04/08/2020,10:07:00,Flow_cfs,7.84,,G
04/08/2020,10:07:00,FlowVolume,13321.25,,G
04/08/2020,10:08:00,PT Level,8.51,in,G
04/08/2020,10:08:00,Flow_cfs,7.84,,G
04/08/2020,10:08:00,FlowVolume,13791.56,,G
04/08/2020,10:09:00,PT Level,8.48,in,G
04/08/2020,10:09:00,Flow_cfs,7.83,,G
04/08/2020,10:09:00,FlowVolume,14261.65,,G
04/08/2020,10:10:00,PT Level,8.53,in,G
04/08/2020,10:10:00,Aliquot_Num,27,ali,G
04/08/2020,10:10:00,Flow_cfs,7.84,,G
04/08/2020,10:10:00,Curr_pacing,30000.00,,G
04/08/2020,10:10:00,FlowVolume,14732.11,,G
04/08/2020,10:11:00,PT Level,8.51,in,G
04/08/2020,10:11:00,Flow_cfs,7.84,,G
04/08/2020,10:11:00,FlowVolume,15202.43,,G
04/08/2020,10:12:00,PT Level,8.52,in,G
04/08/2020,10:12:00,Flow_cfs,7.84,,G
04/08/2020,10:12:00,FlowVolume,15672.81,,G
04/08/2020,10:13:00,PT Level,8.54,in,G
04/08/2020,10:13:00,Flow_cfs,7.84,,G
04/08/2020,10:13:00,FlowVolume,16143.34,,G
04/08/2020,10:14:00,PT Level,8.54,in,G
04/08/2020,10:14:00,Flow_cfs,7.84,,G
04/08/2020,10:14:00,FlowVolume,16613.87,,G
04/08/2020,10:15:00,PT Level,8.54,in,G
04/08/2020,10:15:00,Aliquot_Num,27,ali,G
04/08/2020,10:15:00,Flow_cfs,7.84,,G
04/08/2020,10:15:00,Curr_pacing,30000.00,,G
04/08/2020,10:15:00,FlowVolume,17084.40,,G
04/08/2020,10:16:00,PT Level,8.58,in,G
04/08/2020,10:16:00,Flow_cfs,7.85,,G
04/08/2020,10:16:00,FlowVolume,17555.22,,G
04/08/2020,10:17:00,PT Level,8.59,in,G
04/08/2020,10:17:00,Flow_cfs,7.85,,G
04/08/2020,10:17:00,FlowVolume,18026.11,,G
04/08/2020,10:18:00,PT Level,8.58,in,G
04/08/2020,10:18:00,Flow_cfs,7.85,,G
04/08/2020,10:18:00,FlowVolume,18496.93,,G
04/08/2020,10:19:00,PT Level,8.58,in,G
04/08/2020,10:19:00,Flow_cfs,7.85,,G
04/08/2020,10:19:00,FlowVolume,18967.75,,G
04/08/2020,10:20:00,PT Level,8.61,in,G
04/08/2020,10:20:00,Aliquot_Num,27,ali,G
04/08/2020,10:20:00,Flow_cfs,7.85,,G
04/08/2020,10:20:00,Curr_pacing,30000.00,,G
04/08/2020,10:20:00,FlowVolume,19438.79,,G
04/08/2020,10:21:00,PT Level,8.61,in,G
04/08/2020,10:21:00,Flow_cfs,7.85,,G
04/08/2020,10:21:00,FlowVolume,19909.82,,G
04/08/2020,10:22:00,PT Level,8.61,in,G
04/08/2020,10:22:00,Flow_cfs,7.85,,G
04/08/2020,10:22:00,FlowVolume,20380.86,,G
04/08/2020,10:23:00,PT Level,8.65,in,G
04/08/2020,10:23:00,Flow_cfs,7.86,,G
04/08/2020,10:23:00,FlowVolume,20852.18,,G
04/08/2020,10:24:00,PT Level,8.63,in,G
04/08/2020,10:24:00,Flow_cfs,7.85,,G
04/08/2020,10:24:00,FlowVolume,21323.37,,G
04/08/2020,10:25:00,PT Level,8.67,in,G
04/08/2020,10:25:00,Aliquot_Num,27,ali,G
04/08/2020,10:25:00,Flow_cfs,7.86,,G
04/08/2020,10:25:00,Curr_pacing,30000.00,,G
04/08/2020,10:25:00,FlowVolume,21794.84,,G
04/08/2020,10:26:00,PT Level,8.66,in,G
04/08/2020,10:26:00,Flow_cfs,7.86,,G
04/08/2020,10:26:00,FlowVolume,22266.23,,G
04/08/2020,10:27:00,PT Level,8.66,in,G
04/08/2020,10:27:00,Flow_cfs,7.86,,G
04/08/2020,10:27:00,FlowVolume,22737.63,,G
04/08/2020,10:28:00,PT Level,8.68,in,G
04/08/2020,10:28:00,Flow_cfs,7.86,,G
04/08/2020,10:28:00,FlowVolume,23209.17,,G
04/08/2020,10:29:00,PT Level,8.70,in,G
04/08/2020,10:29:00,Flow_cfs,7.86,,G
04/08/2020,10:29:00,FlowVolume,23680.86,,G
04/08/2020,10:30:00,PT Level,8.71,in,G
04/08/2020,10:30:00,Aliquot_Num,27,ali,G
04/08/2020,10:30:00,Flow_cfs,7.86,,G
04/08/2020,10:30:00,Curr_pacing,30000.00,,G
04/08/2020,10:30:00,FlowVolume,24152.62,,G
04/08/2020,10:31:00,PT Level,8.71,in,G
04/08/2020,10:31:00,Flow_cfs,7.86,,G
04/08/2020,10:31:00,FlowVolume,24624.38,,G
04/08/2020,10:32:00,PT Level,8.74,in,G
04/08/2020,10:32:00,Flow_cfs,7.87,,G
04/08/2020,10:32:00,FlowVolume,25096.35,,G
04/08/2020,10:33:00,PT Level,8.71,in,G
04/08/2020,10:33:00,Flow_cfs,7.86,,G
04/08/2020,10:33:00,FlowVolume,25568.11,,G
04/08/2020,10:34:00,PT Level,8.75,in,G
04/08/2020,10:34:00,Flow_cfs,7.87,,G
04/08/2020,10:34:00,FlowVolume,26040.16,,G
04/08/2020,10:35:00,PT Level,8.71,in,G
04/08/2020,10:35:00,Aliquot_Num,27,ali,G
04/08/2020,10:35:00,Flow_cfs,7.86,,G
04/08/2020,10:35:00,Curr_pacing,30000.00,,G
04/08/2020,10:35:00,FlowVolume,26511.92,,G
04/08/2020,10:36:00,PT Level,8.73,in,G
04/08/2020,10:36:00,Flow_cfs,7.87,,G
04/08/2020,10:36:00,FlowVolume,26983.82,,G
04/08/2020,10:37:00,PT Level,8.77,in,G
04/08/2020,10:37:00,Flow_cfs,7.87,,G
04/08/2020,10:37:00,FlowVolume,27456.02,,G
04/08/2020,10:38:00,PT Level,8.77,in,G
04/08/2020,10:38:00,Flow_cfs,7.87,,G
04/08/2020,10:38:00,FlowVolume,27928.21,,G
04/08/2020,10:39:00,PT Level,8.78,in,G
04/08/2020,10:39:00,Flow_cfs,7.87,,G
04/08/2020,10:39:00,FlowVolume,28400.47,,G
04/08/2020,10:40:00,PT Level,8.78,in,G
04/08/2020,10:40:00,Aliquot_Num,27,ali,G
04/08/2020,10:40:00,Flow_cfs,7.87,,G
04/08/2020,10:40:00,Curr_pacing,30000.00,,G
04/08/2020,10:40:00,FlowVolume,28872.74,,G
04/08/2020,10:41:00,PT Level,8.78,in,G
04/08/2020,10:41:00,Flow_cfs,7.87,,G
04/08/2020,10:41:00,FlowVolume,29345.00,,G
04/08/2020,10:42:00,PT Level,8.77,in,G
04/08/2020,10:42:00,Flow_cfs,7.87,,G
04/08/2020,10:42:00,FlowVolume,29817.20,,G
04/08/2020,10:43:00,PT Level,8.78,in,G
04/08/2020,10:43:00,Flow_cfs,7.87,,G
04/08/2020,10:43:00,Triggered S,28,,G
04/08/2020,10:43:00,VolumeTrig,30289.46,,G
04/08/2020,10:43:00,FlowVolume,289.46,,G
04/08/2020,10:44:00,PT Level,8.80,in,G
04/08/2020,10:44:00,Flow_cfs,7.87,,G
04/08/2020,10:44:00,FlowVolume,761.87,,G
04/08/2020,10:45:00,PT Level,8.80,in,G
04/08/2020,10:45:00,Aliquot_Num,28,ali,G
04/08/2020,10:45:00,Flow_cfs,7.87,,G
04/08/2020,10:45:00,Curr_pacing,30000.00,,G
04/08/2020,10:45:00,FlowVolume,1234.28,,G
04/08/2020,10:46:00,PT Level,8.81,in,G
04/08/2020,10:46:00,Flow_cfs,7.87,,G
04/08/2020,10:46:00,FlowVolume,1706.76,,G
04/08/2020,10:47:00,PT Level,8.84,in,G
04/08/2020,10:47:00,Flow_cfs,7.88,,G
04/08/2020,10:47:00,FlowVolume,2179.46,,G
04/08/2020,10:48:00,PT Level,8.85,in,G
04/08/2020,10:48:00,Flow_cfs,7.88,,G
04/08/2020,10:48:00,FlowVolume,2652.23,,G
04/08/2020,10:49:00,PT Level,8.81,in,G
04/08/2020,10:49:00,Flow_cfs,7.87,,G
04/08/2020,10:49:00,FlowVolume,3124.71,,G
04/08/2020,10:50:00,PT Level,8.85,in,G
04/08/2020,10:50:00,Aliquot_Num,28,ali,G
04/08/2020,10:50:00,Flow_cfs,7.88,,G
04/08/2020,10:50:00,Curr_pacing,30000.00,,G
04/08/2020,10:50:00,FlowVolume,3597.49,,G
04/08/2020,10:51:00,PT Level,8.86,in,G
04/08/2020,10:51:00,Flow_cfs,7.88,,G
04/08/2020,10:51:00,FlowVolume,4070.33,,G
04/08/2020,10:52:00,PT Level,8.84,in,G
04/08/2020,10:52:00,Flow_cfs,7.88,,G
04/08/2020,10:52:00,FlowVolume,4543.03,,G
04/08/2020,10:53:00,PT Level,8.88,in,G
04/08/2020,10:53:00,Flow_cfs,7.88,,G
04/08/2020,10:53:00,FlowVolume,5016.02,,G
04/08/2020,10:54:00,PT Level,8.89,in,G
04/08/2020,10:54:00,Flow_cfs,7.88,,G
04/08/2020,10:54:00,FlowVolume,5489.08,,G
04/08/2020,10:55:00,PT Level,8.86,in,G
04/08/2020,10:55:00,Aliquot_Num,28,ali,G
04/08/2020,10:55:00,Flow_cfs,7.88,,G
04/08/2020,10:55:00,Curr_pacing,30000.00,,G
04/08/2020,10:55:00,FlowVolume,5961.92,,G
04/08/2020,10:56:00,PT Level,8.89,in,G
04/08/2020,10:56:00,Flow_cfs,7.88,,G
04/08/2020,10:56:00,FlowVolume,6434.98,,G
04/08/2020,10:57:00,PT Level,8.88,in,G
04/08/2020,10:57:00,Flow_cfs,7.88,,G
04/08/2020,10:57:00,FlowVolume,6907.97,,G
04/08/2020,10:58:00,PT Level,8.92,in,G
04/08/2020,10:58:00,Flow_cfs,7.89,,G
04/08/2020,10:58:00,FlowVolume,7381.25,,G
04/08/2020,10:59:00,PT Level,8.91,in,G
04/08/2020,10:59:00,Flow_cfs,7.89,,G
04/08/2020,10:59:00,FlowVolume,7854.45,,G
04/08/2020,11:00:00,PT Level,8.92,in,G
04/08/2020,11:00:00,Aliquot_Num,28,ali,G
04/08/2020,11:00:00,Flow_cfs,7.89,,G
04/08/2020,11:00:00,Curr_pacing,30000.00,,G
04/08/2020,11:00:00,FlowVolume,8327.73,,G
04/08/2020,11:01:00,PT Level,8.91,in,G
04/08/2020,11:01:00,Flow_cfs,7.89,,G
04/08/2020,11:01:00,FlowVolume,8800.93,,G
04/08/2020,11:02:00,PT Level,8.92,in,G
04/08/2020,11:02:00,Flow_cfs,7.89,,G
04/08/2020,11:02:00,FlowVolume,9274.21,,G
04/08/2020,11:03:00,PT Level,8.94,in,G
04/08/2020,11:03:00,Flow_cfs,7.89,,G
04/08/2020,11:03:00,FlowVolume,9747.63,,G
04/08/2020,11:04:00,PT Level,8.95,in,G
04/08/2020,11:04:00,Flow_cfs,7.89,,G
04/08/2020,11:04:00,FlowVolume,10221.12,,G
04/08/2020,11:05:00,PT Level,8.98,in,G
04/08/2020,11:05:00,Aliquot_Num,28,ali,G
04/08/2020,11:05:00,Flow_cfs,7.90,,G
04/08/2020,11:05:00,Curr_pacing,30000.00,,G
04/08/2020,11:05:00,FlowVolume,10694.84,,G
04/08/2020,11:06:00,PT Level,8.95,in,G
04/08/2020,11:06:00,Flow_cfs,7.89,,G
04/08/2020,11:06:00,FlowVolume,11168.33,,G
04/08/2020,11:07:00,PT Level,8.95,in,G
04/08/2020,11:07:00,Flow_cfs,7.89,,G
04/08/2020,11:07:00,FlowVolume,11641.82,,G
04/08/2020,11:08:00,PT Level,8.96,in,G
04/08/2020,11:08:00,Flow_cfs,7.89,,G
04/08/2020,11:08:00,FlowVolume,12115.39,,G
04/08/2020,11:09:00,PT Level,8.97,in,G
04/08/2020,11:09:00,Flow_cfs,7.89,,G
04/08/2020,11:09:00,FlowVolume,12589.03,,G
04/08/2020,11:10:00,PT Level,8.99,in,G
04/08/2020,11:10:00,Aliquot_Num,28,ali,G
04/08/2020,11:10:00,Flow_cfs,7.90,,G
04/08/2020,11:10:00,Curr_pacing,30000.00,,G
04/08/2020,11:10:00,FlowVolume,13062.81,,G
04/08/2020,11:11:00,PT Level,8.99,in,G
04/08/2020,11:11:00,Flow_cfs,7.90,,G
04/08/2020,11:11:00,FlowVolume,13536.59,,G
04/08/2020,11:12:00,PT Level,9.01,in,G
04/08/2020,11:12:00,Flow_cfs,7.90,,G
04/08/2020,11:12:00,FlowVolume,14010.52,,G
04/08/2020,11:13:00,PT Level,8.96,in,G
04/08/2020,11:13:00,Flow_cfs,7.89,,G
04/08/2020,11:13:00,FlowVolume,14484.09,,G
04/08/2020,11:14:00,PT Level,8.97,in,G
04/08/2020,11:14:00,Flow_cfs,7.89,,G
04/08/2020,11:14:00,FlowVolume,14957.73,,G
04/08/2020,11:15:00,PT Level,9.02,in,G
04/08/2020,11:15:00,Aliquot_Num,28,ali,G
04/08/2020,11:15:00,Flow_cfs,7.90,,G
04/08/2020,11:15:00,Curr_pacing,30000.00,,G
04/08/2020,11:15:00,FlowVolume,15431.73,,G
04/08/2020,11:16:00,PT Level,9.03,in,G
04/08/2020,11:16:00,Flow_cfs,7.90,,G
04/08/2020,11:16:00,FlowVolume,15905.80,,G
04/08/2020,11:17:00,PT Level,9.03,in,G
04/08/2020,11:17:00,Flow_cfs,7.90,,G
04/08/2020,11:17:00,FlowVolume,16379.87,,G
04/08/2020,11:18:00,PT Level,9.00,in,G
04/08/2020,11:18:00,Flow_cfs,7.90,,G
04/08/2020,11:18:00,FlowVolume,16853.73,,G
04/08/2020,11:19:00,PT Level,9.04,in,G
04/08/2020,11:19:00,Flow_cfs,7.90,,G
04/08/2020,11:19:00,FlowVolume,17327.87,,G
04/08/2020,11:20:00,PT Level,9.01,in,G
04/08/2020,11:20:00,Aliquot_Num,28,ali,G
04/08/2020,11:20:00,Flow_cfs,7.90,,G
04/08/2020,11:20:00,Curr_pacing,30000.00,,G
04/08/2020,11:20:00,FlowVolume,17801.80,,G
04/08/2020,11:21:00,PT Level,9.05,in,G
04/08/2020,11:21:00,Flow_cfs,7.90,,G
04/08/2020,11:21:00,FlowVolume,18276.02,,G
04/08/2020,11:22:00,PT Level,9.04,in,G
04/08/2020,11:22:00,Flow_cfs,7.90,,G
04/08/2020,11:22:00,FlowVolume,18750.16,,G
04/08/2020,11:23:00,PT Level,9.08,in,G
04/08/2020,11:23:00,Flow_cfs,7.91,,G
04/08/2020,11:23:00,FlowVolume,19224.59,,G
04/08/2020,11:24:00,PT Level,9.05,in,G
04/08/2020,11:24:00,Flow_cfs,7.90,,G
04/08/2020,11:24:00,FlowVolume,19698.81,,G
04/08/2020,11:25:00,PT Level,9.06,in,G
04/08/2020,11:25:00,Aliquot_Num,28,ali,G
04/08/2020,11:25:00,Flow_cfs,7.90,,G
04/08/2020,11:25:00,Curr_pacing,30000.00,,G
04/08/2020,11:25:00,FlowVolume,20173.10,,G
04/08/2020,11:26:00,PT Level,9.05,in,G
04/08/2020,11:26:00,Flow_cfs,7.90,,G
04/08/2020,11:26:00,FlowVolume,20647.32,,G
04/08/2020,11:27:00,PT Level,9.08,in,G
04/08/2020,11:27:00,Flow_cfs,7.91,,G
04/08/2020,11:27:00,FlowVolume,21121.75,,G
04/08/2020,11:28:00,PT Level,9.06,in,G
04/08/2020,11:28:00,Flow_cfs,7.90,,G
04/08/2020,11:28:00,FlowVolume,21596.04,,G
04/08/2020,11:29:00,PT Level,9.09,in,G
04/08/2020,11:29:00,Flow_cfs,7.91,,G
04/08/2020,11:29:00,FlowVolume,22070.55,,G
04/08/2020,11:30:00,PT Level,9.12,in,G
04/08/2020,11:30:00,Aliquot_Num,28,ali,G
04/08/2020,11:30:00,Flow_cfs,7.91,,G
04/08/2020,11:30:00,Curr_pacing,30000.00,,G
04/08/2020,11:30:00,FlowVolume,22545.27,,G
04/08/2020,11:31:00,PT Level,9.11,in,G
04/08/2020,11:31:00,Flow_cfs,7.91,,G
04/08/2020,11:31:00,FlowVolume,23019.92,,G
04/08/2020,11:32:00,PT Level,9.10,in,G
04/08/2020,11:32:00,Flow_cfs,7.91,,G
04/08/2020,11:32:00,FlowVolume,23494.50,,G
04/08/2020,11:33:00,PT Level,9.10,in,G
04/08/2020,11:33:00,Flow_cfs,7.91,,G
04/08/2020,11:33:00,FlowVolume,23969.08,,G
04/08/2020,11:34:00,PT Level,9.12,in,G
04/08/2020,11:34:00,Flow_cfs,7.91,,G
04/08/2020,11:34:00,FlowVolume,24443.80,,G
04/08/2020,11:35:00,PT Level,9.14,in,G
04/08/2020,11:35:00,Aliquot_Num,28,ali,G
04/08/2020,11:35:00,Flow_cfs,7.91,,G
04/08/2020,11:35:00,Curr_pacing,30000.00,,G
04/08/2020,11:35:00,FlowVolume,24918.67,,G
04/08/2020,11:36:00,PT Level,9.10,in,G
04/08/2020,11:36:00,Flow_cfs,7.91,,G
04/08/2020,11:36:00,FlowVolume,25393.25,,G
04/08/2020,11:37:00,PT Level,9.12,in,G
04/08/2020,11:37:00,Flow_cfs,7.91,,G
04/08/2020,11:37:00,FlowVolume,25867.97,,G
04/08/2020,11:38:00,PT Level,9.14,in,G
04/08/2020,11:38:00,Flow_cfs,7.91,,G
04/08/2020,11:38:00,FlowVolume,26342.84,,G
04/08/2020,11:39:00,PT Level,9.15,in,G
04/08/2020,11:39:00,Flow_cfs,7.92,,G
04/08/2020,11:39:00,FlowVolume,26817.78,,G
04/08/2020,11:40:00,PT Level,9.16,in,G
04/08/2020,11:40:00,Aliquot_Num,28,ali,G
04/08/2020,11:40:00,Flow_cfs,7.92,,G
04/08/2020,11:40:00,Curr_pacing,30000.00,,G
04/08/2020,11:40:00,FlowVolume,27292.79,,G
04/08/2020,11:41:00,PT Level,9.13,in,G
04/08/2020,11:41:00,Flow_cfs,7.91,,G
04/08/2020,11:41:00,FlowVolume,27767.58,,G
04/08/2020,11:42:00,PT Level,9.15,in,G
04/08/2020,11:42:00,Flow_cfs,7.92,,G
04/08/2020,11:42:00,FlowVolume,28242.52,,G
04/08/2020,11:43:00,PT Level,9.16,in,G
04/08/2020,11:43:00,Flow_cfs,7.92,,G
04/08/2020,11:43:00,FlowVolume,28717.53,,G
04/08/2020,11:44:00,PT Level,9.17,in,G
04/08/2020,11:44:00,Flow_cfs,7.92,,G
04/08/2020,11:44:00,FlowVolume,29192.62,,G
04/08/2020,11:45:00,PT Level,9.20,in,G
04/08/2020,11:45:00,Aliquot_Num,28,ali,G
04/08/2020,11:45:00,Flow_cfs,7.92,,G
04/08/2020,11:45:00,Curr_pacing,30000.00,,G
04/08/2020,11:45:00,FlowVolume,29667.92,,G
04/08/2020,11:46:00,PT Level,9.19,in,G
04/08/2020,11:46:00,Flow_cfs,7.92,,G
04/08/2020,11:46:00,Triggered S,29,,G
04/08/2020,11:46:00,VolumeTrig,30143.15,,G
04/08/2020,11:46:00,FlowVolume,143.15,,G
04/08/2020,11:47:00,PT Level,9.19,in,G
04/08/2020,11:47:00,Flow_cfs,7.92,,G
04/08/2020,11:47:00,FlowVolume,618.38,,G
04/08/2020,11:48:00,PT Level,9.19,in,G
04/08/2020,11:48:00,Flow_cfs,7.92,,G
04/08/2020,11:48:00,FlowVolume,1093.61,,G
04/08/2020,11:49:00,PT Level,9.20,in,G
04/08/2020,11:49:00,Flow_cfs,7.92,,G
04/08/2020,11:49:00,FlowVolume,1568.91,,G
04/08/2020,11:50:00,PT Level,9.19,in,G
04/08/2020,11:50:00,Aliquot_Num,29,ali,G
04/08/2020,11:50:00,Flow_cfs,7.92,,G
04/08/2020,11:50:00,Curr_pacing,30000.00,,G
04/08/2020,11:50:00,FlowVolume,2044.14,,G
04/08/2020,11:51:00,PT Level,9.22,in,G
04/08/2020,11:51:00,Flow_cfs,7.92,,G
04/08/2020,11:51:00,FlowVolume,2519.58,,G
04/08/2020,11:52:00,PT Level,9.21,in,G
04/08/2020,11:52:00,Flow_cfs,7.92,,G
04/08/2020,11:52:00,FlowVolume,2994.96,,G
04/08/2020,11:53:00,PT Level,9.23,in,G
04/08/2020,11:53:00,Flow_cfs,7.93,,G
04/08/2020,11:53:00,FlowVolume,3470.47,,G
04/08/2020,11:54:00,PT Level,9.23,in,G
04/08/2020,11:54:00,Flow_cfs,7.93,,G
04/08/2020,11:54:00,FlowVolume,3945.99,,G
04/08/2020,11:55:00,PT Level,9.23,in,G
04/08/2020,11:55:00,Aliquot_Num,29,ali,G
04/08/2020,11:55:00,Flow_cfs,7.93,,G
04/08/2020,11:55:00,Curr_pacing,30000.00,,G
04/08/2020,11:55:00,FlowVolume,4421.51,,G
04/08/2020,11:56:00,PT Level,9.25,in,G
04/08/2020,11:56:00,Flow_cfs,7.93,,G
04/08/2020,11:56:00,FlowVolume,4897.17,,G
04/08/2020,11:57:00,PT Level,9.25,in,G
04/08/2020,11:57:00,Flow_cfs,7.93,,G
04/08/2020,11:57:00,FlowVolume,5372.84,,G
04/08/2020,11:58:00,PT Level,9.23,in,G
04/08/2020,11:58:00,Flow_cfs,7.93,,G
04/08/2020,11:58:00,FlowVolume,5848.35,,G
04/08/2020,11:59:00,PT Level,9.25,in,G
04/08/2020,11:59:00,Flow_cfs,7.93,,G
04/08/2020,11:59:00,FlowVolume,6324.02,,G
04/08/2020,12:00:00,PT Level,9.25,in,G
04/08/2020,12:00:00,Aliquot_Num,29,ali,G
04/08/2020,12:00:00,Flow_cfs,7.93,,G
04/08/2020,12:00:00,Curr_pacing,30000.00,,G
04/08/2020,12:00:00,FlowVolume,6799.68,,G
04/08/2020,12:01:00,PT Level,9.25,in,G
04/08/2020,12:01:00,Flow_cfs,7.93,,G
04/08/2020,12:01:00,FlowVolume,7275.34,,G
04/08/2020,12:02:00,PT Level,9.25,in,G
04/08/2020,12:02:00,Flow_cfs,7.93,,G
04/08/2020,12:02:00,FlowVolume,7751.00,,G
04/08/2020,12:03:00,PT Level,9.27,in,G
04/08/2020,12:03:00,Flow_cfs,7.93,,G
04/08/2020,12:03:00,FlowVolume,8226.81,,G
04/08/2020,12:04:00,PT Level,9.29,in,G
04/08/2020,12:04:00,Flow_cfs,7.93,,G
04/08/2020,12:04:00,FlowVolume,8702.76,,G
04/08/2020,12:05:00,PT Level,9.27,in,G
04/08/2020,12:05:00,Aliquot_Num,29,ali,G
04/08/2020,12:05:00,Flow_cfs,7.93,,G
04/08/2020,12:05:00,Curr_pacing,30000.00,,G
04/08/2020,12:05:00,FlowVolume,9178.57,,G
04/08/2020,12:06:00,PT Level,9.28,in,G
04/08/2020,12:06:00,Flow_cfs,7.93,,G
04/08/2020,12:06:00,FlowVolume,9654.45,,G
04/08/2020,12:07:00,PT Level,9.29,in,G
04/08/2020,12:07:00,Flow_cfs,7.93,,G
04/08/2020,12:07:00,FlowVolume,10130.40,,G
04/08/2020,12:08:00,PT Level,9.29,in,G
04/08/2020,12:08:00,Flow_cfs,7.93,,G
04/08/2020,12:08:00,FlowVolume,10606.35,,G
04/08/2020,12:09:00,PT Level,9.29,in,G
04/08/2020,12:09:00,Flow_cfs,7.93,,G
04/08/2020,12:09:00,FlowVolume,11082.31,,G
04/08/2020,12:10:00,PT Level,9.29,in,G
04/08/2020,12:10:00,Aliquot_Num,29,ali,G
04/08/2020,12:10:00,Flow_cfs,7.93,,G
04/08/2020,12:10:00,Curr_pacing,30000.00,,G
04/08/2020,12:10:00,FlowVolume,11558.26,,G
04/08/2020,12:11:00,PT Level,9.31,in,G
04/08/2020,12:11:00,Flow_cfs,7.93,,G
04/08/2020,12:11:00,FlowVolume,12034.35,,G
04/08/2020,12:12:00,PT Level,9.32,in,G
04/08/2020,12:12:00,Flow_cfs,7.94,,G
04/08/2020,12:12:00,FlowVolume,12510.52,,G
04/08/2020,12:13:00,PT Level,9.29,in,G
04/08/2020,12:13:00,Flow_cfs,7.93,,G
04/08/2020,12:13:00,FlowVolume,12986.47,,G
04/08/2020,12:14:00,PT Level,9.32,in,G
04/08/2020,12:14:00,Flow_cfs,7.94,,G
04/08/2020,12:14:00,FlowVolume,13462.64,,G
04/08/2020,12:15:00,PT Level,9.31,in,G
04/08/2020,12:15:00,Aliquot_Num,29,ali,G
04/08/2020,12:15:00,Flow_cfs,7.93,,G
04/08/2020,12:15:00,Curr_pacing,30000.00,,G
04/08/2020,12:15:00,FlowVolume,13938.74,,G
04/08/2020,12:16:00,PT Level,9.31,in,G
04/08/2020,12:16:00,Flow_cfs,7.93,,G
04/08/2020,12:16:00,FlowVolume,14414.84,,G
04/08/2020,12:17:00,PT Level,9.32,in,G
04/08/2020,12:17:00,Flow_cfs,7.94,,G
04/08/2020,12:17:00,FlowVolume,14891.00,,G
04/08/2020,12:18:00,PT Level,9.32,in,G
04/08/2020,12:18:00,Flow_cfs,7.94,,G
04/08/2020,12:18:00,FlowVolume,15367.17,,G
04/08/2020,12:19:00,PT Level,9.32,in,G
04/08/2020,12:19:00,Flow_cfs,7.94,,G
04/08/2020,12:19:00,FlowVolume,15843.34,,G
04/08/2020,12:20:00,PT Level,9.32,in,G
04/08/2020,12:20:00,Aliquot_Num,29,ali,G
04/08/2020,12:20:00,Flow_cfs,7.94,,G
04/08/2020,12:20:00,Curr_pacing,30000.00,,G
04/08/2020,12:20:00,FlowVolume,16319.51,,G
04/08/2020,12:21:00,PT Level,9.32,in,G
04/08/2020,12:21:00,Flow_cfs,7.94,,G
04/08/2020,12:21:00,FlowVolume,16795.68,,G
04/08/2020,12:22:00,PT Level,9.37,in,G
04/08/2020,12:22:00,Flow_cfs,7.94,,G
04/08/2020,12:22:00,FlowVolume,17272.21,,G
04/08/2020,12:23:00,PT Level,9.36,in,G
04/08/2020,12:23:00,Flow_cfs,7.94,,G
04/08/2020,12:23:00,FlowVolume,17748.67,,G
04/08/2020,12:24:00,PT Level,9.32,in,G
04/08/2020,12:24:00,Flow_cfs,7.94,,G
04/08/2020,12:24:00,FlowVolume,18224.84,,G
04/08/2020,12:25:00,PT Level,9.37,in,G
04/08/2020,12:25:00,Aliquot_Num,29,ali,G
04/08/2020,12:25:00,Flow_cfs,7.94,,G
04/08/2020,12:25:00,Curr_pacing,30000.00,,G
04/08/2020,12:25:00,FlowVolume,18701.37,,G
04/08/2020,12:26:00,PT Level,9.37,in,G
04/08/2020,12:26:00,Flow_cfs,7.94,,G
04/08/2020,12:26:00,FlowVolume,19177.90,,G
04/08/2020,12:27:00,PT Level,9.34,in,G
04/08/2020,12:27:00,Flow_cfs,7.94,,G
04/08/2020,12:27:00,FlowVolume,19654.21,,G
04/08/2020,12:28:00,PT Level,9.37,in,G
04/08/2020,12:28:00,Flow_cfs,7.94,,G
04/08/2020,12:28:00,FlowVolume,20130.74,,G
04/08/2020,12:29:00,PT Level,9.36,in,G
04/08/2020,12:29:00,Flow_cfs,7.94,,G
04/08/2020,12:29:00,FlowVolume,20607.20,,G
04/08/2020,12:30:00,PT Level,9.38,in,G
04/08/2020,12:30:00,Aliquot_Num,29,ali,G
04/08/2020,12:30:00,Flow_cfs,7.94,,G
04/08/2020,12:30:00,Curr_pacing,30000.00,,G
04/08/2020,12:30:00,FlowVolume,21083.80,,G
04/08/2020,12:31:00,PT Level,9.38,in,G
04/08/2020,12:31:00,Flow_cfs,7.94,,G
04/08/2020,12:31:00,FlowVolume,21560.40,,G
04/08/2020,12:32:00,PT Level,9.40,in,G
04/08/2020,12:32:00,Flow_cfs,7.95,,G
04/08/2020,12:32:00,FlowVolume,22037.15,,G
04/08/2020,12:33:00,PT Level,9.37,in,G
04/08/2020,12:33:00,Flow_cfs,7.94,,G
04/08/2020,12:33:00,FlowVolume,22513.68,,G
04/08/2020,12:34:00,PT Level,9.39,in,G
04/08/2020,12:34:00,Flow_cfs,7.94,,G
04/08/2020,12:34:00,FlowVolume,22990.35,,G
04/08/2020,12:35:00,PT Level,9.39,in,G
04/08/2020,12:35:00,Aliquot_Num,29,ali,G
04/08/2020,12:35:00,Flow_cfs,7.94,,G
04/08/2020,12:35:00,Curr_pacing,30000.00,,G
04/08/2020,12:35:00,FlowVolume,23467.03,,G
04/08/2020,12:36:00,PT Level,9.42,in,G
04/08/2020,12:36:00,Flow_cfs,7.95,,G
04/08/2020,12:36:00,FlowVolume,23943.92,,G
04/08/2020,12:37:00,PT Level,9.42,in,G
04/08/2020,12:37:00,Flow_cfs,7.95,,G
04/08/2020,12:37:00,FlowVolume,24420.81,,G
04/08/2020,12:38:00,PT Level,9.44,in,G
04/08/2020,12:38:00,Flow_cfs,7.95,,G
04/08/2020,12:38:00,FlowVolume,24897.85,,G
04/08/2020,12:39:00,PT Level,9.42,in,G
04/08/2020,12:39:00,Flow_cfs,7.95,,G
04/08/2020,12:39:00,FlowVolume,25374.74,,G
04/08/2020,12:40:00,PT Level,9.43,in,G
04/08/2020,12:40:00,Aliquot_Num,29,ali,G
04/08/2020,12:40:00,Flow_cfs,7.95,,G
04/08/2020,12:40:00,Curr_pacing,30000.00,,G
04/08/2020,12:40:00,FlowVolume,25851.70,,G
04/08/2020,12:41:00,PT Level,9.43,in,G
04/08/2020,12:41:00,Flow_cfs,7.95,,G
04/08/2020,12:41:00,FlowVolume,26328.67,,G
04/08/2020,12:42:00,PT Level,9.43,in,G
04/08/2020,12:42:00,Flow_cfs,7.95,,G
04/08/2020,12:42:00,FlowVolume,26805.63,,G
04/08/2020,12:43:00,PT Level,9.47,in,G
04/08/2020,12:43:00,Flow_cfs,7.95,,G
04/08/2020,12:43:00,FlowVolume,27282.88,,G
04/08/2020,12:44:00,PT Level,9.45,in,G
04/08/2020,12:44:00,Flow_cfs,7.95,,G
04/08/2020,12:44:00,FlowVolume,27759.99,,G
04/08/2020,12:45:00,PT Level,9.46,in,G
04/08/2020,12:45:00,Aliquot_Num,29,ali,G
04/08/2020,12:45:00,Flow_cfs,7.95,,G
04/08/2020,12:45:00,Curr_pacing,30000.00,,G
04/08/2020,12:45:00,FlowVolume,28237.17,,G
04/08/2020,12:46:00,PT Level,9.48,in,G
04/08/2020,12:46:00,Flow_cfs,7.96,,G
04/08/2020,12:46:00,FlowVolume,28714.50,,G
04/08/2020,12:47:00,PT Level,9.47,in,G
04/08/2020,12:47:00,Flow_cfs,7.95,,G
04/08/2020,12:47:00,FlowVolume,29191.75,,G
04/08/2020,12:48:00,PT Level,9.47,in,G
04/08/2020,12:48:00,Flow_cfs,7.95,,G
04/08/2020,12:48:00,FlowVolume,29669.00,,G
04/08/2020,12:49:00,PT Level,9.51,in,G
04/08/2020,12:49:00,Flow_cfs,7.96,,G
04/08/2020,12:49:00,Triggered S,30,,G
04/08/2020,12:49:00,VolumeTrig,30146.55,,G
04/08/2020,12:49:00,FlowVolume,146.55,,G
04/08/2020,12:50:00,PT Level,9.52,in,G
04/08/2020,12:50:00,Aliquot_Num,30,ali,G
04/08/2020,12:50:00,Flow_cfs,7.96,,G
04/08/2020,12:50:00,Curr_pacing,30000.00,,G
04/08/2020,12:50:00,FlowVolume,624.16,,G
04/08/2020,12:51:00,PT Level,9.52,in,G
04/08/2020,12:51:00,Flow_cfs,7.96,,G
04/08/2020,12:51:00,FlowVolume,1101.78,,G
04/08/2020,12:52:00,PT Level,9.52,in,G
04/08/2020,12:52:00,Flow_cfs,7.96,,G
04/08/2020,12:52:00,FlowVolume,1579.39,,G
04/08/2020,12:53:00,PT Level,9.53,in,G
04/08/2020,12:53:00,Flow_cfs,7.96,,G
04/08/2020,12:53:00,FlowVolume,2057.08,,G
04/08/2020,12:54:00,PT Level,9.54,in,G
04/08/2020,12:54:00,Flow_cfs,7.96,,G
04/08/2020,12:54:00,FlowVolume,2534.84,,G
04/08/2020,12:55:00,PT Level,9.53,in,G
04/08/2020,12:55:00,Aliquot_Num,30,ali,G
04/08/2020,12:55:00,Flow_cfs,7.96,,G
04/08/2020,12:55:00,Curr_pacing,30000.00,,G
04/08/2020,12:55:00,FlowVolume,3012.52,,G
04/08/2020,12:56:00,PT Level,9.53,in,G
04/08/2020,12:56:00,Flow_cfs,7.96,,G
04/08/2020,12:56:00,FlowVolume,3490.21,,G
04/08/2020,12:57:00,PT Level,9.55,in,G
04/08/2020,12:57:00,Flow_cfs,7.96,,G
04/08/2020,12:57:00,FlowVolume,3968.04,,G
04/08/2020,12:58:00,PT Level,9.55,in,G
04/08/2020,12:58:00,Flow_cfs,7.96,,G
04/08/2020,12:58:00,FlowVolume,4445.87,,G
04/08/2020,12:59:00,PT Level,9.55,in,G
04/08/2020,12:59:00,Flow_cfs,7.96,,G
04/08/2020,12:59:00,FlowVolume,4923.70,,G
04/08/2020,13:00:00,PT Level,9.56,in,G
04/08/2020,13:00:00,Aliquot_Num,30,ali,G
04/08/2020,13:00:00,Flow_cfs,7.97,,G
04/08/2020,13:00:00,Curr_pacing,30000.00,,G
04/08/2020,13:00:00,FlowVolume,5401.61,,G
04/08/2020,13:01:00,PT Level,9.53,in,G
04/08/2020,13:01:00,Flow_cfs,7.96,,G
04/08/2020,13:01:00,FlowVolume,5879.29,,G
04/08/2020,13:02:00,PT Level,9.54,in,G
04/08/2020,13:02:00,Flow_cfs,7.96,,G
04/08/2020,13:02:00,FlowVolume,6357.05,,G
04/08/2020,13:03:00,PT Level,9.57,in,G
04/08/2020,13:03:00,Flow_cfs,7.97,,G
04/08/2020,13:03:00,FlowVolume,6835.03,,G
04/08/2020,13:04:00,PT Level,9.57,in,G
04/08/2020,13:04:00,Flow_cfs,7.97,,G
04/08/2020,13:04:00,FlowVolume,7313.00,,G
04/08/2020,13:05:00,PT Level,9.55,in,G
04/08/2020,13:05:00,Aliquot_Num,30,ali,G
04/08/2020,13:05:00,Flow_cfs,7.96,,G
04/08/2020,13:05:00,Curr_pacing,30000.00,,G
04/08/2020,13:05:00,FlowVolume,7790.84,,G
04/08/2020,13:06:00,PT Level,9.56,in,G
04/08/2020,13:06:00,Flow_cfs,7.97,,G
04/08/2020,13:06:00,FlowVolume,8268.74,,G
04/08/2020,13:07:00,PT Level,9.55,in,G
04/08/2020,13:07:00,Flow_cfs,7.96,,G
04/08/2020,13:07:00,FlowVolume,8746.57,,G
04/08/2020,13:08:00,PT Level,9.56,in,G
04/08/2020,13:08:00,Flow_cfs,7.97,,G
04/08/2020,13:08:00,FlowVolume,9224.47,,G
04/08/2020,13:09:00,PT Level,9.56,in,G
04/08/2020,13:09:00,Flow_cfs,7.97,,G
04/08/2020,13:09:00,FlowVolume,9702.38,,G
04/08/2020,13:10:00,PT Level,9.57,in,G
04/08/2020,13:10:00,Aliquot_Num,30,ali,G
04/08/2020,13:10:00,Flow_cfs,7.97,,G
04/08/2020,13:10:00,Curr_pacing,30000.00,,G
04/08/2020,13:10:00,FlowVolume,10180.35,,G
04/08/2020,13:11:00,PT Level,9.58,in,G
04/08/2020,13:11:00,Flow_cfs,7.97,,G
04/08/2020,13:11:00,FlowVolume,10658.40,,G
04/08/2020,13:12:00,PT Level,9.55,in,G
04/08/2020,13:12:00,Flow_cfs,7.96,,G
04/08/2020,13:12:00,FlowVolume,11136.23,,G
04/08/2020,13:13:00,PT Level,9.56,in,G
04/08/2020,13:13:00,Flow_cfs,7.97,,G
04/08/2020,13:13:00,FlowVolume,11614.14,,G
04/08/2020,13:14:00,PT Level,9.59,in,G
04/08/2020,13:14:00,Flow_cfs,7.97,,G
04/08/2020,13:14:00,FlowVolume,12092.26,,G
04/08/2020,13:15:00,PT Level,9.56,in,G
04/08/2020,13:15:00,Aliquot_Num,30,ali,G
04/08/2020,13:15:00,Flow_cfs,7.97,,G
04/08/2020,13:15:00,Curr_pacing,30000.00,,G
04/08/2020,13:15:00,FlowVolume,12570.16,,G
04/08/2020,13:16:00,PT Level,9.55,in,G
04/08/2020,13:16:00,Flow_cfs,7.96,,G
04/08/2020,13:16:00,FlowVolume,13047.99,,G
04/08/2020,13:17:00,PT Level,9.57,in,G
04/08/2020,13:17:00,Flow_cfs,7.97,,G
04/08/2020,13:17:00,FlowVolume,13525.97,,G
04/08/2020,13:18:00,PT Level,9.62,in,G
04/08/2020,13:18:00,Flow_cfs,7.97,,G
04/08/2020,13:18:00,FlowVolume,14004.31,,G
04/08/2020,13:19:00,PT Level,9.58,in,G
04/08/2020,13:19:00,Flow_cfs,7.97,,G
04/08/2020,13:19:00,FlowVolume,14482.35,,G
04/08/2020,13:20:00,PT Level,9.59,in,G
04/08/2020,13:20:00,Aliquot_Num,30,ali,G
04/08/2020,13:20:00,Flow_cfs,7.97,,G
04/08/2020,13:20:00,Curr_pacing,30000.00,,G
04/08/2020,13:20:00,FlowVolume,14960.47,,G
04/08/2020,13:21:00,PT Level,9.61,in,G
04/08/2020,13:21:00,Flow_cfs,7.97,,G
04/08/2020,13:21:00,FlowVolume,15438.74,,G
04/08/2020,13:22:00,PT Level,9.61,in,G
04/08/2020,13:22:00,Flow_cfs,7.97,,G
04/08/2020,13:22:00,FlowVolume,15917.00,,G
04/08/2020,13:23:00,PT Level,9.64,in,G
04/08/2020,13:23:00,Flow_cfs,7.97,,G
04/08/2020,13:23:00,FlowVolume,16395.49,,G
04/08/2020,13:24:00,PT Level,9.62,in,G
04/08/2020,13:24:00,Flow_cfs,7.97,,G
04/08/2020,13:24:00,FlowVolume,16873.82,,G
04/08/2020,13:25:00,PT Level,9.64,in,G
04/08/2020,13:25:00,Aliquot_Num,30,ali,G
04/08/2020,13:25:00,Flow_cfs,7.97,,G
04/08/2020,13:25:00,Curr_pacing,30000.00,,G
04/08/2020,13:25:00,FlowVolume,17352.31,,G
04/08/2020,13:26:00,PT Level,9.62,in,G
04/08/2020,13:26:00,Flow_cfs,7.97,,G
04/08/2020,13:26:00,FlowVolume,17830.64,,G
04/08/2020,13:27:00,PT Level,9.64,in,G
04/08/2020,13:27:00,Flow_cfs,7.97,,G
04/08/2020,13:27:00,FlowVolume,18309.12,,G
04/08/2020,13:28:00,PT Level,9.67,in,G
04/08/2020,13:28:00,Flow_cfs,7.98,,G
04/08/2020,13:28:00,FlowVolume,18787.82,,G
04/08/2020,13:29:00,PT Level,9.67,in,G
04/08/2020,13:29:00,Flow_cfs,7.98,,G
04/08/2020,13:29:00,FlowVolume,19266.52,,G
04/08/2020,13:30:00,PT Level,9.66,in,G
04/08/2020,13:30:00,Aliquot_Num,30,ali,G
04/08/2020,13:30:00,Flow_cfs,7.98,,G
04/08/2020,13:30:00,Curr_pacing,30000.00,,G
04/08/2020,13:30:00,FlowVolume,19745.15,,G
04/08/2020,13:31:00,PT Level,9.68,in,G
04/08/2020,13:31:00,Flow_cfs,7.98,,G
04/08/2020,13:31:00,FlowVolume,20223.92,,G
04/08/2020,13:32:00,PT Level,9.69,in,G
04/08/2020,13:32:00,Flow_cfs,7.98,,G
04/08/2020,13:32:00,FlowVolume,20702.76,,G
04/08/2020,13:33:00,PT Level,9.67,in,G
04/08/2020,13:33:00,Flow_cfs,7.98,,G
04/08/2020,13:33:00,FlowVolume,21181.46,,G
04/08/2020,13:34:00,PT Level,9.69,in,G
04/08/2020,13:34:00,Flow_cfs,7.98,,G
04/08/2020,13:34:00,FlowVolume,21660.31,,G
04/08/2020,13:35:00,PT Level,9.68,in,G
04/08/2020,13:35:00,Aliquot_Num,30,ali,G
04/08/2020,13:35:00,Flow_cfs,7.98,,G
04/08/2020,13:35:00,Curr_pacing,30000.00,,G
04/08/2020,13:35:00,FlowVolume,22139.08,,G
04/08/2020,13:36:00,PT Level,9.70,in,G
04/08/2020,13:36:00,Flow_cfs,7.98,,G
04/08/2020,13:36:00,FlowVolume,22617.99,,G
04/08/2020,13:37:00,PT Level,9.71,in,G
04/08/2020,13:37:00,Flow_cfs,7.98,,G
04/08/2020,13:37:00,FlowVolume,23096.98,,G
04/08/2020,13:38:00,PT Level,9.68,in,G
04/08/2020,13:38:00,Flow_cfs,7.98,,G
04/08/2020,13:38:00,FlowVolume,23575.75,,G
04/08/2020,13:39:00,PT Level,9.71,in,G
04/08/2020,13:39:00,Flow_cfs,7.98,,G
04/08/2020,13:39:00,FlowVolume,24054.74,,G
04/08/2020,13:40:00,PT Level,9.67,in,G
04/08/2020,13:40:00,Aliquot_Num,30,ali,G
04/08/2020,13:40:00,Flow_cfs,7.98,,G
04/08/2020,13:40:00,Curr_pacing,30000.00,,G
04/08/2020,13:40:00,FlowVolume,24533.44,,G
04/08/2020,13:41:00,PT Level,9.70,in,G
04/08/2020,13:41:00,Flow_cfs,7.98,,G
04/08/2020,13:41:00,FlowVolume,25012.35,,G
04/08/2020,13:42:00,PT Level,9.70,in,G
04/08/2020,13:42:00,Flow_cfs,7.98,,G
04/08/2020,13:42:00,FlowVolume,25491.27,,G
04/08/2020,13:43:00,PT Level,9.68,in,G
04/08/2020,13:43:00,Flow_cfs,7.98,,G
04/08/2020,13:43:00,FlowVolume,25970.04,,G
04/08/2020,13:44:00,PT Level,9.72,in,G
04/08/2020,13:44:00,Flow_cfs,7.98,,G
04/08/2020,13:44:00,FlowVolume,26449.10,,G
04/08/2020,13:45:00,PT Level,9.71,in,G
04/08/2020,13:45:00,Aliquot_Num,30,ali,G
04/08/2020,13:45:00,Flow_cfs,7.98,,G
04/08/2020,13:45:00,Curr_pacing,30000.00,,G
04/08/2020,13:45:00,FlowVolume,26928.09,,G
04/08/2020,13:46:00,PT Level,9.74,in,G
04/08/2020,13:46:00,Flow_cfs,7.99,,G
04/08/2020,13:46:00,FlowVolume,27407.29,,G
04/08/2020,13:47:00,PT Level,9.70,in,G
04/08/2020,13:47:00,Flow_cfs,7.98,,G
04/08/2020,13:47:00,FlowVolume,27886.21,,G
04/08/2020,13:48:00,PT Level,9.72,in,G
04/08/2020,13:48:00,Flow_cfs,7.98,,G
04/08/2020,13:48:00,FlowVolume,28365.27,,G
04/08/2020,13:49:00,PT Level,9.70,in,G
04/08/2020,13:49:00,Flow_cfs,7.98,,G
04/08/2020,13:49:00,FlowVolume,28844.18,,G
04/08/2020,13:50:00,PT Level,9.72,in,G
04/08/2020,13:50:00,Aliquot_Num,30,ali,G
04/08/2020,13:50:00,Flow_cfs,7.98,,G
04/08/2020,13:50:00,Curr_pacing,30000.00,,G
04/08/2020,13:50:00,FlowVolume,29323.25,,G
04/08/2020,13:51:00,PT Level,9.71,in,G
04/08/2020,13:51:00,Flow_cfs,7.98,,G
04/08/2020,13:51:00,FlowVolume,29802.23,,G
04/08/2020,13:52:00,PT Level,9.72,in,G
04/08/2020,13:52:00,Flow_cfs,7.98,,G
04/08/2020,13:52:00,Triggered S,31,,G
04/08/2020,13:52:00,VolumeTrig,30281.29,,G
04/08/2020,13:52:00,FlowVolume,281.29,,G
04/08/2020,13:53:00,PT Level,9.71,in,G
04/08/2020,13:53:00,Flow_cfs,7.98,,G
04/08/2020,13:53:00,FlowVolume,760.28,,G
04/08/2020,13:54:00,PT Level,9.72,in,G
04/08/2020,13:54:00,Flow_cfs,7.98,,G
04/08/2020,13:54:00,FlowVolume,1239.34,,G
04/08/2020,13:55:00,PT Level,9.73,in,G
04/08/2020,13:55:00,Aliquot_Num,31,ali,G
04/08/2020,13:55:00,Flow_cfs,7.99,,G
04/08/2020,13:55:00,Curr_pacing,30000.00,,G
04/08/2020,13:55:00,FlowVolume,1718.47,,G
04/08/2020,13:56:00,PT Level,9.75,in,G
04/08/2020,13:56:00,Flow_cfs,7.99,,G
04/08/2020,13:56:00,FlowVolume,2197.75,,G
04/08/2020,13:57:00,PT Level,9.73,in,G
04/08/2020,13:57:00,Flow_cfs,7.99,,G
04/08/2020,13:57:00,FlowVolume,2676.88,,G
04/08/2020,13:58:00,PT Level,9.72,in,G
04/08/2020,13:58:00,Flow_cfs,7.98,,G
04/08/2020,13:58:00,FlowVolume,3155.94,,G
04/08/2020,13:59:00,PT Level,9.71,in,G
04/08/2020,13:59:00,Flow_cfs,7.98,,G
04/08/2020,13:59:00,FlowVolume,3634.93,,G
04/08/2020,14:00:00,PT Level,9.73,in,G
04/08/2020,14:00:00,Aliquot_Num,31,ali,G
04/08/2020,14:00:00,Flow_cfs,7.99,,G
04/08/2020,14:00:00,Curr_pacing,30000.00,,G
04/08/2020,14:00:00,FlowVolume,4114.06,,G
04/08/2020,14:01:00,PT Level,9.73,in,G
04/08/2020,14:01:00,Flow_cfs,7.99,,G
04/08/2020,14:01:00,FlowVolume,4593.20,,G
04/08/2020,14:02:00,PT Level,9.75,in,G
04/08/2020,14:02:00,Flow_cfs,7.99,,G
04/08/2020,14:02:00,FlowVolume,5072.47,,G
04/08/2020,14:03:00,PT Level,9.72,in,G
04/08/2020,14:03:00,Flow_cfs,7.98,,G
04/08/2020,14:03:00,FlowVolume,5551.53,,G
04/08/2020,14:04:00,PT Level,9.75,in,G
04/08/2020,14:04:00,Flow_cfs,7.99,,G
04/08/2020,14:04:00,FlowVolume,6030.81,,G
04/08/2020,14:05:00,PT Level,9.75,in,G
04/08/2020,14:05:00,Aliquot_Num,31,ali,G
04/08/2020,14:05:00,Flow_cfs,7.99,,G
04/08/2020,14:05:00,Curr_pacing,30000.00,,G
04/08/2020,14:05:00,FlowVolume,6510.09,,G
04/08/2020,14:06:00,PT Level,9.72,in,G
04/08/2020,14:06:00,Flow_cfs,7.98,,G
04/08/2020,14:06:00,FlowVolume,6989.15,,G
04/08/2020,14:07:00,PT Level,9.75,in,G
04/08/2020,14:07:00,Flow_cfs,7.99,,G
04/08/2020,14:07:00,FlowVolume,7468.43,,G
04/08/2020,14:08:00,PT Level,9.74,in,G
04/08/2020,14:08:00,Flow_cfs,7.99,,G
04/08/2020,14:08:00,FlowVolume,7947.63,,G
04/08/2020,14:09:00,PT Level,9.73,in,G
04/08/2020,14:09:00,Flow_cfs,7.99,,G
04/08/2020,14:09:00,FlowVolume,8426.76,,G
04/08/2020,14:10:00,PT Level,9.74,in,G
04/08/2020,14:10:00,Aliquot_Num,31,ali,G
04/08/2020,14:10:00,Flow_cfs,7.99,,G
04/08/2020,14:10:00,Curr_pacing,30000.00,,G
04/08/2020,14:10:00,FlowVolume,8905.97,,G
04/08/2020,14:11:00,PT Level,9.76,in,G
04/08/2020,14:11:00,Flow_cfs,7.99,,G
04/08/2020,14:11:00,FlowVolume,9385.32,,G
04/08/2020,14:12:00,PT Level,9.76,in,G
04/08/2020,14:12:00,Flow_cfs,7.99,,G
04/08/2020,14:12:00,FlowVolume,9864.67,,G
04/08/2020,14:13:00,PT Level,9.75,in,G
04/08/2020,14:13:00,Flow_cfs,7.99,,G
04/08/2020,14:13:00,FlowVolume,10343.94,,G
04/08/2020,14:14:00,PT Level,9.78,in,G
04/08/2020,14:14:00,Flow_cfs,7.99,,G
04/08/2020,14:14:00,FlowVolume,10823.44,,G
04/08/2020,14:15:00,PT Level,9.76,in,G
04/08/2020,14:15:00,Aliquot_Num,31,ali,G
04/08/2020,14:15:00,Flow_cfs,7.99,,G
04/08/2020,14:15:00,Curr_pacing,30000.00,,G
04/08/2020,14:15:00,FlowVolume,11302.79,,G
04/08/2020,14:16:00,PT Level,9.77,in,G
04/08/2020,14:16:00,Flow_cfs,7.99,,G
04/08/2020,14:16:00,FlowVolume,11782.21,,G
04/08/2020,14:17:00,PT Level,9.79,in,G
04/08/2020,14:17:00,Flow_cfs,7.99,,G
04/08/2020,14:17:00,FlowVolume,12261.78,,G
04/08/2020,14:18:00,PT Level,9.79,in,G
04/08/2020,14:18:00,Flow_cfs,7.99,,G
04/08/2020,14:18:00,FlowVolume,12741.34,,G
04/08/2020,14:19:00,PT Level,9.79,in,G
04/08/2020,14:19:00,Flow_cfs,7.99,,G
04/08/2020,14:19:00,FlowVolume,13220.91,,G
04/08/2020,14:20:00,PT Level,9.79,in,G
04/08/2020,14:20:00,Aliquot_Num,31,ali,G
04/08/2020,14:20:00,Flow_cfs,7.99,,G
04/08/2020,14:20:00,Curr_pacing,30000.00,,G
04/08/2020,14:20:00,FlowVolume,13700.47,,G
04/08/2020,14:21:00,PT Level,9.81,in,G
04/08/2020,14:21:00,Flow_cfs,8.00,,G
04/08/2020,14:21:00,FlowVolume,14180.18,,G
04/08/2020,14:22:00,PT Level,9.82,in,G
04/08/2020,14:22:00,Flow_cfs,8.00,,G
04/08/2020,14:22:00,FlowVolume,14659.97,,G
04/08/2020,14:23:00,PT Level,9.79,in,G
04/08/2020,14:23:00,Flow_cfs,7.99,,G
04/08/2020,14:23:00,FlowVolume,15139.53,,G
04/08/2020,14:24:00,PT Level,9.82,in,G
04/08/2020,14:24:00,Flow_cfs,8.00,,G
04/08/2020,14:24:00,FlowVolume,15619.32,,G
04/08/2020,14:25:00,PT Level,9.81,in,G
04/08/2020,14:25:00,Aliquot_Num,31,ali,G
04/08/2020,14:25:00,Flow_cfs,8.00,,G
04/08/2020,14:25:00,Curr_pacing,30000.00,,G
04/08/2020,14:25:00,FlowVolume,16099.03,,G
04/08/2020,14:26:00,PT Level,9.82,in,G
04/08/2020,14:26:00,Flow_cfs,8.00,,G
04/08/2020,14:26:00,FlowVolume,16578.81,,G
04/08/2020,14:27:00,PT Level,9.81,in,G
04/08/2020,14:27:00,Flow_cfs,8.00,,G
04/08/2020,14:27:00,FlowVolume,17058.52,,G
04/08/2020,14:28:00,PT Level,9.83,in,G
04/08/2020,14:28:00,Flow_cfs,8.00,,G
04/08/2020,14:28:00,FlowVolume,17538.38,,G
04/08/2020,14:29:00,PT Level,9.81,in,G
04/08/2020,14:29:00,Flow_cfs,8.00,,G
04/08/2020,14:29:00,FlowVolume,18018.09,,G
04/08/2020,14:30:00,PT Level,9.82,in,G
04/08/2020,14:30:00,Aliquot_Num,31,ali,G
04/08/2020,14:30:00,Flow_cfs,8.00,,G
04/08/2020,14:30:00,Curr_pacing,30000.00,,G
04/08/2020,14:30:00,FlowVolume,18497.87,,G
04/08/2020,14:31:00,PT Level,9.80,in,G
04/08/2020,14:31:00,Flow_cfs,7.99,,G
04/08/2020,14:31:00,FlowVolume,18977.51,,G
04/08/2020,14:32:00,PT Level,9.85,in,G
04/08/2020,14:32:00,Flow_cfs,8.00,,G
04/08/2020,14:32:00,FlowVolume,19457.51,,G
04/08/2020,14:33:00,PT Level,9.83,in,G
04/08/2020,14:33:00,Flow_cfs,8.00,,G
04/08/2020,14:33:00,FlowVolume,19937.37,,G
04/08/2020,14:34:00,PT Level,9.82,in,G
04/08/2020,14:34:00,Flow_cfs,8.00,,G
04/08/2020,14:34:00,FlowVolume,20417.15,,G
04/08/2020,14:35:00,PT Level,9.84,in,G
04/08/2020,14:35:00,Aliquot_Num,31,ali,G
04/08/2020,14:35:00,Flow_cfs,8.00,,G
04/08/2020,14:35:00,Curr_pacing,30000.00,,G
04/08/2020,14:35:00,FlowVolume,20897.08,,G
04/08/2020,14:36:00,PT Level,9.85,in,G
04/08/2020,14:36:00,Flow_cfs,8.00,,G
04/08/2020,14:36:00,FlowVolume,21377.08,,G
04/08/2020,14:37:00,PT Level,9.86,in,G
04/08/2020,14:37:00,Flow_cfs,8.02,,G
04/08/2020,14:37:00,FlowVolume,21858.04,,G
04/08/2020,14:38:00,PT Level,9.86,in,G
04/08/2020,14:38:00,Flow_cfs,8.02,,G
04/08/2020,14:38:00,FlowVolume,22339.01,,G
04/08/2020,14:39:00,PT Level,9.85,in,G
04/08/2020,14:39:00,Flow_cfs,8.00,,G
04/08/2020,14:39:00,FlowVolume,22819.01,,G
04/08/2020,14:40:00,PT Level,9.85,in,G
04/08/2020,14:40:00,Aliquot_Num,31,ali,G
04/08/2020,14:40:00,Flow_cfs,8.00,,G
04/08/2020,14:40:00,Curr_pacing,30000.00,,G
04/08/2020,14:40:00,FlowVolume,23299.01,,G
04/08/2020,14:41:00,PT Level,9.87,in,G
04/08/2020,14:41:00,Flow_cfs,8.03,,G
04/08/2020,14:41:00,FlowVolume,23780.95,,G
04/08/2020,14:42:00,PT Level,9.90,in,G
04/08/2020,14:42:00,Flow_cfs,8.08,,G
04/08/2020,14:42:00,FlowVolume,24265.79,,G
04/08/2020,14:43:00,PT Level,9.87,in,G
04/08/2020,14:43:00,Flow_cfs,8.03,,G
04/08/2020,14:43:00,FlowVolume,24747.72,,G
04/08/2020,14:44:00,PT Level,9.89,in,G
04/08/2020,14:44:00,Flow_cfs,8.06,,G
04/08/2020,14:44:00,FlowVolume,25231.59,,G
04/08/2020,14:45:00,PT Level,9.87,in,G
04/08/2020,14:45:00,Aliquot_Num,31,ali,G
04/08/2020,14:45:00,Flow_cfs,8.03,,G
04/08/2020,14:45:00,Curr_pacing,30000.00,,G
04/08/2020,14:45:00,FlowVolume,25713.53,,G
04/08/2020,14:46:00,PT Level,9.89,in,G
04/08/2020,14:46:00,Flow_cfs,8.06,,G
04/08/2020,14:46:00,FlowVolume,26197.40,,G
04/08/2020,14:47:00,PT Level,9.90,in,G
04/08/2020,14:47:00,Flow_cfs,8.08,,G
04/08/2020,14:47:00,FlowVolume,26682.24,,G
04/08/2020,14:48:00,PT Level,9.92,in,G
04/08/2020,14:48:00,Flow_cfs,8.11,,G
04/08/2020,14:48:00,FlowVolume,27169.01,,G
04/08/2020,14:49:00,PT Level,9.90,in,G
04/08/2020,14:49:00,Flow_cfs,8.08,,G
04/08/2020,14:49:00,FlowVolume,27653.85,,G
04/08/2020,14:50:00,PT Level,9.90,in,G
04/08/2020,14:50:00,Aliquot_Num,31,ali,G
04/08/2020,14:50:00,Flow_cfs,8.08,,G
04/08/2020,14:50:00,Curr_pacing,30000.00,,G
04/08/2020,14:50:00,FlowVolume,28138.69,,G
04/08/2020,14:51:00,PT Level,9.93,in,G
04/08/2020,14:51:00,Flow_cfs,8.13,,G
04/08/2020,14:51:00,FlowVolume,28626.43,,G
04/08/2020,14:52:00,PT Level,9.92,in,G
04/08/2020,14:52:00,Flow_cfs,8.11,,G
04/08/2020,14:52:00,FlowVolume,29113.21,,G
04/08/2020,14:53:00,PT Level,9.93,in,G
04/08/2020,14:53:00,Flow_cfs,8.13,,G
04/08/2020,14:53:00,FlowVolume,29600.95,,G
04/08/2020,14:54:00,PT Level,9.94,in,G
04/08/2020,14:54:00,Flow_cfs,8.15,,G
04/08/2020,14:54:00,Triggered S,32,,G
04/08/2020,14:54:00,VolumeTrig,30089.66,,G
04/08/2020,14:54:00,FlowVolume,89.66,,G
04/08/2020,14:55:00,PT Level,9.96,in,G
04/08/2020,14:55:00,Aliquot_Num,32,ali,G
04/08/2020,14:55:00,Flow_cfs,8.18,,G
04/08/2020,14:55:00,Curr_pacing,30000.00,,G
04/08/2020,14:55:00,FlowVolume,580.30,,G
04/08/2020,14:56:00,PT Level,9.96,in,G
04/08/2020,14:56:00,Flow_cfs,8.18,,G
04/08/2020,14:56:00,FlowVolume,1070.95,,G
04/08/2020,14:57:00,PT Level,9.95,in,G
04/08/2020,14:57:00,Flow_cfs,8.16,,G
04/08/2020,14:57:00,FlowVolume,1560.63,,G
04/08/2020,14:58:00,PT Level,9.95,in,G
04/08/2020,14:58:00,Flow_cfs,8.16,,G
04/08/2020,14:58:00,FlowVolume,2050.30,,G
04/08/2020,14:59:00,PT Level,9.95,in,G
04/08/2020,14:59:00,Flow_cfs,8.16,,G
04/08/2020,14:59:00,FlowVolume,2539.98,,G
04/08/2020,15:00:00,PT Level,9.96,in,G
04/08/2020,15:00:00,Aliquot_Num,32,ali,G
04/08/2020,15:00:00,Flow_cfs,8.18,,G
04/08/2020,15:00:00,Curr_pacing,30000.00,,G
04/08/2020,15:00:00,FlowVolume,3030.63,,G
04/08/2020,15:01:00,PT Level,9.94,in,G
04/08/2020,15:01:00,Flow_cfs,8.15,,G
04/08/2020,15:01:00,FlowVolume,3519.33,,G
04/08/2020,15:02:00,PT Level,9.97,in,G
04/08/2020,15:02:00,Flow_cfs,8.19,,G
04/08/2020,15:02:00,FlowVolume,4010.95,,G
04/08/2020,15:03:00,PT Level,10.00,in,G
04/08/2020,15:03:00,Flow_cfs,8.24,,G
04/08/2020,15:03:00,FlowVolume,4505.46,,G
04/08/2020,15:04:00,PT Level,9.96,in,G
04/08/2020,15:04:00,Flow_cfs,8.18,,G
04/08/2020,15:04:00,FlowVolume,4996.11,,G
04/08/2020,15:05:00,PT Level,10.00,in,G
04/08/2020,15:05:00,Aliquot_Num,32,ali,G
04/08/2020,15:05:00,Flow_cfs,8.24,,G
04/08/2020,15:05:00,Curr_pacing,30000.00,,G
04/08/2020,15:05:00,FlowVolume,5490.63,,G
04/08/2020,15:06:00,PT Level,9.98,in,G
04/08/2020,15:06:00,Flow_cfs,8.21,,G
04/08/2020,15:06:00,FlowVolume,5983.21,,G
04/08/2020,15:07:00,PT Level,10.00,in,G
04/08/2020,15:07:00,Flow_cfs,8.24,,G
04/08/2020,15:07:00,FlowVolume,6477.72,,G
04/08/2020,15:08:00,PT Level,10.01,in,G
04/08/2020,15:08:00,Flow_cfs,8.26,,G
04/08/2020,15:08:00,FlowVolume,6973.21,,G
04/08/2020,15:09:00,PT Level,10.00,in,G
04/08/2020,15:09:00,Flow_cfs,8.24,,G
04/08/2020,15:09:00,FlowVolume,7467.72,,G
04/08/2020,15:10:00,PT Level,10.06,in,G
04/08/2020,15:10:00,Aliquot_Num,32,ali,G
04/08/2020,15:10:00,Flow_cfs,8.34,,G
04/08/2020,15:10:00,Curr_pacing,30000.00,,G
04/08/2020,15:10:00,FlowVolume,7968.04,,G
04/08/2020,15:11:00,PT Level,10.03,in,G
04/08/2020,15:11:00,Flow_cfs,8.29,,G
04/08/2020,15:11:00,FlowVolume,8465.46,,G
04/08/2020,15:12:00,PT Level,10.07,in,G
04/08/2020,15:12:00,Flow_cfs,8.35,,G
04/08/2020,15:12:00,FlowVolume,8966.75,,G
04/08/2020,15:13:00,PT Level,10.05,in,G
04/08/2020,15:13:00,Flow_cfs,8.32,,G
04/08/2020,15:13:00,FlowVolume,9466.11,,G
04/08/2020,15:14:00,PT Level,10.04,in,G
04/08/2020,15:14:00,Flow_cfs,8.31,,G
04/08/2020,15:14:00,FlowVolume,9964.50,,G
04/08/2020,15:15:00,PT Level,10.03,in,G
04/08/2020,15:15:00,Aliquot_Num,32,ali,G
04/08/2020,15:15:00,Flow_cfs,8.29,,G
04/08/2020,15:15:00,Curr_pacing,30000.00,,G
04/08/2020,15:15:00,FlowVolume,10461.92,,G
04/08/2020,15:16:00,PT Level,10.04,in,G
04/08/2020,15:16:00,Flow_cfs,8.31,,G
04/08/2020,15:16:00,FlowVolume,10960.30,,G
04/08/2020,15:17:00,PT Level,10.02,in,G
04/08/2020,15:17:00,Flow_cfs,8.27,,G
04/08/2020,15:17:00,FlowVolume,11456.75,,G
04/08/2020,15:18:00,PT Level,10.05,in,G
04/08/2020,15:18:00,Flow_cfs,8.32,,G
04/08/2020,15:18:00,FlowVolume,11956.11,,G
04/08/2020,15:19:00,PT Level,10.02,in,G
04/08/2020,15:19:00,Flow_cfs,8.27,,G
04/08/2020,15:19:00,FlowVolume,12452.56,,G
04/08/2020,15:20:00,PT Level,10.03,in,G
04/08/2020,15:20:00,Aliquot_Num,32,ali,G
04/08/2020,15:20:00,Flow_cfs,8.29,,G
04/08/2020,15:20:00,Curr_pacing,30000.00,,G
04/08/2020,15:20:00,FlowVolume,12949.98,,G
04/08/2020,15:21:00,PT Level,10.06,in,G
04/08/2020,15:21:00,Flow_cfs,8.34,,G
04/08/2020,15:21:00,FlowVolume,13450.30,,G
04/08/2020,15:22:00,PT Level,10.05,in,G
04/08/2020,15:22:00,Flow_cfs,8.32,,G
04/08/2020,15:22:00,FlowVolume,13949.66,,G
04/08/2020,15:23:00,PT Level,10.06,in,G
04/08/2020,15:23:00,Flow_cfs,8.34,,G
04/08/2020,15:23:00,FlowVolume,14449.98,,G
04/08/2020,15:24:00,PT Level,10.03,in,G
04/08/2020,15:24:00,Flow_cfs,8.29,,G
04/08/2020,15:24:00,FlowVolume,14947.40,,G
04/08/2020,15:25:00,PT Level,10.05,in,G
04/08/2020,15:25:00,Aliquot_Num,32,ali,G
04/08/2020,15:25:00,Flow_cfs,8.32,,G
04/08/2020,15:25:00,Curr_pacing,30000.00,,G
04/08/2020,15:25:00,FlowVolume,15446.75,,G
04/08/2020,15:26:00,PT Level,10.02,in,G
04/08/2020,15:26:00,Flow_cfs,8.27,,G
04/08/2020,15:26:00,FlowVolume,15943.21,,G
04/08/2020,15:27:00,PT Level,10.04,in,G
04/08/2020,15:27:00,Flow_cfs,8.31,,G
04/08/2020,15:27:00,FlowVolume,16441.59,,G
04/08/2020,15:28:00,PT Level,10.07,in,G
04/08/2020,15:28:00,Flow_cfs,8.35,,G
04/08/2020,15:28:00,FlowVolume,16942.88,,G
04/08/2020,15:29:00,PT Level,10.06,in,G
04/08/2020,15:29:00,Flow_cfs,8.34,,G
04/08/2020,15:29:00,FlowVolume,17443.21,,G
04/08/2020,15:30:00,PT Level,10.07,in,G
04/08/2020,15:30:00,Aliquot_Num,32,ali,G
04/08/2020,15:30:00,Flow_cfs,8.35,,G
04/08/2020,15:30:00,Curr_pacing,30000.00,,G
04/08/2020,15:30:00,FlowVolume,17944.50,,G
04/08/2020,15:31:00,PT Level,10.09,in,G
04/08/2020,15:31:00,Flow_cfs,8.39,,G
04/08/2020,15:31:00,FlowVolume,18447.72,,G
04/08/2020,15:32:00,PT Level,10.04,in,G
04/08/2020,15:32:00,Flow_cfs,8.31,,G
04/08/2020,15:32:00,FlowVolume,18946.11,,G
04/08/2020,15:33:00,PT Level,10.07,in,G
04/08/2020,15:33:00,Flow_cfs,8.35,,G
04/08/2020,15:33:00,FlowVolume,19447.40,,G
04/08/2020,15:34:00,PT Level,10.07,in,G
04/08/2020,15:34:00,Flow_cfs,8.35,,G
04/08/2020,15:34:00,FlowVolume,19948.69,,G
04/08/2020,15:35:00,PT Level,10.08,in,G
04/08/2020,15:35:00,Aliquot_Num,32,ali,G
04/08/2020,15:35:00,Flow_cfs,8.37,,G
04/08/2020,15:35:00,Curr_pacing,30000.00,,G
04/08/2020,15:35:00,FlowVolume,20450.95,,G
04/08/2020,15:35:13,Client Conn,76,,G
04/08/2020,15:36:00,PT Level,10.07,in,G
04/08/2020,15:36:00,Flow_cfs,8.35,,G
04/08/2020,15:36:00,FlowVolume,20952.24,,G
04/08/2020,15:37:00,PT Level,10.07,in,G
04/08/2020,15:37:00,Flow_cfs,8.35,,G
04/08/2020,15:37:00,FlowVolume,21453.53,,G
04/08/2020,15:38:00,PT Level,10.06,in,G
04/08/2020,15:38:00,Flow_cfs,8.34,,G
04/08/2020,15:38:00,FlowVolume,21953.85,,G
04/08/2020,15:39:00,PT Level,10.10,in,G
04/08/2020,15:39:00,Flow_cfs,8.40,,G
04/08/2020,15:39:00,FlowVolume,22458.04,,G
04/08/2020,15:40:00,PT Level,10.07,in,G
04/08/2020,15:40:00,Aliquot_Num,32,ali,G
04/08/2020,15:40:00,Flow_cfs,8.35,,G
04/08/2020,15:40:00,Curr_pacing,30000.00,,G
04/08/2020,15:40:00,FlowVolume,22959.33,,G
04/08/2020,15:41:00,PT Level,10.08,in,G
04/08/2020,15:41:00,Flow_cfs,8.37,,G
04/08/2020,15:41:00,FlowVolume,23461.59,,G
04/08/2020,15:41:34,Client Conn,77,,G
04/08/2020,15:42:00,PT Level,10.06,in,G
04/08/2020,15:42:00,Flow_cfs,8.34,,G
04/08/2020,15:42:00,FlowVolume,23961.92,,G
04/08/2020,15:43:00,PT Level,10.10,in,G
04/08/2020,15:43:00,Flow_cfs,8.40,,G
04/08/2020,15:43:00,FlowVolume,24466.11,,G
04/08/2020,15:44:00,PT Level,10.07,in,G
04/08/2020,15:44:00,Flow_cfs,8.35,,G
04/08/2020,15:44:00,FlowVolume,24967.40,,G
04/08/2020,15:45:00,PT Level,10.09,in,G
04/08/2020,15:45:00,Aliquot_Num,32,ali,G
04/08/2020,15:45:00,Flow_cfs,8.39,,G
04/08/2020,15:45:00,Curr_pacing,30000.00,,G
04/08/2020,15:45:00,FlowVolume,25470.62,,G
04/08/2020,15:46:00,PT Level,10.14,in,G
04/08/2020,15:46:00,Flow_cfs,8.47,,G
04/08/2020,15:46:00,FlowVolume,25978.69,,G
04/08/2020,15:47:00,PT Level,10.10,in,G
04/08/2020,15:47:00,Flow_cfs,8.40,,G
04/08/2020,15:47:00,FlowVolume,26482.88,,G
04/08/2020,15:48:00,PT Level,10.10,in,G
04/08/2020,15:48:00,Flow_cfs,8.40,,G
04/08/2020,15:48:00,FlowVolume,26987.08,,G
04/08/2020,15:49:00,PT Level,10.13,in,G
04/08/2020,15:49:00,Flow_cfs,8.45,,G
04/08/2020,15:49:00,FlowVolume,27494.17,,G
04/08/2020,15:50:00,PT Level,10.14,in,G
04/08/2020,15:50:00,Aliquot_Num,32,ali,G
04/08/2020,15:50:00,Flow_cfs,8.47,,G
04/08/2020,15:50:00,Curr_pacing,30000.00,,G
04/08/2020,15:50:00,FlowVolume,28002.24,,G
04/08/2020,15:51:00,PT Level,10.12,in,G
04/08/2020,15:51:00,Flow_cfs,8.44,,G
04/08/2020,15:51:00,FlowVolume,28508.37,,G
04/08/2020,15:52:00,PT Level,10.14,in,G
04/08/2020,15:52:00,Flow_cfs,8.47,,G
04/08/2020,15:52:00,FlowVolume,29016.43,,G
04/08/2020,15:53:00,PT Level,10.15,in,G
04/08/2020,15:53:00,Flow_cfs,8.48,,G
04/08/2020,15:53:00,FlowVolume,29525.46,,G
04/08/2020,15:54:00,PT Level,10.14,in,G
04/08/2020,15:54:00,Flow_cfs,8.47,,G
04/08/2020,15:54:00,Triggered S,33,,G
04/08/2020,15:54:00,VolumeTrig,30033.53,,G
04/08/2020,15:54:00,FlowVolume,33.53,,G
04/08/2020,15:54:52,Log Download,0,,G
04/08/2020,15:55:00,PT Level,10.16,in,G
04/08/2020,15:55:00,Flow_cfs,8.50,,G
04/08/2020,15:55:00,Aliquot_Num,33,ali,G
04/08/2020,15:55:00,Curr_pacing,30000.00,,G
04/08/2020,15:55:00,FlowVolume,543.53,,G
04/08/2020,15:55:35,Reset Watchdog,7,,G
04/08/2020,15:55:39,SDI XDT,0,,G
04/08/2020,15:55:39,Battery,13.73,V,G
04/08/2020,15:55:39,Internal Temp,18.75,C,G
04/08/2020,15:56:00,PT Level,10.17,in,G
04/08/2020,15:56:00,Alarm In,1,,G
04/08/2020,15:56:00,Flow_cfs,8.52,,G
04/08/2020,15:56:00,FlowVolume,511.03,,G
04/08/2020,15:56:16,Time Before Change,1942,ms,G
04/08/2020,15:56:18,Time After Change,1942,ms,G
04/08/2020,15:56:18,Cell Set Time,0,,G
04/08/2020,15:56:20,SDI XDT,0,,G
04/08/2020,15:57:00,PT Level,10.15,in,G
04/08/2020,15:57:00,Flow_cfs,8.48,,G
04/08/2020,15:57:00,FlowVolume,1020.07,,G
04/08/2020,15:57:15,Log Download,0,,G
04/08/2020,15:58:00,PT Level,10.17,in,G
04/08/2020,15:58:00,Flow_cfs,8.52,,G
04/08/2020,15:58:00,FlowVolume,1531.10,,G
04/08/2020,15:59:00,PT Level,10.15,in,G
04/08/2020,15:59:00,Flow_cfs,8.48,,G
04/08/2020,15:59:00,FlowVolume,2040.13,,G
04/08/2020,16:00:00,PT Level,10.18,in,G
04/08/2020,16:00:00,Aliquot_Num,0,ali,G
04/08/2020,16:00:00,Flow_cfs,8.53,,G
04/08/2020,16:00:00,Curr_pacing,30000.00,,G
04/08/2020,16:00:00,FlowVolume,2552.20,,G
04/08/2020,16:01:00,PT Level,10.17,in,G
04/08/2020,16:01:00,Flow_cfs,8.52,,G
04/08/2020,16:01:00,FlowVolume,3063.24,,G
04/08/2020,16:02:00,PT Level,10.18,in,G
04/08/2020,16:02:00,Flow_cfs,8.53,,G
04/08/2020,16:02:00,FlowVolume,3575.31,,G
04/08/2020,16:03:00,PT Level,10.19,in,G
04/08/2020,16:03:00,Flow_cfs,8.55,,G
04/08/2020,16:03:00,FlowVolume,4088.41,,G
04/08/2020,16:04:00,PT Level,10.20,in,G
04/08/2020,16:04:00,Flow_cfs,8.57,,G
04/08/2020,16:04:00,FlowVolume,4602.55,,G
04/08/2020,16:05:00,PT Level,10.18,in,G
04/08/2020,16:05:00,Aliquot_Num,0,ali,G
04/08/2020,16:05:00,Flow_cfs,8.53,,G
04/08/2020,16:05:00,Curr_pacing,30000.00,,G
04/08/2020,16:05:00,FlowVolume,5114.62,,G
04/08/2020,16:06:00,PT Level,10.23,in,G
04/08/2020,16:06:00,Flow_cfs,8.62,,G
04/08/2020,16:06:00,FlowVolume,5631.86,,G
04/08/2020,16:06:43,Client Conn,78,,G
04/08/2020,16:07:00,PT Level,10.21,in,G
04/08/2020,16:07:00,Flow_cfs,8.59,,G
04/08/2020,16:07:00,FlowVolume,6147.03,,G
04/08/2020,16:08:00,PT Level,10.21,in,G
04/08/2020,16:08:00,Flow_cfs,8.59,,G
04/08/2020,16:08:00,FlowVolume,6662.20,,G
04/08/2020,16:09:00,PT Level,10.19,in,G
04/08/2020,16:09:00,Flow_cfs,8.55,,G
04/08/2020,16:09:00,FlowVolume,7175.31,,G
04/08/2020,16:09:33,Setup Change,0,,G
04/08/2020,16:10:00,PT Level,10.19,in,G
04/08/2020,16:10:00,Aliquot_Num,0,ali,G
04/08/2020,16:10:00,Flow_cfs,8.55,,G
04/08/2020,16:10:00,Curr_pacing,30000.00,,G
04/08/2020,16:10:00,FlowVolume,7688.41,,G
04/08/2020,16:11:00,PT Level,10.20,in,G
04/08/2020,16:11:00,Flow_cfs,8.57,,G
04/08/2020,16:11:00,FlowVolume,8202.55,,G
04/08/2020,16:12:00,PT Level,10.20,in,G
04/08/2020,16:12:00,Flow_cfs,8.57,,G
04/08/2020,16:12:00,FlowVolume,8716.69,,G
04/08/2020,16:13:00,PT Level,10.18,in,G
04/08/2020,16:13:00,Flow_cfs,8.53,,G
04/08/2020,16:13:00,FlowVolume,9228.75,,G
04/08/2020,16:14:00,PT Level,10.21,in,G
04/08/2020,16:14:00,Flow_cfs,8.59,,G
04/08/2020,16:14:00,FlowVolume,9743.93,,G
04/08/2020,16:14:37,Client Conn,79,,G
04/08/2020,16:15:00,PT Level,10.21,in,G
04/08/2020,16:15:00,Aliquot_Num,0,ali,G
04/08/2020,16:15:00,Flow_cfs,8.59,,G
04/08/2020,16:15:00,Curr_pacing,30000.00,,G
04/08/2020,16:15:00,FlowVolume,10259.10,,G
04/08/2020,16:16:00,PT Level,10.22,in,G
04/08/2020,16:16:00,Flow_cfs,8.60,,G
04/08/2020,16:16:00,FlowVolume,10775.31,,G
04/08/2020,16:17:00,PT Level,10.23,in,G
04/08/2020,16:17:00,Flow_cfs,8.62,,G
04/08/2020,16:17:00,FlowVolume,11292.55,,G
04/08/2020,16:18:00,PT Level,10.21,in,G
04/08/2020,16:18:00,Flow_cfs,8.59,,G
04/08/2020,16:18:00,FlowVolume,11807.72,,G
04/08/2020,16:19:00,PT Level,10.24,in,G
04/08/2020,16:19:00,Flow_cfs,8.64,,G
04/08/2020,16:19:00,FlowVolume,12326.00,,G
04/08/2020,16:20:00,PT Level,10.21,in,G
04/08/2020,16:20:00,Aliquot_Num,0,ali,G
04/08/2020,16:20:00,Flow_cfs,8.59,,G
04/08/2020,16:20:00,Curr_pacing,30000.00,,G
04/08/2020,16:20:00,FlowVolume,12841.17,,G
04/08/2020,16:21:00,PT Level,10.26,in,G
04/08/2020,16:21:00,Flow_cfs,8.67,,G
04/08/2020,16:21:00,FlowVolume,13361.51,,G
04/08/2020,16:22:00,PT Level,10.28,in,G
04/08/2020,16:22:00,Flow_cfs,8.71,,G
04/08/2020,16:22:00,FlowVolume,13883.93,,G
04/08/2020,16:23:00,PT Level,10.25,in,G
04/08/2020,16:23:00,Flow_cfs,8.66,,G
04/08/2020,16:23:00,FlowVolume,14403.24,,G
04/08/2020,16:24:00,PT Level,10.26,in,G
04/08/2020,16:24:00,Flow_cfs,8.67,,G
04/08/2020,16:24:00,FlowVolume,14923.58,,G
04/08/2020,16:25:00,PT Level,10.29,in,G
04/08/2020,16:25:00,Aliquot_Num,0,ali,G
04/08/2020,16:25:00,Flow_cfs,8.72,,G
04/08/2020,16:25:00,Curr_pacing,30000.00,,G
04/08/2020,16:25:00,FlowVolume,15447.03,,G
04/08/2020,16:26:00,PT Level,10.28,in,G
04/08/2020,16:26:00,Flow_cfs,8.71,,G
04/08/2020,16:26:00,FlowVolume,15969.44,,G
04/08/2020,16:27:00,PT Level,10.24,in,G
04/08/2020,16:27:00,Flow_cfs,8.64,,G
04/08/2020,16:27:00,FlowVolume,16487.72,,G
04/08/2020,16:28:00,PT Level,10.29,in,G
04/08/2020,16:28:00,Flow_cfs,8.72,,G
04/08/2020,16:28:00,FlowVolume,17011.17,,G
04/08/2020,16:29:00,PT Level,10.29,in,G
04/08/2020,16:29:00,Flow_cfs,8.72,,G
04/08/2020,16:29:00,FlowVolume,17534.62,,G
04/08/2020,16:30:00,PT Level,10.30,in,G
04/08/2020,16:30:00,Aliquot_Num,0,ali,G
04/08/2020,16:30:00,Flow_cfs,8.74,,G
04/08/2020,16:30:00,Curr_pacing,30000.00,,G
04/08/2020,16:30:00,FlowVolume,18059.10,,G
04/08/2020,16:31:00,PT Level,10.29,in,G
04/08/2020,16:31:00,Flow_cfs,8.72,,G
04/08/2020,16:31:00,FlowVolume,18582.55,,G
04/08/2020,16:32:00,PT Level,10.30,in,G
04/08/2020,16:32:00,Flow_cfs,8.74,,G
04/08/2020,16:32:00,FlowVolume,19107.03,,G
04/08/2020,16:33:00,PT Level,10.31,in,G
04/08/2020,16:33:00,Flow_cfs,8.76,,G
04/08/2020,16:33:00,FlowVolume,19632.55,,G
04/08/2020,16:34:00,PT Level,10.30,in,G
04/08/2020,16:34:00,Flow_cfs,8.74,,G
04/08/2020,16:34:00,FlowVolume,20157.03,,G
04/08/2020,16:35:00,PT Level,10.30,in,G
04/08/2020,16:35:00,Aliquot_Num,0,ali,G
04/08/2020,16:35:00,Flow_cfs,8.74,,G
04/08/2020,16:35:00,Curr_pacing,30000.00,,G
04/08/2020,16:35:00,FlowVolume,20681.51,,G
04/08/2020,16:36:00,PT Level,10.31,in,G
04/08/2020,16:36:00,Flow_cfs,8.76,,G
04/08/2020,16:36:00,FlowVolume,21207.03,,G
04/08/2020,16:37:00,PT Level,10.31,in,G
04/08/2020,16:37:00,Flow_cfs,8.76,,G
04/08/2020,16:37:00,FlowVolume,21732.55,,G
04/08/2020,16:38:00,PT Level,10.30,in,G
04/08/2020,16:38:00,Flow_cfs,8.74,,G
04/08/2020,16:38:00,FlowVolume,22257.03,,G
04/08/2020,16:39:00,PT Level,10.35,in,G
04/08/2020,16:39:00,Flow_cfs,8.83,,G
04/08/2020,16:39:00,FlowVolume,22786.68,,G
04/08/2020,16:40:00,PT Level,10.34,in,G
04/08/2020,16:40:00,Aliquot_Num,0,ali,G
04/08/2020,16:40:00,Flow_cfs,8.81,,G
04/08/2020,16:40:00,Curr_pacing,30000.00,,G
04/08/2020,16:40:00,FlowVolume,23315.31,,G
04/08/2020,16:41:00,PT Level,10.33,in,G
04/08/2020,16:41:00,Flow_cfs,8.79,,G
04/08/2020,16:41:00,FlowVolume,23842.89,,G
04/08/2020,16:42:00,PT Level,10.32,in,G
04/08/2020,16:42:00,Flow_cfs,8.78,,G
04/08/2020,16:42:00,FlowVolume,24369.44,,G
04/08/2020,16:43:00,PT Level,10.35,in,G
04/08/2020,16:43:00,Flow_cfs,8.83,,G
04/08/2020,16:43:00,FlowVolume,24899.10,,G
04/08/2020,16:44:00,PT Level,10.36,in,G
04/08/2020,16:44:00,Flow_cfs,8.84,,G
04/08/2020,16:44:00,FlowVolume,25429.79,,G
04/08/2020,16:45:00,PT Level,10.33,in,G
04/08/2020,16:45:00,Aliquot_Num,0,ali,G
04/08/2020,16:45:00,Flow_cfs,8.79,,G
04/08/2020,16:45:00,Curr_pacing,30000.00,,G
04/08/2020,16:45:00,FlowVolume,25957.37,,G
04/08/2020,16:46:00,PT Level,10.33,in,G
04/08/2020,16:46:00,Flow_cfs,8.79,,G
04/08/2020,16:46:00,FlowVolume,26484.96,,G
04/08/2020,16:47:00,PT Level,10.35,in,G
04/08/2020,16:47:00,Flow_cfs,8.83,,G
04/08/2020,16:47:00,FlowVolume,27014.62,,G
04/08/2020,16:48:00,PT Level,10.40,in,G
04/08/2020,16:48:00,Flow_cfs,8.91,,G
04/08/2020,16:48:00,FlowVolume,27549.44,,G
04/08/2020,16:49:00,PT Level,10.37,in,G
04/08/2020,16:49:00,Flow_cfs,8.86,,G
04/08/2020,16:49:00,FlowVolume,28081.17,,G
04/08/2020,16:50:00,PT Level,10.36,in,G
04/08/2020,16:50:00,Aliquot_Num,0,ali,G
04/08/2020,16:50:00,Flow_cfs,8.84,,G
04/08/2020,16:50:00,Curr_pacing,30000.00,,G
04/08/2020,16:50:00,FlowVolume,28611.86,,G
04/08/2020,16:51:00,PT Level,10.38,in,G
04/08/2020,16:51:00,Flow_cfs,8.88,,G
04/08/2020,16:51:00,FlowVolume,29144.62,,G
04/08/2020,16:52:00,PT Level,10.37,in,G
04/08/2020,16:52:00,Flow_cfs,8.86,,G
04/08/2020,16:52:00,FlowVolume,29676.34,,G
04/08/2020,16:53:00,PT Level,10.38,in,G
04/08/2020,16:53:00,Flow_cfs,8.88,,G
04/08/2020,16:53:00,Triggered S,1,,G
04/08/2020,16:53:00,VolumeTrig,30209.10,,G
04/08/2020,16:53:00,FlowVolume,209.10,,G
04/08/2020,16:54:00,PT Level,10.41,in,G
04/08/2020,16:54:00,Flow_cfs,8.93,,G
04/08/2020,16:54:00,FlowVolume,744.96,,G
04/08/2020,16:55:00,PT Level,10.33,in,G
04/08/2020,16:55:00,Aliquot_Num,1,ali,G
04/08/2020,16:55:00,Flow_cfs,8.79,,G
04/08/2020,16:55:00,Curr_pacing,30000.00,,G
04/08/2020,16:55:00,FlowVolume,1272.55,,G
04/08/2020,16:56:00,PT Level,10.41,in,G
04/08/2020,16:56:00,Flow_cfs,8.93,,G
04/08/2020,16:56:00,FlowVolume,1808.41,,G
04/08/2020,16:57:00,PT Level,10.40,in,G
04/08/2020,16:57:00,Flow_cfs,8.91,,G
04/08/2020,16:57:00,FlowVolume,2343.24,,G
04/08/2020,16:58:00,PT Level,10.39,in,G
04/08/2020,16:58:00,Flow_cfs,8.90,,G
04/08/2020,16:58:00,FlowVolume,2877.03,,G
04/08/2020,16:59:00,PT Level,10.39,in,G
04/08/2020,16:59:00,Flow_cfs,8.90,,G
04/08/2020,16:59:00,FlowVolume,3410.82,,G
04/08/2020,17:00:00,PT Level,10.40,in,G
04/08/2020,17:00:00,Aliquot_Num,1,ali,G
04/08/2020,17:00:00,Flow_cfs,8.91,,G
04/08/2020,17:00:00,Curr_pacing,30000.00,,G
04/08/2020,17:00:00,FlowVolume,3945.65,,G
04/08/2020,17:01:00,PT Level,10.43,in,G
04/08/2020,17:01:00,Flow_cfs,8.97,,G
04/08/2020,17:01:00,FlowVolume,4483.58,,G
04/08/2020,17:02:00,PT Level,10.41,in,G
04/08/2020,17:02:00,Flow_cfs,8.93,,G
04/08/2020,17:02:00,FlowVolume,5019.44,,G
04/08/2020,17:03:00,PT Level,10.43,in,G
04/08/2020,17:03:00,Flow_cfs,8.97,,G
04/08/2020,17:03:00,FlowVolume,5557.37,,G
04/08/2020,17:04:00,PT Level,10.43,in,G
04/08/2020,17:04:00,Flow_cfs,8.97,,G
04/08/2020,17:04:00,FlowVolume,6095.31,,G
04/08/2020,17:05:00,PT Level,10.43,in,G
04/08/2020,17:05:00,Aliquot_Num,1,ali,G
04/08/2020,17:05:00,Flow_cfs,8.97,,G
04/08/2020,17:05:00,Curr_pacing,30000.00,,G
04/08/2020,17:05:00,FlowVolume,6633.24,,G
04/08/2020,17:06:00,PT Level,10.45,in,G
04/08/2020,17:06:00,Flow_cfs,9.00,,G
04/08/2020,17:06:00,FlowVolume,7173.24,,G
04/08/2020,17:07:00,PT Level,10.42,in,G
04/08/2020,17:07:00,Flow_cfs,8.95,,G
04/08/2020,17:07:00,FlowVolume,7710.13,,G
04/08/2020,17:08:00,PT Level,10.43,in,G
04/08/2020,17:08:00,Flow_cfs,8.97,,G
04/08/2020,17:08:00,FlowVolume,8248.06,,G
04/08/2020,17:09:00,PT Level,10.44,in,G
04/08/2020,17:09:00,Flow_cfs,8.98,,G
04/08/2020,17:09:00,FlowVolume,8787.03,,G
04/08/2020,17:10:00,PT Level,10.46,in,G
04/08/2020,17:10:00,Aliquot_Num,1,ali,G
04/08/2020,17:10:00,Flow_cfs,9.02,,G
04/08/2020,17:10:00,Curr_pacing,30000.00,,G
04/08/2020,17:10:00,FlowVolume,9328.14,,G
04/08/2020,17:11:00,PT Level,10.48,in,G
04/08/2020,17:11:00,Flow_cfs,9.06,,G
04/08/2020,17:11:00,FlowVolume,9871.47,,G
04/08/2020,17:12:00,PT Level,10.48,in,G
04/08/2020,17:12:00,Flow_cfs,9.06,,G
04/08/2020,17:12:00,FlowVolume,10414.81,,G
04/08/2020,17:13:00,PT Level,10.44,in,G
04/08/2020,17:13:00,Flow_cfs,8.98,,G
04/08/2020,17:13:00,FlowVolume,10953.77,,G
04/08/2020,17:14:00,PT Level,10.49,in,G
04/08/2020,17:14:00,Flow_cfs,9.07,,G
04/08/2020,17:14:00,FlowVolume,11498.22,,G
04/08/2020,17:15:00,PT Level,10.46,in,G
04/08/2020,17:15:00,Aliquot_Num,1,ali,G
04/08/2020,17:15:00,Flow_cfs,9.02,,G
04/08/2020,17:15:00,Curr_pacing,30000.00,,G
04/08/2020,17:15:00,FlowVolume,12039.33,,G
04/08/2020,17:16:00,PT Level,10.45,in,G
04/08/2020,17:16:00,Flow_cfs,9.00,,G
04/08/2020,17:16:00,FlowVolume,12579.33,,G
04/08/2020,17:17:00,PT Level,10.45,in,G
04/08/2020,17:17:00,Flow_cfs,9.00,,G
04/08/2020,17:17:00,FlowVolume,13119.33,,G
04/08/2020,17:18:00,PT Level,10.50,in,G
04/08/2020,17:18:00,Flow_cfs,9.09,,G
04/08/2020,17:18:00,FlowVolume,13664.88,,G
04/08/2020,17:19:00,PT Level,10.50,in,G
04/08/2020,17:19:00,Flow_cfs,9.09,,G
04/08/2020,17:19:00,FlowVolume,14210.44,,G
04/08/2020,17:20:00,PT Level,10.46,in,G
04/08/2020,17:20:00,Aliquot_Num,1,ali,G
04/08/2020,17:20:00,Flow_cfs,9.02,,G
04/08/2020,17:20:00,Curr_pacing,30000.00,,G
04/08/2020,17:20:00,FlowVolume,14751.55,,G
04/08/2020,17:21:00,PT Level,10.49,in,G
04/08/2020,17:21:00,Flow_cfs,9.07,,G
04/08/2020,17:21:00,FlowVolume,15296.00,,G
04/08/2020,17:22:00,PT Level,10.54,in,G
04/08/2020,17:22:00,Flow_cfs,9.17,,G
04/08/2020,17:22:00,FlowVolume,15846.00,,G
04/08/2020,17:23:00,PT Level,10.50,in,G
04/08/2020,17:23:00,Flow_cfs,9.09,,G
04/08/2020,17:23:00,FlowVolume,16391.55,,G
04/08/2020,17:24:00,PT Level,10.49,in,G
04/08/2020,17:24:00,Flow_cfs,9.07,,G
04/08/2020,17:24:00,FlowVolume,16936.00,,G
04/08/2020,17:25:00,PT Level,10.51,in,G
04/08/2020,17:25:00,Aliquot_Num,1,ali,G
04/08/2020,17:25:00,Flow_cfs,9.11,,G
04/08/2020,17:25:00,Curr_pacing,30000.00,,G
04/08/2020,17:25:00,FlowVolume,17482.66,,G
04/08/2020,17:26:00,PT Level,10.51,in,G
04/08/2020,17:26:00,Flow_cfs,9.11,,G
04/08/2020,17:26:00,FlowVolume,18029.33,,G
04/08/2020,17:27:00,PT Level,10.49,in,G
04/08/2020,17:27:00,Flow_cfs,9.07,,G
04/08/2020,17:27:00,FlowVolume,18573.77,,G
04/08/2020,17:28:00,PT Level,10.52,in,G
04/08/2020,17:28:00,Flow_cfs,9.13,,G
04/08/2020,17:28:00,FlowVolume,19121.55,,G
04/08/2020,17:29:00,PT Level,10.50,in,G
04/08/2020,17:29:00,Flow_cfs,9.09,,G
04/08/2020,17:29:00,FlowVolume,19667.11,,G
04/08/2020,17:30:00,PT Level,10.52,in,G
04/08/2020,17:30:00,Aliquot_Num,1,ali,G
04/08/2020,17:30:00,Flow_cfs,9.13,,G
04/08/2020,17:30:00,Curr_pacing,30000.00,,G
04/08/2020,17:30:00,FlowVolume,20214.88,,G
04/08/2020,17:31:00,PT Level,10.52,in,G
04/08/2020,17:31:00,Flow_cfs,9.13,,G
04/08/2020,17:31:00,FlowVolume,20762.66,,G
04/08/2020,17:32:00,PT Level,10.50,in,G
04/08/2020,17:32:00,Flow_cfs,9.09,,G
04/08/2020,17:32:00,FlowVolume,21308.22,,G
04/08/2020,17:33:00,PT Level,10.54,in,G
04/08/2020,17:33:00,Flow_cfs,9.17,,G
04/08/2020,17:33:00,FlowVolume,21858.22,,G
04/08/2020,17:34:00,PT Level,10.53,in,G
04/08/2020,17:34:00,Flow_cfs,9.15,,G
04/08/2020,17:34:00,FlowVolume,22407.11,,G
04/08/2020,17:35:00,PT Level,10.54,in,G
04/08/2020,17:35:00,Aliquot_Num,1,ali,G
04/08/2020,17:35:00,Flow_cfs,9.17,,G
04/08/2020,17:35:00,Curr_pacing,30000.00,,G
04/08/2020,17:35:00,FlowVolume,22957.11,,G
04/08/2020,17:36:00,PT Level,10.54,in,G
04/08/2020,17:36:00,Flow_cfs,9.17,,G
04/08/2020,17:36:00,FlowVolume,23507.11,,G
04/08/2020,17:37:00,PT Level,10.54,in,G
04/08/2020,17:37:00,Flow_cfs,9.17,,G
04/08/2020,17:37:00,FlowVolume,24057.11,,G
04/08/2020,17:38:00,PT Level,10.56,in,G
04/08/2020,17:38:00,Flow_cfs,9.20,,G
04/08/2020,17:38:00,FlowVolume,24609.33,,G
04/08/2020,17:39:00,PT Level,10.53,in,G
04/08/2020,17:39:00,Flow_cfs,9.15,,G
04/08/2020,17:39:00,FlowVolume,25158.22,,G
04/08/2020,17:40:00,PT Level,10.55,in,G
04/08/2020,17:40:00,Aliquot_Num,1,ali,G
04/08/2020,17:40:00,Flow_cfs,9.19,,G
04/08/2020,17:40:00,Curr_pacing,30000.00,,G
04/08/2020,17:40:00,FlowVolume,25709.33,,G
04/08/2020,17:41:00,PT Level,10.60,in,G
04/08/2020,17:41:00,Flow_cfs,9.28,,G
04/08/2020,17:41:00,FlowVolume,26266.00,,G
04/08/2020,17:42:00,PT Level,10.55,in,G
04/08/2020,17:42:00,Flow_cfs,9.19,,G
04/08/2020,17:42:00,FlowVolume,26817.11,,G
04/08/2020,17:43:00,PT Level,10.58,in,G
04/08/2020,17:43:00,Flow_cfs,9.24,,G
04/08/2020,17:43:00,FlowVolume,27371.55,,G
04/08/2020,17:44:00,PT Level,10.57,in,G
04/08/2020,17:44:00,Flow_cfs,9.22,,G
04/08/2020,17:44:00,FlowVolume,27924.88,,G
04/08/2020,17:45:00,PT Level,10.58,in,G
04/08/2020,17:45:00,Aliquot_Num,1,ali,G
04/08/2020,17:45:00,Flow_cfs,9.24,,G
04/08/2020,17:45:00,Curr_pacing,30000.00,,G
04/08/2020,17:45:00,FlowVolume,28479.33,,G
04/08/2020,17:46:00,PT Level,10.56,in,G
04/08/2020,17:46:00,Flow_cfs,9.20,,G
04/08/2020,17:46:00,FlowVolume,29031.55,,G
04/08/2020,17:47:00,PT Level,10.58,in,G
04/08/2020,17:47:00,Flow_cfs,9.24,,G
04/08/2020,17:47:00,FlowVolume,29586.00,,G
04/08/2020,17:48:00,PT Level,10.57,in,G
04/08/2020,17:48:00,Flow_cfs,9.22,,G
04/08/2020,17:48:00,Triggered S,2,,G
04/08/2020,17:48:00,VolumeTrig,30139.33,,G
04/08/2020,17:48:00,FlowVolume,139.33,,G
04/08/2020,17:49:00,PT Level,10.58,in,G
04/08/2020,17:49:00,Flow_cfs,9.24,,G
04/08/2020,17:49:00,FlowVolume,693.77,,G
04/08/2020,17:50:00,PT Level,10.57,in,G
04/08/2020,17:50:00,Aliquot_Num,2,ali,G
04/08/2020,17:50:00,Flow_cfs,9.22,,G
04/08/2020,17:50:00,Curr_pacing,30000.00,,G
04/08/2020,17:50:00,FlowVolume,1247.11,,G
04/08/2020,17:51:00,PT Level,10.61,in,G
04/08/2020,17:51:00,Flow_cfs,9.30,,G
04/08/2020,17:51:00,FlowVolume,1804.88,,G
04/08/2020,17:52:00,PT Level,10.60,in,G
04/08/2020,17:52:00,Flow_cfs,9.28,,G
04/08/2020,17:52:00,FlowVolume,2361.55,,G
04/08/2020,17:53:00,PT Level,10.60,in,G
04/08/2020,17:53:00,Flow_cfs,9.28,,G
04/08/2020,17:53:00,FlowVolume,2918.22,,G
04/08/2020,17:54:00,PT Level,10.60,in,G
04/08/2020,17:54:00,Flow_cfs,9.28,,G
04/08/2020,17:54:00,FlowVolume,3474.88,,G
04/08/2020,17:55:00,PT Level,10.55,in,G
04/08/2020,17:55:00,Aliquot_Num,2,ali,G
04/08/2020,17:55:00,Flow_cfs,9.19,,G
04/08/2020,17:55:00,Curr_pacing,30000.00,,G
04/08/2020,17:55:00,FlowVolume,4026.00,,G
04/08/2020,17:56:00,PT Level,10.58,in,G
04/08/2020,17:56:00,Flow_cfs,9.24,,G
04/08/2020,17:56:00,FlowVolume,4580.44,,G
04/08/2020,17:57:00,PT Level,10.59,in,G
04/08/2020,17:57:00,Flow_cfs,9.26,,G
04/08/2020,17:57:00,FlowVolume,5136.00,,G
04/08/2020,17:58:00,PT Level,10.60,in,G
04/08/2020,17:58:00,Flow_cfs,9.28,,G
04/08/2020,17:58:00,FlowVolume,5692.66,,G
04/08/2020,17:59:00,PT Level,10.64,in,G
04/08/2020,17:59:00,Flow_cfs,9.35,,G
04/08/2020,17:59:00,FlowVolume,6253.77,,G
04/08/2020,18:00:00,PT Level,10.61,in,G
04/08/2020,18:00:00,Aliquot_Num,2,ali,G
04/08/2020,18:00:00,Flow_cfs,9.30,,G
04/08/2020,18:00:00,Curr_pacing,30000.00,,G
04/08/2020,18:00:00,FlowVolume,6811.55,,G
04/08/2020,18:01:00,PT Level,10.62,in,G
04/08/2020,18:01:00,Flow_cfs,9.31,,G
04/08/2020,18:01:00,FlowVolume,7370.44,,G
04/08/2020,18:02:00,PT Level,10.64,in,G
04/08/2020,18:02:00,Flow_cfs,9.35,,G
04/08/2020,18:02:00,FlowVolume,7931.55,,G
04/08/2020,18:03:00,PT Level,10.63,in,G
04/08/2020,18:03:00,Flow_cfs,9.33,,G
04/08/2020,18:03:00,FlowVolume,8491.55,,G
04/08/2020,18:04:00,PT Level,10.66,in,G
04/08/2020,18:04:00,Flow_cfs,9.39,,G
04/08/2020,18:04:00,FlowVolume,9054.88,,G
04/08/2020,18:05:00,PT Level,10.63,in,G
04/08/2020,18:05:00,Aliquot_Num,2,ali,G
04/08/2020,18:05:00,Flow_cfs,9.33,,G
04/08/2020,18:05:00,Curr_pacing,30000.00,,G
04/08/2020,18:05:00,FlowVolume,9614.88,,G
04/08/2020,18:06:00,PT Level,10.65,in,G
04/08/2020,18:06:00,Flow_cfs,9.37,,G
04/08/2020,18:06:00,FlowVolume,10177.11,,G
04/08/2020,18:07:00,PT Level,10.66,in,G
04/08/2020,18:07:00,Flow_cfs,9.39,,G
04/08/2020,18:07:00,FlowVolume,10740.44,,G
04/08/2020,18:08:00,PT Level,10.65,in,G
04/08/2020,18:08:00,Flow_cfs,9.37,,G
04/08/2020,18:08:00,FlowVolume,11302.66,,G
04/08/2020,18:09:00,PT Level,10.65,in,G
04/08/2020,18:09:00,Flow_cfs,9.37,,G
04/08/2020,18:09:00,FlowVolume,11864.88,,G
04/08/2020,18:10:00,PT Level,10.66,in,G
04/08/2020,18:10:00,Aliquot_Num,2,ali,G
04/08/2020,18:10:00,Flow_cfs,9.39,,G
04/08/2020,18:10:00,Curr_pacing,30000.00,,G
04/08/2020,18:10:00,FlowVolume,12428.22,,G
04/08/2020,18:11:00,PT Level,10.66,in,G
04/08/2020,18:11:00,Flow_cfs,9.39,,G
04/08/2020,18:11:00,FlowVolume,12991.55,,G
04/08/2020,18:12:00,PT Level,10.65,in,G
04/08/2020,18:12:00,Flow_cfs,9.37,,G
04/08/2020,18:12:00,FlowVolume,13553.77,,G
04/08/2020,18:13:00,PT Level,10.68,in,G
04/08/2020,18:13:00,Flow_cfs,9.43,,G
04/08/2020,18:13:00,FlowVolume,14119.33,,G
04/08/2020,18:14:00,PT Level,10.66,in,G
04/08/2020,18:14:00,Flow_cfs,9.39,,G
04/08/2020,18:14:00,FlowVolume,14682.66,,G
04/08/2020,18:15:00,PT Level,10.65,in,G
04/08/2020,18:15:00,Aliquot_Num,2,ali,G
04/08/2020,18:15:00,Flow_cfs,9.37,,G
04/08/2020,18:15:00,Curr_pacing,30000.00,,G
04/08/2020,18:15:00,FlowVolume,15244.88,,G
04/08/2020,18:16:00,PT Level,10.67,in,G
04/08/2020,18:16:00,Flow_cfs,9.41,,G
04/08/2020,18:16:00,FlowVolume,15809.33,,G
04/08/2020,18:17:00,PT Level,10.69,in,G
04/08/2020,18:17:00,Flow_cfs,9.44,,G
04/08/2020,18:17:00,FlowVolume,16376.00,,G
04/08/2020,18:18:00,PT Level,10.64,in,G
04/08/2020,18:18:00,Flow_cfs,9.35,,G
04/08/2020,18:18:00,FlowVolume,16937.11,,G
04/08/2020,18:19:00,PT Level,10.68,in,G
04/08/2020,18:19:00,Flow_cfs,9.43,,G
04/08/2020,18:19:00,FlowVolume,17502.66,,G
04/08/2020,18:20:00,PT Level,10.68,in,G
04/08/2020,18:20:00,Aliquot_Num,2,ali,G
04/08/2020,18:20:00,Flow_cfs,9.43,,G
04/08/2020,18:20:00,Curr_pacing,30000.00,,G
04/08/2020,18:20:00,FlowVolume,18068.22,,G
04/08/2020,18:21:00,PT Level,10.68,in,G
04/08/2020,18:21:00,Flow_cfs,9.43,,G
04/08/2020,18:21:00,FlowVolume,18633.77,,G
04/08/2020,18:22:00,PT Level,10.66,in,G
04/08/2020,18:22:00,Flow_cfs,9.39,,G
04/08/2020,18:22:00,FlowVolume,19197.11,,G
04/08/2020,18:23:00,PT Level,10.69,in,G
04/08/2020,18:23:00,Flow_cfs,9.44,,G
04/08/2020,18:23:00,FlowVolume,19763.77,,G
04/08/2020,18:24:00,PT Level,10.69,in,G
04/08/2020,18:24:00,Flow_cfs,9.44,,G
04/08/2020,18:24:00,FlowVolume,20330.44,,G
04/08/2020,18:25:00,PT Level,10.72,in,G
04/08/2020,18:25:00,Aliquot_Num,2,ali,G
04/08/2020,18:25:00,Flow_cfs,9.50,,G
04/08/2020,18:25:00,Curr_pacing,30000.00,,G
04/08/2020,18:25:00,FlowVolume,20900.44,,G
04/08/2020,18:26:00,PT Level,10.72,in,G
04/08/2020,18:26:00,Flow_cfs,9.50,,G
04/08/2020,18:26:00,FlowVolume,21470.44,,G
04/08/2020,18:27:00,PT Level,10.71,in,G
04/08/2020,18:27:00,Flow_cfs,9.48,,G
04/08/2020,18:27:00,FlowVolume,22039.33,,G
04/08/2020,18:28:00,PT Level,10.69,in,G
04/08/2020,18:28:00,Flow_cfs,9.44,,G
04/08/2020,18:28:00,FlowVolume,22606.00,,G
04/08/2020,18:29:00,PT Level,10.72,in,G
04/08/2020,18:29:00,Flow_cfs,9.50,,G
04/08/2020,18:29:00,FlowVolume,23176.00,,G
04/08/2020,18:30:00,PT Level,10.72,in,G
04/08/2020,18:30:00,Aliquot_Num,2,ali,G
04/08/2020,18:30:00,Flow_cfs,9.50,,G
04/08/2020,18:30:00,Curr_pacing,30000.00,,G
04/08/2020,18:30:00,FlowVolume,23746.00,,G
04/08/2020,18:31:00,PT Level,10.72,in,G
04/08/2020,18:31:00,Flow_cfs,9.50,,G
04/08/2020,18:31:00,FlowVolume,24316.00,,G
04/08/2020,18:32:00,PT Level,10.72,in,G
04/08/2020,18:32:00,Flow_cfs,9.50,,G
04/08/2020,18:32:00,FlowVolume,24886.00,,G
04/08/2020,18:33:00,PT Level,10.73,in,G
04/08/2020,18:33:00,Flow_cfs,9.52,,G
04/08/2020,18:33:00,FlowVolume,25457.25,,G
04/08/2020,18:34:00,PT Level,10.74,in,G
04/08/2020,18:34:00,Flow_cfs,9.54,,G
04/08/2020,18:34:00,FlowVolume,26029.75,,G
04/08/2020,18:35:00,PT Level,10.74,in,G
04/08/2020,18:35:00,Aliquot_Num,2,ali,G
04/08/2020,18:35:00,Flow_cfs,9.54,,G
04/08/2020,18:35:00,Curr_pacing,30000.00,,G
04/08/2020,18:35:00,FlowVolume,26602.24,,G
04/08/2020,18:36:00,PT Level,10.75,in,G
04/08/2020,18:36:00,Flow_cfs,9.56,,G
04/08/2020,18:36:00,FlowVolume,27175.99,,G
04/08/2020,18:37:00,PT Level,10.74,in,G
04/08/2020,18:37:00,Flow_cfs,9.54,,G
04/08/2020,18:37:00,FlowVolume,27748.49,,G
04/08/2020,18:38:00,PT Level,10.75,in,G
04/08/2020,18:38:00,Flow_cfs,9.56,,G
04/08/2020,18:38:00,FlowVolume,28322.24,,G
04/08/2020,18:39:00,PT Level,10.74,in,G
04/08/2020,18:39:00,Flow_cfs,9.54,,G
04/08/2020,18:39:00,FlowVolume,28894.74,,G
04/08/2020,18:40:00,PT Level,10.74,in,G
04/08/2020,18:40:00,Aliquot_Num,2,ali,G
04/08/2020,18:40:00,Flow_cfs,9.54,,G
04/08/2020,18:40:00,Curr_pacing,30000.00,,G
04/08/2020,18:40:00,FlowVolume,29467.24,,G
04/08/2020,18:41:00,PT Level,10.72,in,G
04/08/2020,18:41:00,Flow_cfs,9.50,,G
04/08/2020,18:41:00,Triggered S,3,,G
04/08/2020,18:41:00,VolumeTrig,30037.24,,G
04/08/2020,18:41:00,FlowVolume,37.24,,G
04/08/2020,18:42:00,PT Level,10.75,in,G
04/08/2020,18:42:00,Flow_cfs,9.56,,G
04/08/2020,18:42:00,FlowVolume,610.99,,G
04/08/2020,18:43:00,PT Level,10.72,in,G
04/08/2020,18:43:00,Flow_cfs,9.50,,G
04/08/2020,18:43:00,FlowVolume,1180.99,,G
04/08/2020,18:44:00,PT Level,10.76,in,G
04/08/2020,18:44:00,Flow_cfs,9.58,,G
04/08/2020,18:44:00,FlowVolume,1755.99,,G
04/08/2020,18:45:00,PT Level,10.75,in,G
04/08/2020,18:45:00,Aliquot_Num,3,ali,G
04/08/2020,18:45:00,Flow_cfs,9.56,,G
04/08/2020,18:45:00,Curr_pacing,30000.00,,G
04/08/2020,18:45:00,FlowVolume,2329.74,,G
04/08/2020,18:46:00,PT Level,10.79,in,G
04/08/2020,18:46:00,Flow_cfs,9.65,,G
04/08/2020,18:46:00,FlowVolume,2908.49,,G
04/08/2020,18:47:00,PT Level,10.74,in,G
04/08/2020,18:47:00,Flow_cfs,9.54,,G
04/08/2020,18:47:00,FlowVolume,3480.99,,G
04/08/2020,18:48:00,PT Level,10.78,in,G
04/08/2020,18:48:00,Flow_cfs,9.63,,G
04/08/2020,18:48:00,FlowVolume,4058.49,,G
04/08/2020,18:49:00,PT Level,10.79,in,G
04/08/2020,18:49:00,Flow_cfs,9.65,,G
04/08/2020,18:49:00,FlowVolume,4637.25,,G
04/08/2020,18:50:00,PT Level,10.78,in,G
04/08/2020,18:50:00,Aliquot_Num,3,ali,G
04/08/2020,18:50:00,Flow_cfs,9.63,,G
04/08/2020,18:50:00,Curr_pacing,30000.00,,G
04/08/2020,18:50:00,FlowVolume,5214.75,,G
04/08/2020,18:51:00,PT Level,10.77,in,G
04/08/2020,18:51:00,Flow_cfs,9.60,,G
04/08/2020,18:51:00,FlowVolume,5791.00,,G
04/08/2020,18:52:00,PT Level,10.78,in,G
04/08/2020,18:52:00,Flow_cfs,9.63,,G
04/08/2020,18:52:00,FlowVolume,6368.50,,G
04/08/2020,18:53:00,PT Level,10.81,in,G
04/08/2020,18:53:00,Flow_cfs,9.69,,G
04/08/2020,18:53:00,FlowVolume,6949.75,,G
04/08/2020,18:54:00,PT Level,10.82,in,G
04/08/2020,18:54:00,Flow_cfs,9.71,,G
04/08/2020,18:54:00,FlowVolume,7532.25,,G
04/08/2020,18:55:00,PT Level,10.78,in,G
04/08/2020,18:55:00,Aliquot_Num,3,ali,G
04/08/2020,18:55:00,Flow_cfs,9.63,,G
04/08/2020,18:55:00,Curr_pacing,30000.00,,G
04/08/2020,18:55:00,FlowVolume,8109.75,,G
04/08/2020,18:56:00,PT Level,10.80,in,G
04/08/2020,18:56:00,Flow_cfs,9.67,,G
04/08/2020,18:56:00,FlowVolume,8689.75,,G
04/08/2020,18:57:00,PT Level,10.81,in,G
04/08/2020,18:57:00,Flow_cfs,9.69,,G
04/08/2020,18:57:00,FlowVolume,9271.00,,G
04/08/2020,18:58:00,PT Level,10.83,in,G
04/08/2020,18:58:00,Flow_cfs,9.73,,G
04/08/2020,18:58:00,FlowVolume,9854.75,,G
04/08/2020,18:59:00,PT Level,10.83,in,G
04/08/2020,18:59:00,Flow_cfs,9.73,,G
04/08/2020,18:59:00,FlowVolume,10438.50,,G
04/08/2020,19:00:00,PT Level,10.81,in,G
04/08/2020,19:00:00,Aliquot_Num,3,ali,G
04/08/2020,19:00:00,Flow_cfs,9.69,,G
04/08/2020,19:00:00,Curr_pacing,30000.00,,G
04/08/2020,19:00:00,FlowVolume,11019.75,,G
04/08/2020,19:01:00,PT Level,10.83,in,G
04/08/2020,19:01:00,Flow_cfs,9.73,,G
04/08/2020,19:01:00,FlowVolume,11603.50,,G
04/08/2020,19:02:00,PT Level,10.79,in,G
04/08/2020,19:02:00,Flow_cfs,9.65,,G
04/08/2020,19:02:00,FlowVolume,12182.25,,G
04/08/2020,19:03:00,PT Level,10.86,in,G
04/08/2020,19:03:00,Flow_cfs,9.79,,G
04/08/2020,19:03:00,FlowVolume,12769.75,,G
04/08/2020,19:04:00,PT Level,10.82,in,G
04/08/2020,19:04:00,Flow_cfs,9.71,,G
04/08/2020,19:04:00,FlowVolume,13352.25,,G
04/08/2020,19:05:00,PT Level,10.84,in,G
04/08/2020,19:05:00,Aliquot_Num,3,ali,G
04/08/2020,19:05:00,Flow_cfs,9.75,,G
04/08/2020,19:05:00,Curr_pacing,30000.00,,G
04/08/2020,19:05:00,FlowVolume,13937.25,,G
04/08/2020,19:06:00,PT Level,10.86,in,G
04/08/2020,19:06:00,Flow_cfs,9.79,,G
04/08/2020,19:06:00,FlowVolume,14524.75,,G
04/08/2020,19:07:00,PT Level,10.81,in,G
04/08/2020,19:07:00,Flow_cfs,9.69,,G
04/08/2020,19:07:00,FlowVolume,15106.00,,G
04/08/2020,19:08:00,PT Level,10.83,in,G
04/08/2020,19:08:00,Flow_cfs,9.73,,G
04/08/2020,19:08:00,FlowVolume,15689.75,,G
04/08/2020,19:09:00,PT Level,10.84,in,G
04/08/2020,19:09:00,Flow_cfs,9.75,,G
04/08/2020,19:09:00,FlowVolume,16274.75,,G
04/08/2020,19:10:00,PT Level,10.86,in,G
04/08/2020,19:10:00,Aliquot_Num,3,ali,G
04/08/2020,19:10:00,Flow_cfs,9.79,,G
04/08/2020,19:10:00,Curr_pacing,30000.00,,G
04/08/2020,19:10:00,FlowVolume,16862.25,,G
04/08/2020,19:11:00,PT Level,10.84,in,G
04/08/2020,19:11:00,Flow_cfs,9.75,,G
04/08/2020,19:11:00,FlowVolume,17447.25,,G
04/08/2020,19:12:00,PT Level,10.87,in,G
04/08/2020,19:12:00,Flow_cfs,9.81,,G
04/08/2020,19:12:00,FlowVolume,18036.00,,G
04/08/2020,19:13:00,PT Level,10.85,in,G
04/08/2020,19:13:00,Flow_cfs,9.77,,G
04/08/2020,19:13:00,FlowVolume,18622.25,,G
04/08/2020,19:14:00,PT Level,10.86,in,G
04/08/2020,19:14:00,Flow_cfs,9.79,,G
04/08/2020,19:14:00,FlowVolume,19209.75,,G
04/08/2020,19:15:00,PT Level,10.86,in,G
04/08/2020,19:15:00,Aliquot_Num,3,ali,G
04/08/2020,19:15:00,Flow_cfs,9.79,,G
04/08/2020,19:15:00,Curr_pacing,30000.00,,G
04/08/2020,19:15:00,FlowVolume,19797.25,,G
04/08/2020,19:16:00,PT Level,10.86,in,G
04/08/2020,19:16:00,Flow_cfs,9.79,,G
04/08/2020,19:16:00,FlowVolume,20384.75,,G
04/08/2020,19:17:00,PT Level,10.87,in,G
04/08/2020,19:17:00,Flow_cfs,9.81,,G
04/08/2020,19:17:00,FlowVolume,20973.50,,G
04/08/2020,19:18:00,PT Level,10.85,in,G
04/08/2020,19:18:00,Flow_cfs,9.77,,G
04/08/2020,19:18:00,FlowVolume,21559.75,,G
04/08/2020,19:19:00,PT Level,10.91,in,G
04/08/2020,19:19:00,Flow_cfs,9.90,,G
04/08/2020,19:19:00,FlowVolume,22153.50,,G
04/08/2020,19:20:00,PT Level,10.89,in,G
04/08/2020,19:20:00,Aliquot_Num,3,ali,G
04/08/2020,19:20:00,Flow_cfs,9.85,,G
04/08/2020,19:20:00,Curr_pacing,30000.00,,G
04/08/2020,19:20:00,FlowVolume,22744.75,,G
04/08/2020,19:21:00,PT Level,10.88,in,G
04/08/2020,19:21:00,Flow_cfs,9.83,,G
04/08/2020,19:21:00,FlowVolume,23334.75,,G
04/08/2020,19:22:00,PT Level,10.89,in,G
04/08/2020,19:22:00,Flow_cfs,9.85,,G
04/08/2020,19:22:00,FlowVolume,23926.00,,G
04/08/2020,19:23:00,PT Level,10.90,in,G
04/08/2020,19:23:00,Flow_cfs,9.87,,G
04/08/2020,19:23:00,FlowVolume,24518.50,,G
04/08/2020,19:24:00,PT Level,10.91,in,G
04/08/2020,19:24:00,Flow_cfs,9.90,,G
04/08/2020,19:24:00,FlowVolume,25112.25,,G
04/08/2020,19:25:00,PT Level,10.91,in,G
04/08/2020,19:25:00,Aliquot_Num,3,ali,G
04/08/2020,19:25:00,Flow_cfs,9.90,,G
04/08/2020,19:25:00,Curr_pacing,30000.00,,G
04/08/2020,19:25:00,FlowVolume,25706.00,,G
04/08/2020,19:26:00,PT Level,10.92,in,G
04/08/2020,19:26:00,Flow_cfs,9.92,,G
04/08/2020,19:26:00,FlowVolume,26301.00,,G
04/08/2020,19:27:00,PT Level,10.91,in,G
04/08/2020,19:27:00,Flow_cfs,9.90,,G
04/08/2020,19:27:00,FlowVolume,26894.75,,G
04/08/2020,19:28:00,PT Level,10.91,in,G
04/08/2020,19:28:00,Flow_cfs,9.90,,G
04/08/2020,19:28:00,FlowVolume,27488.50,,G
04/08/2020,19:29:00,PT Level,10.94,in,G
04/08/2020,19:29:00,Flow_cfs,9.96,,G
04/08/2020,19:29:00,FlowVolume,28086.00,,G
04/08/2020,19:30:00,PT Level,10.94,in,G
04/08/2020,19:30:00,Aliquot_Num,3,ali,G
04/08/2020,19:30:00,Flow_cfs,9.96,,G
04/08/2020,19:30:00,Curr_pacing,30000.00,,G
04/08/2020,19:30:00,FlowVolume,28683.50,,G
04/08/2020,19:31:00,PT Level,10.94,in,G
04/08/2020,19:31:00,Flow_cfs,9.96,,G
04/08/2020,19:31:00,FlowVolume,29281.00,,G
04/08/2020,19:32:00,PT Level,10.95,in,G
04/08/2020,19:32:00,Flow_cfs,9.98,,G
04/08/2020,19:32:00,FlowVolume,29879.75,,G
04/08/2020,19:33:00,PT Level,10.92,in,G
04/08/2020,19:33:00,Flow_cfs,9.92,,G
04/08/2020,19:33:00,Triggered S,4,,G
04/08/2020,19:33:00,VolumeTrig,30474.75,,G
04/08/2020,19:33:00,FlowVolume,474.75,,G
04/08/2020,19:34:00,PT Level,10.93,in,G
04/08/2020,19:34:00,Flow_cfs,9.94,,G
04/08/2020,19:34:00,FlowVolume,1071.00,,G
04/08/2020,19:35:00,PT Level,10.92,in,G
04/08/2020,19:35:00,Aliquot_Num,4,ali,G
04/08/2020,19:35:00,Flow_cfs,9.92,,G
04/08/2020,19:35:00,Curr_pacing,30000.00,,G
04/08/2020,19:35:00,FlowVolume,1666.00,,G
04/08/2020,19:36:00,PT Level,10.97,in,G
04/08/2020,19:36:00,Flow_cfs,10.02,,G
04/08/2020,19:36:00,FlowVolume,2267.20,,G
04/08/2020,19:37:00,PT Level,10.92,in,G
04/08/2020,19:37:00,Flow_cfs,9.92,,G
04/08/2020,19:37:00,FlowVolume,2862.20,,G
04/08/2020,19:38:00,PT Level,10.97,in,G
04/08/2020,19:38:00,Flow_cfs,10.02,,G
04/08/2020,19:38:00,FlowVolume,3463.40,,G
04/08/2020,19:39:00,PT Level,10.94,in,G
04/08/2020,19:39:00,Flow_cfs,9.96,,G
04/08/2020,19:39:00,FlowVolume,4060.90,,G
04/08/2020,19:40:00,PT Level,10.95,in,G
04/08/2020,19:40:00,Aliquot_Num,4,ali,G
04/08/2020,19:40:00,Flow_cfs,9.98,,G
04/08/2020,19:40:00,Curr_pacing,30000.00,,G
04/08/2020,19:40:00,FlowVolume,4659.65,,G
04/08/2020,19:41:00,PT Level,10.98,in,G
04/08/2020,19:41:00,Flow_cfs,10.04,,G
04/08/2020,19:41:00,FlowVolume,5262.05,,G
04/08/2020,19:42:00,PT Level,10.97,in,G
04/08/2020,19:42:00,Flow_cfs,10.02,,G
04/08/2020,19:42:00,FlowVolume,5863.25,,G
04/08/2020,19:43:00,PT Level,10.96,in,G
04/08/2020,19:43:00,Flow_cfs,10.00,,G
04/08/2020,19:43:00,FlowVolume,6463.25,,G
04/08/2020,19:44:00,PT Level,10.97,in,G
04/08/2020,19:44:00,Flow_cfs,10.02,,G
04/08/2020,19:44:00,FlowVolume,7064.45,,G
04/08/2020,19:45:00,PT Level,10.96,in,G
04/08/2020,19:45:00,Aliquot_Num,4,ali,G
04/08/2020,19:45:00,Flow_cfs,10.00,,G
04/08/2020,19:45:00,Curr_pacing,30000.00,,G
04/08/2020,19:45:00,FlowVolume,7664.45,,G
04/08/2020,19:46:00,PT Level,10.94,in,G
04/08/2020,19:46:00,Flow_cfs,9.96,,G
04/08/2020,19:46:00,FlowVolume,8261.95,,G
04/08/2020,19:47:00,PT Level,10.95,in,G
04/08/2020,19:47:00,Flow_cfs,9.98,,G
04/08/2020,19:47:00,FlowVolume,8860.70,,G
04/08/2020,19:48:00,PT Level,10.98,in,G
04/08/2020,19:48:00,Flow_cfs,10.04,,G
04/08/2020,19:48:00,FlowVolume,9463.10,,G
04/08/2020,19:49:00,PT Level,10.99,in,G
04/08/2020,19:49:00,Flow_cfs,10.06,,G
04/08/2020,19:49:00,FlowVolume,10066.70,,G
04/08/2020,19:50:00,PT Level,11.03,in,G
04/08/2020,19:50:00,Aliquot_Num,4,ali,G
04/08/2020,19:50:00,Flow_cfs,10.14,,G
04/08/2020,19:50:00,Curr_pacing,30000.00,,G
04/08/2020,19:50:00,FlowVolume,10675.10,,G
04/08/2020,19:51:00,PT Level,11.00,in,G
04/08/2020,19:51:00,Flow_cfs,10.08,,G
04/08/2020,19:51:00,FlowVolume,11279.90,,G
04/08/2020,19:52:00,PT Level,11.01,in,G
04/08/2020,19:52:00,Flow_cfs,10.10,,G
04/08/2020,19:52:00,FlowVolume,11885.90,,G
04/08/2020,19:53:00,PT Level,11.03,in,G
04/08/2020,19:53:00,Flow_cfs,10.14,,G
04/08/2020,19:53:00,FlowVolume,12494.30,,G
04/08/2020,19:54:00,PT Level,11.00,in,G
04/08/2020,19:54:00,Flow_cfs,10.08,,G
04/08/2020,19:54:00,FlowVolume,13099.10,,G
04/08/2020,19:55:00,PT Level,11.01,in,G
04/08/2020,19:55:00,Aliquot_Num,4,ali,G
04/08/2020,19:55:00,Flow_cfs,10.10,,G
04/08/2020,19:55:00,Curr_pacing,30000.00,,G
04/08/2020,19:55:00,FlowVolume,13705.10,,G
04/08/2020,19:56:00,PT Level,11.03,in,G
04/08/2020,19:56:00,Flow_cfs,10.14,,G
04/08/2020,19:56:00,FlowVolume,14313.50,,G
04/08/2020,19:57:00,PT Level,11.00,in,G
04/08/2020,19:57:00,Flow_cfs,10.08,,G
04/08/2020,19:57:00,FlowVolume,14918.30,,G
04/08/2020,19:58:00,PT Level,11.03,in,G
04/08/2020,19:58:00,Flow_cfs,10.14,,G
04/08/2020,19:58:00,FlowVolume,15526.70,,G
04/08/2020,19:59:00,PT Level,11.04,in,G
04/08/2020,19:59:00,Flow_cfs,10.16,,G
04/08/2020,19:59:00,FlowVolume,16136.30,,G
04/08/2020,20:00:00,PT Level,11.04,in,G
04/08/2020,20:00:00,Aliquot_Num,4,ali,G
04/08/2020,20:00:00,Flow_cfs,10.16,,G
04/08/2020,20:00:00,Curr_pacing,30000.00,,G
04/08/2020,20:00:00,FlowVolume,16745.90,,G
04/08/2020,20:01:00,PT Level,11.05,in,G
04/08/2020,20:01:00,Flow_cfs,10.18,,G
04/08/2020,20:01:00,FlowVolume,17356.70,,G
04/08/2020,20:02:00,PT Level,11.04,in,G
04/08/2020,20:02:00,Flow_cfs,10.16,,G
04/08/2020,20:02:00,FlowVolume,17966.30,,G
04/08/2020,20:03:00,PT Level,11.00,in,G
04/08/2020,20:03:00,Flow_cfs,10.08,,G
04/08/2020,20:03:00,FlowVolume,18571.10,,G
04/08/2020,20:04:00,PT Level,11.04,in,G
04/08/2020,20:04:00,Flow_cfs,10.16,,G
04/08/2020,20:04:00,FlowVolume,19180.70,,G
04/08/2020,20:05:00,PT Level,11.06,in,G
04/08/2020,20:05:00,Aliquot_Num,4,ali,G
04/08/2020,20:05:00,Flow_cfs,10.20,,G
04/08/2020,20:05:00,Curr_pacing,30000.00,,G
04/08/2020,20:05:00,FlowVolume,19792.70,,G
04/08/2020,20:06:00,PT Level,11.08,in,G
04/08/2020,20:06:00,Flow_cfs,10.24,,G
04/08/2020,20:06:00,FlowVolume,20407.10,,G
04/08/2020,20:07:00,PT Level,11.07,in,G
04/08/2020,20:07:00,Flow_cfs,10.22,,G
04/08/2020,20:07:00,FlowVolume,21020.30,,G
04/08/2020,20:08:00,PT Level,11.04,in,G
04/08/2020,20:08:00,Flow_cfs,10.16,,G
04/08/2020,20:08:00,FlowVolume,21629.90,,G
04/08/2020,20:09:00,PT Level,11.07,in,G
04/08/2020,20:09:00,Flow_cfs,10.22,,G
04/08/2020,20:09:00,FlowVolume,22243.10,,G
04/08/2020,20:10:00,PT Level,11.09,in,G
04/08/2020,20:10:00,Aliquot_Num,4,ali,G
04/08/2020,20:10:00,Flow_cfs,10.26,,G
04/08/2020,20:10:00,Curr_pacing,30000.00,,G
04/08/2020,20:10:00,FlowVolume,22858.70,,G
04/08/2020,20:11:00,PT Level,11.09,in,G
04/08/2020,20:11:00,Flow_cfs,10.26,,G
04/08/2020,20:11:00,FlowVolume,23474.30,,G
04/08/2020,20:12:00,PT Level,11.08,in,G
04/08/2020,20:12:00,Flow_cfs,10.24,,G
04/08/2020,20:12:00,FlowVolume,24088.70,,G
04/08/2020,20:13:00,PT Level,11.08,in,G
04/08/2020,20:13:00,Flow_cfs,10.24,,G
04/08/2020,20:13:00,FlowVolume,24703.10,,G
04/08/2020,20:14:00,PT Level,11.08,in,G
04/08/2020,20:14:00,Flow_cfs,10.24,,G
04/08/2020,20:14:00,FlowVolume,25317.50,,G
04/08/2020,20:15:00,PT Level,11.09,in,G
04/08/2020,20:15:00,Aliquot_Num,4,ali,G
04/08/2020,20:15:00,Flow_cfs,10.26,,G
04/08/2020,20:15:00,Curr_pacing,30000.00,,G
04/08/2020,20:15:00,FlowVolume,25933.10,,G
04/08/2020,20:16:00,PT Level,11.10,in,G
04/08/2020,20:16:00,Flow_cfs,10.28,,G
04/08/2020,20:16:00,FlowVolume,26549.90,,G
04/08/2020,20:17:00,PT Level,11.07,in,G
04/08/2020,20:17:00,Flow_cfs,10.22,,G
04/08/2020,20:17:00,FlowVolume,27163.10,,G
04/08/2020,20:18:00,PT Level,11.09,in,G
04/08/2020,20:18:00,Flow_cfs,10.26,,G
04/08/2020,20:18:00,FlowVolume,27778.70,,G
04/08/2020,20:19:00,PT Level,11.15,in,G
04/08/2020,20:19:00,Flow_cfs,10.38,,G
04/08/2020,20:19:00,FlowVolume,28401.50,,G
04/08/2020,20:20:00,PT Level,11.11,in,G
04/08/2020,20:20:00,Aliquot_Num,4,ali,G
04/08/2020,20:20:00,Flow_cfs,10.30,,G
04/08/2020,20:20:00,Curr_pacing,30000.00,,G
04/08/2020,20:20:00,FlowVolume,29019.50,,G
04/08/2020,20:21:00,PT Level,11.11,in,G
04/08/2020,20:21:00,Flow_cfs,10.30,,G
04/08/2020,20:21:00,FlowVolume,29637.50,,G
04/08/2020,20:22:00,PT Level,11.13,in,G
04/08/2020,20:22:00,Flow_cfs,10.34,,G
04/08/2020,20:22:00,Triggered S,5,,G
04/08/2020,20:22:00,VolumeTrig,30257.90,,G
04/08/2020,20:22:00,FlowVolume,257.90,,G
04/08/2020,20:23:00,PT Level,11.07,in,G
04/08/2020,20:23:00,Flow_cfs,10.22,,G
04/08/2020,20:23:00,FlowVolume,871.10,,G
04/08/2020,20:24:00,PT Level,11.09,in,G
04/08/2020,20:24:00,Flow_cfs,10.26,,G
04/08/2020,20:24:00,FlowVolume,1486.70,,G
04/08/2020,20:25:00,PT Level,11.12,in,G
04/08/2020,20:25:00,Aliquot_Num,5,ali,G
04/08/2020,20:25:00,Flow_cfs,10.32,,G
04/08/2020,20:25:00,Curr_pacing,30000.00,,G
04/08/2020,20:25:00,FlowVolume,2105.90,,G
04/08/2020,20:26:00,PT Level,11.14,in,G
04/08/2020,20:26:00,Flow_cfs,10.36,,G
04/08/2020,20:26:00,FlowVolume,2727.50,,G
04/08/2020,20:27:00,PT Level,11.11,in,G
04/08/2020,20:27:00,Flow_cfs,10.30,,G
04/08/2020,20:27:00,FlowVolume,3345.50,,G
04/08/2020,20:28:00,PT Level,11.13,in,G
04/08/2020,20:28:00,Flow_cfs,10.34,,G
04/08/2020,20:28:00,FlowVolume,3965.90,,G
04/08/2020,20:29:00,PT Level,11.12,in,G
04/08/2020,20:29:00,Flow_cfs,10.32,,G
04/08/2020,20:29:00,FlowVolume,4585.10,,G
04/08/2020,20:30:00,PT Level,11.13,in,G
04/08/2020,20:30:00,Aliquot_Num,5,ali,G
04/08/2020,20:30:00,Flow_cfs,10.34,,G
04/08/2020,20:30:00,Curr_pacing,30000.00,,G
04/08/2020,20:30:00,FlowVolume,5205.50,,G
04/08/2020,20:31:00,PT Level,11.15,in,G
04/08/2020,20:31:00,Flow_cfs,10.38,,G
04/08/2020,20:31:00,FlowVolume,5828.30,,G
04/08/2020,20:32:00,PT Level,11.17,in,G
04/08/2020,20:32:00,Flow_cfs,10.42,,G
04/08/2020,20:32:00,FlowVolume,6453.50,,G
04/08/2020,20:33:00,PT Level,11.14,in,G
04/08/2020,20:33:00,Flow_cfs,10.36,,G
04/08/2020,20:33:00,FlowVolume,7075.10,,G
04/08/2020,20:34:00,PT Level,11.15,in,G
04/08/2020,20:34:00,Flow_cfs,10.38,,G
04/08/2020,20:34:00,FlowVolume,7697.90,,G
04/08/2020,20:35:00,PT Level,11.15,in,G
04/08/2020,20:35:00,Aliquot_Num,5,ali,G
04/08/2020,20:35:00,Flow_cfs,10.38,,G
04/08/2020,20:35:00,Curr_pacing,30000.00,,G
04/08/2020,20:35:00,FlowVolume,8320.70,,G
04/08/2020,20:36:00,PT Level,11.15,in,G
04/08/2020,20:36:00,Flow_cfs,10.38,,G
04/08/2020,20:36:00,FlowVolume,8943.50,,G
04/08/2020,20:37:00,PT Level,11.15,in,G
04/08/2020,20:37:00,Flow_cfs,10.38,,G
04/08/2020,20:37:00,FlowVolume,9566.30,,G
04/08/2020,20:38:00,PT Level,11.14,in,G
04/08/2020,20:38:00,Flow_cfs,10.36,,G
04/08/2020,20:38:00,FlowVolume,10187.90,,G
04/08/2020,20:39:00,PT Level,11.15,in,G
04/08/2020,20:39:00,Flow_cfs,10.38,,G
04/08/2020,20:39:00,FlowVolume,10810.70,,G
04/08/2020,20:40:00,PT Level,11.17,in,G
04/08/2020,20:40:00,Aliquot_Num,5,ali,G
04/08/2020,20:40:00,Flow_cfs,10.42,,G
04/08/2020,20:40:00,Curr_pacing,30000.00,,G
04/08/2020,20:40:00,FlowVolume,11435.90,,G
04/08/2020,20:41:00,PT Level,11.15,in,G
04/08/2020,20:41:00,Flow_cfs,10.38,,G
04/08/2020,20:41:00,FlowVolume,12058.70,,G
04/08/2020,20:42:00,PT Level,11.16,in,G
04/08/2020,20:42:00,Flow_cfs,10.40,,G
04/08/2020,20:42:00,FlowVolume,12682.70,,G
04/08/2020,20:43:00,PT Level,11.23,in,G
04/08/2020,20:43:00,Flow_cfs,10.54,,G
04/08/2020,20:43:00,FlowVolume,13315.30,,G
04/08/2020,20:44:00,PT Level,11.18,in,G
04/08/2020,20:44:00,Flow_cfs,10.44,,G
04/08/2020,20:44:00,FlowVolume,13941.70,,G
04/08/2020,20:45:00,PT Level,11.19,in,G
04/08/2020,20:45:00,Aliquot_Num,5,ali,G
04/08/2020,20:45:00,Flow_cfs,10.46,,G
04/08/2020,20:45:00,Curr_pacing,30000.00,,G
04/08/2020,20:45:00,FlowVolume,14569.30,,G
04/08/2020,20:46:00,PT Level,11.16,in,G
04/08/2020,20:46:00,Flow_cfs,10.40,,G
04/08/2020,20:46:00,FlowVolume,15193.30,,G
04/08/2020,20:47:00,PT Level,11.18,in,G
04/08/2020,20:47:00,Flow_cfs,10.44,,G
04/08/2020,20:47:00,FlowVolume,15819.70,,G
04/08/2020,20:48:00,PT Level,11.17,in,G
04/08/2020,20:48:00,Flow_cfs,10.42,,G
04/08/2020,20:48:00,FlowVolume,16444.90,,G
04/08/2020,20:49:00,PT Level,11.18,in,G
04/08/2020,20:49:00,Flow_cfs,10.44,,G
04/08/2020,20:49:00,FlowVolume,17071.30,,G
04/08/2020,20:50:00,PT Level,11.20,in,G
04/08/2020,20:50:00,Aliquot_Num,5,ali,G
04/08/2020,20:50:00,Flow_cfs,10.48,,G
04/08/2020,20:50:00,Curr_pacing,30000.00,,G
04/08/2020,20:50:00,FlowVolume,17700.10,,G
04/08/2020,20:51:00,PT Level,11.21,in,G
04/08/2020,20:51:00,Flow_cfs,10.50,,G
04/08/2020,20:51:00,FlowVolume,18330.10,,G
04/08/2020,20:52:00,PT Level,11.20,in,G
04/08/2020,20:52:00,Flow_cfs,10.48,,G
04/08/2020,20:52:00,FlowVolume,18958.90,,G
04/08/2020,20:53:00,PT Level,11.20,in,G
04/08/2020,20:53:00,Flow_cfs,10.48,,G
04/08/2020,20:53:00,FlowVolume,19587.70,,G
04/08/2020,20:54:00,PT Level,11.21,in,G
04/08/2020,20:54:00,Flow_cfs,10.50,,G
04/08/2020,20:54:00,FlowVolume,20217.70,,G
04/08/2020,20:55:00,PT Level,11.23,in,G
04/08/2020,20:55:00,Aliquot_Num,5,ali,G
04/08/2020,20:55:00,Flow_cfs,10.54,,G
04/08/2020,20:55:00,Curr_pacing,30000.00,,G
04/08/2020,20:55:00,FlowVolume,20850.31,,G
04/08/2020,20:56:00,PT Level,11.21,in,G
04/08/2020,20:56:00,Flow_cfs,10.50,,G
04/08/2020,20:56:00,FlowVolume,21480.31,,G
04/08/2020,20:57:00,PT Level,11.18,in,G
04/08/2020,20:57:00,Flow_cfs,10.44,,G
04/08/2020,20:57:00,FlowVolume,22106.71,,G
04/08/2020,20:58:00,PT Level,11.21,in,G
04/08/2020,20:58:00,Flow_cfs,10.50,,G
04/08/2020,20:58:00,FlowVolume,22736.71,,G
04/08/2020,20:59:00,PT Level,11.20,in,G
04/08/2020,20:59:00,Flow_cfs,10.48,,G
04/08/2020,20:59:00,FlowVolume,23365.51,,G
04/08/2020,21:00:00,PT Level,11.21,in,G
04/08/2020,21:00:00,Aliquot_Num,5,ali,G
04/08/2020,21:00:00,Flow_cfs,10.50,,G
04/08/2020,21:00:00,Curr_pacing,30000.00,,G
04/08/2020,21:00:00,FlowVolume,23995.51,,G
04/08/2020,21:01:00,PT Level,11.24,in,G
04/08/2020,21:01:00,Flow_cfs,10.57,,G
04/08/2020,21:01:00,FlowVolume,24629.43,,G
04/08/2020,21:02:00,PT Level,11.23,in,G
04/08/2020,21:02:00,Flow_cfs,10.54,,G
04/08/2020,21:02:00,FlowVolume,25262.03,,G
04/08/2020,21:03:00,PT Level,11.21,in,G
04/08/2020,21:03:00,Flow_cfs,10.50,,G
04/08/2020,21:03:00,FlowVolume,25892.03,,G
04/08/2020,21:04:00,PT Level,11.23,in,G
04/08/2020,21:04:00,Flow_cfs,10.54,,G
04/08/2020,21:04:00,FlowVolume,26524.64,,G
04/08/2020,21:05:00,PT Level,11.23,in,G
04/08/2020,21:05:00,Aliquot_Num,5,ali,G
04/08/2020,21:05:00,Flow_cfs,10.54,,G
04/08/2020,21:05:00,Curr_pacing,30000.00,,G
04/08/2020,21:05:00,FlowVolume,27157.25,,G
04/08/2020,21:06:00,PT Level,11.23,in,G
04/08/2020,21:06:00,Flow_cfs,10.54,,G
04/08/2020,21:06:00,FlowVolume,27789.86,,G
04/08/2020,21:07:00,PT Level,11.26,in,G
04/08/2020,21:07:00,Flow_cfs,10.61,,G
04/08/2020,21:07:00,FlowVolume,28426.38,,G
04/08/2020,21:08:00,PT Level,11.25,in,G
04/08/2020,21:08:00,Flow_cfs,10.59,,G
04/08/2020,21:08:00,FlowVolume,29061.60,,G
04/08/2020,21:09:00,PT Level,11.28,in,G
04/08/2020,21:09:00,Flow_cfs,10.65,,G
04/08/2020,21:09:00,FlowVolume,29700.73,,G
04/08/2020,21:10:00,PT Level,11.29,in,G
04/08/2020,21:10:00,Aliquot_Num,5,ali,G
04/08/2020,21:10:00,Flow_cfs,10.67,,G
04/08/2020,21:10:00,Curr_pacing,30000.00,,G
04/08/2020,21:10:00,Triggered S,6,,G
04/08/2020,21:10:00,VolumeTrig,30341.17,,G
04/08/2020,21:10:00,FlowVolume,341.17,,G
04/08/2020,21:11:00,PT Level,11.26,in,G
04/08/2020,21:11:00,Flow_cfs,10.61,,G
04/08/2020,21:11:00,FlowVolume,977.69,,G
04/08/2020,21:12:00,PT Level,11.31,in,G
04/08/2020,21:12:00,Flow_cfs,10.72,,G
04/08/2020,21:12:00,FlowVolume,1620.73,,G
04/08/2020,21:13:00,PT Level,11.26,in,G
04/08/2020,21:13:00,Flow_cfs,10.61,,G
04/08/2020,21:13:00,FlowVolume,2257.25,,G
04/08/2020,21:14:00,PT Level,11.28,in,G
04/08/2020,21:14:00,Flow_cfs,10.65,,G
04/08/2020,21:14:00,FlowVolume,2896.38,,G
04/08/2020,21:15:00,PT Level,11.26,in,G
04/08/2020,21:15:00,Aliquot_Num,6,ali,G
04/08/2020,21:15:00,Flow_cfs,10.61,,G
04/08/2020,21:15:00,Curr_pacing,30000.00,,G
04/08/2020,21:15:00,FlowVolume,3532.90,,G
04/08/2020,21:16:00,PT Level,11.28,in,G
04/08/2020,21:16:00,Flow_cfs,10.65,,G
04/08/2020,21:16:00,FlowVolume,4172.03,,G
04/08/2020,21:17:00,PT Level,11.29,in,G
04/08/2020,21:17:00,Flow_cfs,10.67,,G
04/08/2020,21:17:00,FlowVolume,4812.47,,G
04/08/2020,21:18:00,PT Level,11.30,in,G
04/08/2020,21:18:00,Flow_cfs,10.70,,G
04/08/2020,21:18:00,FlowVolume,5454.21,,G
04/08/2020,21:19:00,PT Level,11.29,in,G
04/08/2020,21:19:00,Flow_cfs,10.67,,G
04/08/2020,21:19:00,FlowVolume,6094.64,,G
04/08/2020,21:20:00,PT Level,11.27,in,G
04/08/2020,21:20:00,Aliquot_Num,6,ali,G
04/08/2020,21:20:00,Flow_cfs,10.63,,G
04/08/2020,21:20:00,Curr_pacing,30000.00,,G
04/08/2020,21:20:00,FlowVolume,6732.47,,G
04/08/2020,21:21:00,PT Level,11.30,in,G
04/08/2020,21:21:00,Flow_cfs,10.70,,G
04/08/2020,21:21:00,FlowVolume,7374.21,,G
04/08/2020,21:22:00,PT Level,11.29,in,G
04/08/2020,21:22:00,Flow_cfs,10.67,,G
04/08/2020,21:22:00,FlowVolume,8014.64,,G
04/08/2020,21:23:00,PT Level,11.31,in,G
04/08/2020,21:23:00,Flow_cfs,10.72,,G
04/08/2020,21:23:00,FlowVolume,8657.69,,G
04/08/2020,21:24:00,PT Level,11.29,in,G
04/08/2020,21:24:00,Flow_cfs,10.67,,G
04/08/2020,21:24:00,FlowVolume,9298.12,,G
04/08/2020,21:25:00,PT Level,11.32,in,G
04/08/2020,21:25:00,Aliquot_Num,6,ali,G
04/08/2020,21:25:00,Flow_cfs,10.74,,G
04/08/2020,21:25:00,Curr_pacing,30000.00,,G
04/08/2020,21:25:00,FlowVolume,9942.47,,G
04/08/2020,21:26:00,PT Level,11.33,in,G
04/08/2020,21:26:00,Flow_cfs,10.76,,G
04/08/2020,21:26:00,FlowVolume,10588.12,,G
04/08/2020,21:27:00,PT Level,11.33,in,G
04/08/2020,21:27:00,Flow_cfs,10.76,,G
04/08/2020,21:27:00,FlowVolume,11233.77,,G
04/08/2020,21:28:00,PT Level,11.34,in,G
04/08/2020,21:28:00,Flow_cfs,10.78,,G
04/08/2020,21:28:00,FlowVolume,11880.73,,G
04/08/2020,21:29:00,PT Level,11.34,in,G
04/08/2020,21:29:00,Flow_cfs,10.78,,G
04/08/2020,21:29:00,FlowVolume,12527.69,,G
04/08/2020,21:30:00,PT Level,11.34,in,G
04/08/2020,21:30:00,Aliquot_Num,6,ali,G
04/08/2020,21:30:00,Flow_cfs,10.78,,G
04/08/2020,21:30:00,Curr_pacing,30000.00,,G
04/08/2020,21:30:00,FlowVolume,13174.64,,G
04/08/2020,21:31:00,PT Level,11.34,in,G
04/08/2020,21:31:00,Flow_cfs,10.78,,G
04/08/2020,21:31:00,FlowVolume,13821.60,,G
04/08/2020,21:32:00,PT Level,11.35,in,G
04/08/2020,21:32:00,Flow_cfs,10.80,,G
04/08/2020,21:32:00,FlowVolume,14469.86,,G
04/08/2020,21:33:00,PT Level,11.34,in,G
04/08/2020,21:33:00,Flow_cfs,10.78,,G
04/08/2020,21:33:00,FlowVolume,15116.82,,G
04/08/2020,21:34:00,PT Level,11.33,in,G
04/08/2020,21:34:00,Flow_cfs,10.76,,G
04/08/2020,21:34:00,FlowVolume,15762.47,,G
04/08/2020,21:35:00,PT Level,11.36,in,G
04/08/2020,21:35:00,Aliquot_Num,6,ali,G
04/08/2020,21:35:00,Flow_cfs,10.83,,G
04/08/2020,21:35:00,Curr_pacing,30000.00,,G
04/08/2020,21:35:00,FlowVolume,16412.04,,G
04/08/2020,21:36:00,PT Level,11.35,in,G
04/08/2020,21:36:00,Flow_cfs,10.80,,G
04/08/2020,21:36:00,FlowVolume,17060.30,,G
04/08/2020,21:37:00,PT Level,11.33,in,G
04/08/2020,21:37:00,Flow_cfs,10.76,,G
04/08/2020,21:37:00,FlowVolume,17705.95,,G
04/08/2020,21:37:44,Log Download,0,,G
04/08/2020,21:38:00,PT Level,11.36,in,G
04/08/2020,21:38:00,Flow_cfs,10.83,,G
04/08/2020,21:38:00,FlowVolume,18355.51,,G
04/08/2020,21:39:00,PT Level,11.36,in,G
04/08/2020,21:39:00,Flow_cfs,10.83,,G
04/08/2020,21:39:00,FlowVolume,19005.08,,G
04/08/2020,21:39:33,Log Download,0,,G
04/08/2020,21:40:00,PT Level,11.38,in,G
04/08/2020,21:40:00,Aliquot_Num,6,ali,G
04/08/2020,21:40:00,Flow_cfs,10.87,,G
04/08/2020,21:40:00,Curr_pacing,30000.00,,G
04/08/2020,21:40:00,FlowVolume,19657.25,,G
04/08/2020,21:40:56,Client Conn,80,,G
04/08/2020,21:41:00,PT Level,11.35,in,G
04/08/2020,21:41:00,Flow_cfs,10.80,,G
04/08/2020,21:41:00,FlowVolume,20305.51,,G
04/08/2020,21:42:00,PT Level,11.36,in,G
04/08/2020,21:42:00,Flow_cfs,10.83,,G
04/08/2020,21:42:00,FlowVolume,20955.08,,G
04/08/2020,21:43:00,PT Level,11.40,in,G
04/08/2020,21:43:00,Flow_cfs,10.91,,G
04/08/2020,21:43:00,FlowVolume,21609.86,,G
04/08/2020,21:44:00,PT Level,11.35,in,G
04/08/2020,21:44:00,Flow_cfs,10.80,,G
04/08/2020,21:44:00,FlowVolume,22258.12,,G
04/08/2020,21:45:00,PT Level,11.37,in,G
04/08/2020,21:45:00,Aliquot_Num,6,ali,G
04/08/2020,21:45:00,Flow_cfs,10.85,,G
04/08/2020,21:45:00,Curr_pacing,30000.00,,G
04/08/2020,21:45:00,FlowVolume,22908.99,,G
04/08/2020,21:46:00,PT Level,11.38,in,G
04/08/2020,21:46:00,Flow_cfs,10.87,,G
04/08/2020,21:46:00,FlowVolume,23561.17,,G
04/08/2020,21:47:00,PT Level,11.41,in,G
04/08/2020,21:47:00,Flow_cfs,10.93,,G
04/08/2020,21:47:00,FlowVolume,24217.25,,G
04/08/2020,21:48:00,PT Level,11.35,in,G
04/08/2020,21:48:00,Flow_cfs,10.80,,G
04/08/2020,21:48:00,FlowVolume,24865.51,,G
04/08/2020,21:49:00,PT Level,11.39,in,G
04/08/2020,21:49:00,Flow_cfs,10.89,,G
04/08/2020,21:49:00,FlowVolume,25518.99,,G
04/08/2020,21:50:00,PT Level,11.37,in,G
04/08/2020,21:50:00,Aliquot_Num,6,ali,G
04/08/2020,21:50:00,Flow_cfs,10.85,,G
04/08/2020,21:50:00,Curr_pacing,30000.00,,G
04/08/2020,21:50:00,FlowVolume,26169.86,,G
04/08/2020,21:51:00,PT Level,11.39,in,G
04/08/2020,21:51:00,Flow_cfs,10.89,,G
04/08/2020,21:51:00,FlowVolume,26823.34,,G
04/08/2020,21:52:00,PT Level,11.38,in,G
04/08/2020,21:52:00,Flow_cfs,10.87,,G
04/08/2020,21:52:00,FlowVolume,27475.51,,G
04/08/2020,21:53:00,PT Level,11.41,in,G
04/08/2020,21:53:00,Flow_cfs,10.93,,G
04/08/2020,21:53:00,FlowVolume,28131.60,,G
04/08/2020,21:54:00,PT Level,11.41,in,G
04/08/2020,21:54:00,Flow_cfs,10.93,,G
04/08/2020,21:54:00,FlowVolume,28787.69,,G
04/08/2020,21:55:00,PT Level,11.40,in,G
04/08/2020,21:55:00,Aliquot_Num,6,ali,G
04/08/2020,21:55:00,Flow_cfs,10.91,,G
04/08/2020,21:55:00,Curr_pacing,30000.00,,G
04/08/2020,21:55:00,FlowVolume,29442.47,,G
04/08/2020,21:56:00,PT Level,11.40,in,G
04/08/2020,21:56:00,Flow_cfs,10.91,,G
04/08/2020,21:56:00,Triggered S,7,,G
04/08/2020,21:56:00,VolumeTrig,30097.25,,G
04/08/2020,21:56:00,FlowVolume,97.25,,G
04/08/2020,21:57:00,PT Level,11.45,in,G
04/08/2020,21:57:00,Flow_cfs,11.02,,G
04/08/2020,21:57:00,FlowVolume,758.68,,G
04/08/2020,21:58:00,PT Level,11.46,in,G
04/08/2020,21:58:00,Flow_cfs,11.05,,G
04/08/2020,21:58:00,FlowVolume,1421.54,,G
04/08/2020,21:59:00,PT Level,11.40,in,G
04/08/2020,21:59:00,Flow_cfs,10.91,,G
04/08/2020,21:59:00,FlowVolume,2076.32,,G
04/08/2020,22:00:00,PT Level,11.46,in,G
04/08/2020,22:00:00,Aliquot_Num,7,ali,G
04/08/2020,22:00:00,Flow_cfs,11.05,,G
04/08/2020,22:00:00,Curr_pacing,30000.00,,G
04/08/2020,22:00:00,FlowVolume,2739.18,,G
04/08/2020,22:01:00,PT Level,11.42,in,G
04/08/2020,22:01:00,Flow_cfs,10.96,,G
04/08/2020,22:01:00,FlowVolume,3396.57,,G
04/08/2020,22:02:00,PT Level,11.42,in,G
04/08/2020,22:02:00,Flow_cfs,10.96,,G
04/08/2020,22:02:00,FlowVolume,4053.96,,G
04/08/2020,22:03:00,PT Level,11.45,in,G
04/08/2020,22:03:00,Flow_cfs,11.02,,G
04/08/2020,22:03:00,FlowVolume,4715.39,,G
04/08/2020,22:04:00,PT Level,11.46,in,G
04/08/2020,22:04:00,Flow_cfs,11.05,,G
04/08/2020,22:04:00,FlowVolume,5378.25,,G
04/08/2020,22:05:00,PT Level,11.44,in,G
04/08/2020,22:05:00,Aliquot_Num,7,ali,G
04/08/2020,22:05:00,Flow_cfs,11.00,,G
04/08/2020,22:05:00,Curr_pacing,30000.00,,G
04/08/2020,22:05:00,FlowVolume,6038.25,,G
04/08/2020,22:06:00,PT Level,11.47,in,G
04/08/2020,22:06:00,Flow_cfs,11.07,,G
04/08/2020,22:06:00,FlowVolume,6702.53,,G
04/08/2020,22:07:00,PT Level,11.50,in,G
04/08/2020,22:07:00,Flow_cfs,11.14,,G
04/08/2020,22:07:00,FlowVolume,7371.10,,G
04/08/2020,22:08:00,PT Level,11.47,in,G
04/08/2020,22:08:00,Flow_cfs,11.07,,G
04/08/2020,22:08:00,FlowVolume,8035.39,,G
04/08/2020,22:09:00,PT Level,11.49,in,G
04/08/2020,22:09:00,Flow_cfs,11.12,,G
04/08/2020,22:09:00,FlowVolume,8702.53,,G
04/08/2020,22:10:00,PT Level,11.48,in,G
04/08/2020,22:10:00,Aliquot_Num,7,ali,G
04/08/2020,22:10:00,Flow_cfs,11.10,,G
04/08/2020,22:10:00,Curr_pacing,30000.00,,G
04/08/2020,22:10:00,FlowVolume,9368.25,,G
04/08/2020,22:11:00,PT Level,11.49,in,G
04/08/2020,22:11:00,Flow_cfs,11.12,,G
04/08/2020,22:11:00,FlowVolume,10035.39,,G
04/08/2020,22:12:00,PT Level,11.47,in,G
04/08/2020,22:12:00,Flow_cfs,11.07,,G
04/08/2020,22:12:00,FlowVolume,10699.67,,G
04/08/2020,22:13:00,PT Level,11.49,in,G
04/08/2020,22:13:00,Flow_cfs,11.12,,G
04/08/2020,22:13:00,FlowVolume,11366.82,,G
04/08/2020,22:14:00,PT Level,11.48,in,G
04/08/2020,22:14:00,Flow_cfs,11.10,,G
04/08/2020,22:14:00,FlowVolume,12032.53,,G
04/08/2020,22:15:00,PT Level,11.51,in,G
04/08/2020,22:15:00,Aliquot_Num,7,ali,G
04/08/2020,22:15:00,Flow_cfs,11.17,,G
04/08/2020,22:15:00,Curr_pacing,30000.00,,G
04/08/2020,22:15:00,FlowVolume,12702.53,,G
04/08/2020,22:16:00,PT Level,11.55,in,G
04/08/2020,22:16:00,Flow_cfs,11.26,,G
04/08/2020,22:16:00,FlowVolume,13378.25,,G
04/08/2020,22:17:00,PT Level,11.49,in,G
04/08/2020,22:17:00,Flow_cfs,11.12,,G
04/08/2020,22:17:00,FlowVolume,14045.39,,G
04/08/2020,22:18:00,PT Level,11.50,in,G
04/08/2020,22:18:00,Flow_cfs,11.14,,G
04/08/2020,22:18:00,FlowVolume,14713.96,,G
04/08/2020,22:19:00,PT Level,11.52,in,G
04/08/2020,22:19:00,Flow_cfs,11.19,,G
04/08/2020,22:19:00,FlowVolume,15385.39,,G
04/08/2020,22:20:00,PT Level,11.49,in,G
04/08/2020,22:20:00,Aliquot_Num,7,ali,G
04/08/2020,22:20:00,Flow_cfs,11.12,,G
04/08/2020,22:20:00,Curr_pacing,30000.00,,G
04/08/2020,22:20:00,FlowVolume,16052.53,,G
04/08/2020,22:21:00,PT Level,11.51,in,G
04/08/2020,22:21:00,Flow_cfs,11.17,,G
04/08/2020,22:21:00,FlowVolume,16722.53,,G
04/08/2020,22:22:00,PT Level,11.54,in,G
04/08/2020,22:22:00,Flow_cfs,11.24,,G
04/08/2020,22:22:00,FlowVolume,17396.82,,G
04/08/2020,22:23:00,PT Level,11.54,in,G
04/08/2020,22:23:00,Flow_cfs,11.24,,G
04/08/2020,22:23:00,FlowVolume,18071.10,,G
04/08/2020,22:24:00,PT Level,11.53,in,G
04/08/2020,22:24:00,Flow_cfs,11.21,,G
04/08/2020,22:24:00,FlowVolume,18743.96,,G
04/08/2020,22:25:00,PT Level,11.55,in,G
04/08/2020,22:25:00,Aliquot_Num,7,ali,G
04/08/2020,22:25:00,Flow_cfs,11.26,,G
04/08/2020,22:25:00,Curr_pacing,30000.00,,G
04/08/2020,22:25:00,FlowVolume,19419.67,,G
04/08/2020,22:26:00,PT Level,11.54,in,G
04/08/2020,22:26:00,Flow_cfs,11.24,,G
04/08/2020,22:26:00,FlowVolume,20093.96,,G
04/08/2020,22:27:00,PT Level,11.56,in,G
04/08/2020,22:27:00,Flow_cfs,11.29,,G
04/08/2020,22:27:00,FlowVolume,20771.10,,G
04/08/2020,22:28:00,PT Level,11.55,in,G
04/08/2020,22:28:00,Flow_cfs,11.26,,G
04/08/2020,22:28:00,FlowVolume,21446.82,,G
04/08/2020,22:29:00,PT Level,11.56,in,G
04/08/2020,22:29:00,Flow_cfs,11.29,,G
04/08/2020,22:29:00,FlowVolume,22123.96,,G
04/08/2020,22:30:00,PT Level,11.52,in,G
04/08/2020,22:30:00,Aliquot_Num,7,ali,G
04/08/2020,22:30:00,Flow_cfs,11.19,,G
04/08/2020,22:30:00,Curr_pacing,30000.00,,G
04/08/2020,22:30:00,FlowVolume,22795.39,,G
04/08/2020,22:31:00,PT Level,11.55,in,G
04/08/2020,22:31:00,Flow_cfs,11.26,,G
04/08/2020,22:31:00,FlowVolume,23471.10,,G
04/08/2020,22:32:00,PT Level,11.55,in,G
04/08/2020,22:32:00,Flow_cfs,11.26,,G
04/08/2020,22:32:00,FlowVolume,24146.82,,G
04/08/2020,22:33:00,PT Level,11.57,in,G
04/08/2020,22:33:00,Flow_cfs,11.31,,G
04/08/2020,22:33:00,FlowVolume,24825.39,,G
04/08/2020,22:34:00,PT Level,11.55,in,G
04/08/2020,22:34:00,Flow_cfs,11.26,,G
04/08/2020,22:34:00,FlowVolume,25501.10,,G
04/08/2020,22:35:00,PT Level,11.60,in,G
04/08/2020,22:35:00,Aliquot_Num,7,ali,G
04/08/2020,22:35:00,Flow_cfs,11.38,,G
04/08/2020,22:35:00,Curr_pacing,30000.00,,G
04/08/2020,22:35:00,FlowVolume,26183.96,,G
04/08/2020,22:36:00,PT Level,11.57,in,G
04/08/2020,22:36:00,Flow_cfs,11.31,,G
04/08/2020,22:36:00,FlowVolume,26862.53,,G
04/08/2020,22:37:00,PT Level,11.55,in,G
04/08/2020,22:37:00,Flow_cfs,11.26,,G
04/08/2020,22:37:00,FlowVolume,27538.25,,G
04/08/2020,22:38:00,PT Level,11.56,in,G
04/08/2020,22:38:00,Flow_cfs,11.29,,G
04/08/2020,22:38:00,FlowVolume,28215.39,,G
04/08/2020,22:39:00,PT Level,11.58,in,G
04/08/2020,22:39:00,Flow_cfs,11.33,,G
04/08/2020,22:39:00,FlowVolume,28895.39,,G
04/08/2020,22:40:00,PT Level,11.55,in,G
04/08/2020,22:40:00,Aliquot_Num,7,ali,G
04/08/2020,22:40:00,Flow_cfs,11.26,,G
04/08/2020,22:40:00,Curr_pacing,30000.00,,G
04/08/2020,22:40:00,FlowVolume,29571.10,,G
04/08/2020,22:41:00,PT Level,11.57,in,G
04/08/2020,22:41:00,Flow_cfs,11.31,,G
04/08/2020,22:41:00,Triggered S,8,,G
04/08/2020,22:41:00,VolumeTrig,30249.67,,G
04/08/2020,22:41:00,FlowVolume,249.67,,G
04/08/2020,22:42:00,PT Level,11.60,in,G
04/08/2020,22:42:00,Flow_cfs,11.38,,G
04/08/2020,22:42:00,FlowVolume,932.53,,G
04/08/2020,22:43:00,PT Level,11.58,in,G
04/08/2020,22:43:00,Flow_cfs,11.33,,G
04/08/2020,22:43:00,FlowVolume,1612.53,,G
04/08/2020,22:44:00,PT Level,11.61,in,G
04/08/2020,22:44:00,Flow_cfs,11.40,,G
04/08/2020,22:44:00,FlowVolume,2296.82,,G
04/08/2020,22:45:00,PT Level,11.57,in,G
04/08/2020,22:45:00,Aliquot_Num,8,ali,G
04/08/2020,22:45:00,Flow_cfs,11.31,,G
04/08/2020,22:45:00,Curr_pacing,30000.00,,G
04/08/2020,22:45:00,FlowVolume,2975.39,,G
04/08/2020,22:46:00,PT Level,11.60,in,G
04/08/2020,22:46:00,Flow_cfs,11.38,,G
04/08/2020,22:46:00,FlowVolume,3658.25,,G
04/08/2020,22:47:00,PT Level,11.62,in,G
04/08/2020,22:47:00,Flow_cfs,11.43,,G
04/08/2020,22:47:00,FlowVolume,4343.96,,G
04/08/2020,22:48:00,PT Level,11.61,in,G
04/08/2020,22:48:00,Flow_cfs,11.40,,G
04/08/2020,22:48:00,FlowVolume,5028.25,,G
04/08/2020,22:49:00,PT Level,11.65,in,G
04/08/2020,22:49:00,Flow_cfs,11.50,,G
04/08/2020,22:49:00,FlowVolume,5718.25,,G
04/08/2020,22:50:00,PT Level,11.64,in,G
04/08/2020,22:50:00,Aliquot_Num,8,ali,G
04/08/2020,22:50:00,Flow_cfs,11.48,,G
04/08/2020,22:50:00,Curr_pacing,30000.00,,G
04/08/2020,22:50:00,FlowVolume,6406.82,,G
04/08/2020,22:51:00,PT Level,11.64,in,G
04/08/2020,22:51:00,Flow_cfs,11.48,,G
04/08/2020,22:51:00,FlowVolume,7095.39,,G
04/08/2020,22:52:00,PT Level,11.66,in,G
04/08/2020,22:52:00,Flow_cfs,11.52,,G
04/08/2020,22:52:00,FlowVolume,7786.82,,G
04/08/2020,22:53:00,PT Level,11.63,in,G
04/08/2020,22:53:00,Flow_cfs,11.45,,G
04/08/2020,22:53:00,FlowVolume,8473.96,,G
04/08/2020,22:54:00,PT Level,11.65,in,G
04/08/2020,22:54:00,Flow_cfs,11.50,,G
04/08/2020,22:54:00,FlowVolume,9163.96,,G
04/08/2020,22:55:00,PT Level,11.67,in,G
04/08/2020,22:55:00,Aliquot_Num,8,ali,G
04/08/2020,22:55:00,Flow_cfs,11.55,,G
04/08/2020,22:55:00,Curr_pacing,30000.00,,G
04/08/2020,22:55:00,FlowVolume,9856.82,,G
04/08/2020,22:56:00,PT Level,11.66,in,G
04/08/2020,22:56:00,Flow_cfs,11.52,,G
04/08/2020,22:56:00,FlowVolume,10548.25,,G
04/08/2020,22:57:00,PT Level,11.65,in,G
04/08/2020,22:57:00,Flow_cfs,11.50,,G
04/08/2020,22:57:00,FlowVolume,11238.24,,G
04/08/2020,22:58:00,PT Level,11.66,in,G
04/08/2020,22:58:00,Flow_cfs,11.52,,G
04/08/2020,22:58:00,FlowVolume,11929.67,,G
04/08/2020,22:59:00,PT Level,11.67,in,G
04/08/2020,22:59:00,Flow_cfs,11.55,,G
04/08/2020,22:59:00,FlowVolume,12622.53,,G
04/08/2020,23:00:00,PT Level,11.68,in,G
04/08/2020,23:00:00,Aliquot_Num,8,ali,G
04/08/2020,23:00:00,Flow_cfs,11.57,,G
04/08/2020,23:00:00,Curr_pacing,30000.00,,G
04/08/2020,23:00:00,FlowVolume,13316.82,,G
04/08/2020,23:01:00,PT Level,11.70,in,G
04/08/2020,23:01:00,Flow_cfs,11.62,,G
04/08/2020,23:01:00,FlowVolume,14013.96,,G
04/08/2020,23:02:00,PT Level,11.72,in,G
04/08/2020,23:02:00,Flow_cfs,11.67,,G
04/08/2020,23:02:00,FlowVolume,14713.96,,G
04/08/2020,23:03:00,PT Level,11.66,in,G
04/08/2020,23:03:00,Flow_cfs,11.52,,G
04/08/2020,23:03:00,FlowVolume,15405.39,,G
04/08/2020,23:04:00,PT Level,11.69,in,G
04/08/2020,23:04:00,Flow_cfs,11.60,,G
04/08/2020,23:04:00,FlowVolume,16101.10,,G
04/08/2020,23:05:00,PT Level,11.69,in,G
04/08/2020,23:05:00,Aliquot_Num,8,ali,G
04/08/2020,23:05:00,Flow_cfs,11.60,,G
04/08/2020,23:05:00,Curr_pacing,30000.00,,G
04/08/2020,23:05:00,FlowVolume,16796.82,,G
04/08/2020,23:06:00,PT Level,11.69,in,G
04/08/2020,23:06:00,Flow_cfs,11.60,,G
04/08/2020,23:06:00,FlowVolume,17492.53,,G
04/08/2020,23:07:00,PT Level,11.69,in,G
04/08/2020,23:07:00,Flow_cfs,11.60,,G
04/08/2020,23:07:00,FlowVolume,18188.25,,G
04/08/2020,23:08:00,PT Level,11.71,in,G
04/08/2020,23:08:00,Flow_cfs,11.64,,G
04/08/2020,23:08:00,FlowVolume,18886.82,,G
04/08/2020,23:09:00,PT Level,11.68,in,G
04/08/2020,23:09:00,Flow_cfs,11.57,,G
04/08/2020,23:09:00,FlowVolume,19581.10,,G
04/08/2020,23:10:00,PT Level,11.71,in,G
04/08/2020,23:10:00,Aliquot_Num,8,ali,G
04/08/2020,23:10:00,Flow_cfs,11.64,,G
04/08/2020,23:10:00,Curr_pacing,30000.00,,G
04/08/2020,23:10:00,FlowVolume,20279.67,,G
04/08/2020,23:11:00,PT Level,11.74,in,G
04/08/2020,23:11:00,Flow_cfs,11.71,,G
04/08/2020,23:11:00,FlowVolume,20982.53,,G
04/08/2020,23:12:00,PT Level,11.73,in,G
04/08/2020,23:12:00,Flow_cfs,11.69,,G
04/08/2020,23:12:00,FlowVolume,21683.96,,G
04/08/2020,23:13:00,PT Level,11.72,in,G
04/08/2020,23:13:00,Flow_cfs,11.67,,G
04/08/2020,23:13:00,FlowVolume,22383.96,,G
04/08/2020,23:14:00,PT Level,11.72,in,G
04/08/2020,23:14:00,Flow_cfs,11.67,,G
04/08/2020,23:14:00,FlowVolume,23083.96,,G
04/08/2020,23:15:00,PT Level,11.75,in,G
04/08/2020,23:15:00,Aliquot_Num,8,ali,G
04/08/2020,23:15:00,Flow_cfs,11.74,,G
04/08/2020,23:15:00,Curr_pacing,30000.00,,G
04/08/2020,23:15:00,FlowVolume,23788.24,,G
04/08/2020,23:16:00,PT Level,11.73,in,G
04/08/2020,23:16:00,Flow_cfs,11.69,,G
04/08/2020,23:16:00,FlowVolume,24489.67,,G
04/08/2020,23:17:00,PT Level,11.72,in,G
04/08/2020,23:17:00,Flow_cfs,11.67,,G
04/08/2020,23:17:00,FlowVolume,25189.67,,G
04/08/2020,23:18:00,PT Level,11.75,in,G
04/08/2020,23:18:00,Flow_cfs,11.74,,G
04/08/2020,23:18:00,FlowVolume,25893.96,,G
04/08/2020,23:19:00,PT Level,11.78,in,G
04/08/2020,23:19:00,Flow_cfs,11.81,,G
04/08/2020,23:19:00,FlowVolume,26602.53,,G
04/08/2020,23:20:00,PT Level,11.72,in,G
04/08/2020,23:20:00,Aliquot_Num,8,ali,G
04/08/2020,23:20:00,Flow_cfs,11.67,,G
04/08/2020,23:20:00,Curr_pacing,30000.00,,G
04/08/2020,23:20:00,FlowVolume,27302.53,,G
04/08/2020,23:21:00,PT Level,11.78,in,G
04/08/2020,23:21:00,Flow_cfs,11.81,,G
04/08/2020,23:21:00,FlowVolume,28011.10,,G
04/08/2020,23:22:00,PT Level,11.78,in,G
04/08/2020,23:22:00,Flow_cfs,11.81,,G
04/08/2020,23:22:00,FlowVolume,28719.67,,G
04/08/2020,23:23:00,PT Level,11.78,in,G
04/08/2020,23:23:00,Flow_cfs,11.81,,G
04/08/2020,23:23:00,FlowVolume,29428.24,,G
04/08/2020,23:24:00,PT Level,11.77,in,G
04/08/2020,23:24:00,Flow_cfs,11.79,,G
04/08/2020,23:24:00,Triggered S,9,,G
04/08/2020,23:24:00,VolumeTrig,30135.39,,G
04/08/2020,23:24:00,FlowVolume,135.39,,G
04/08/2020,23:25:00,PT Level,11.76,in,G
04/08/2020,23:25:00,Aliquot_Num,9,ali,G
04/08/2020,23:25:00,Flow_cfs,11.76,,G
04/08/2020,23:25:00,Curr_pacing,30000.00,,G
04/08/2020,23:25:00,FlowVolume,841.10,,G
04/08/2020,23:26:00,PT Level,11.78,in,G
04/08/2020,23:26:00,Flow_cfs,11.81,,G
04/08/2020,23:26:00,FlowVolume,1549.67,,G
04/08/2020,23:27:00,PT Level,11.77,in,G
04/08/2020,23:27:00,Flow_cfs,11.79,,G
04/08/2020,23:27:00,FlowVolume,2256.82,,G
04/08/2020,23:28:00,PT Level,11.79,in,G
04/08/2020,23:28:00,Flow_cfs,11.83,,G
04/08/2020,23:28:00,FlowVolume,2966.82,,G
04/08/2020,23:29:00,PT Level,11.82,in,G
04/08/2020,23:29:00,Flow_cfs,11.90,,G
04/08/2020,23:29:00,FlowVolume,3681.10,,G
04/08/2020,23:30:00,PT Level,11.79,in,G
04/08/2020,23:30:00,Aliquot_Num,9,ali,G
04/08/2020,23:30:00,Flow_cfs,11.83,,G
04/08/2020,23:30:00,Curr_pacing,30000.00,,G
04/08/2020,23:30:00,FlowVolume,4391.10,,G
04/08/2020,23:31:00,PT Level,11.83,in,G
04/08/2020,23:31:00,Flow_cfs,11.93,,G
04/08/2020,23:31:00,FlowVolume,5106.82,,G
04/08/2020,23:32:00,PT Level,11.77,in,G
04/08/2020,23:32:00,Flow_cfs,11.79,,G
04/08/2020,23:32:00,FlowVolume,5813.96,,G
04/08/2020,23:33:00,PT Level,11.80,in,G
04/08/2020,23:33:00,Flow_cfs,11.86,,G
04/08/2020,23:33:00,FlowVolume,6525.39,,G
04/08/2020,23:34:00,PT Level,11.80,in,G
04/08/2020,23:34:00,Flow_cfs,11.86,,G
04/08/2020,23:34:00,FlowVolume,7236.82,,G
04/08/2020,23:35:00,PT Level,11.83,in,G
04/08/2020,23:35:00,Aliquot_Num,9,ali,G
04/08/2020,23:35:00,Flow_cfs,11.93,,G
04/08/2020,23:35:00,Curr_pacing,30000.00,,G
04/08/2020,23:35:00,FlowVolume,7952.53,,G
04/08/2020,23:36:00,PT Level,11.82,in,G
04/08/2020,23:36:00,Flow_cfs,11.90,,G
04/08/2020,23:36:00,FlowVolume,8666.82,,G
04/08/2020,23:37:00,PT Level,11.83,in,G
04/08/2020,23:37:00,Flow_cfs,11.93,,G
04/08/2020,23:37:00,FlowVolume,9382.53,,G
04/08/2020,23:38:00,PT Level,11.81,in,G
04/08/2020,23:38:00,Flow_cfs,11.88,,G
04/08/2020,23:38:00,FlowVolume,10095.39,,G
04/08/2020,23:39:00,PT Level,11.78,in,G
04/08/2020,23:39:00,Flow_cfs,11.81,,G
04/08/2020,23:39:00,FlowVolume,10803.96,,G
04/08/2020,23:40:00,PT Level,11.86,in,G
04/08/2020,23:40:00,Aliquot_Num,9,ali,G
04/08/2020,23:40:00,Flow_cfs,12.00,,G
04/08/2020,23:40:00,Curr_pacing,30000.00,,G
04/08/2020,23:40:00,FlowVolume,11523.96,,G
04/08/2020,23:41:00,PT Level,11.86,in,G
04/08/2020,23:41:00,Flow_cfs,12.00,,G
04/08/2020,23:41:00,FlowVolume,12243.96,,G
04/08/2020,23:42:00,PT Level,11.85,in,G
04/08/2020,23:42:00,Flow_cfs,11.98,,G
04/08/2020,23:42:00,FlowVolume,12962.53,,G
04/08/2020,23:43:00,PT Level,11.85,in,G
04/08/2020,23:43:00,Flow_cfs,11.98,,G
04/08/2020,23:43:00,FlowVolume,13681.10,,G
04/08/2020,23:44:00,PT Level,11.84,in,G
04/08/2020,23:44:00,Flow_cfs,11.95,,G
04/08/2020,23:44:00,FlowVolume,14398.25,,G
04/08/2020,23:45:00,PT Level,11.85,in,G
04/08/2020,23:45:00,Aliquot_Num,9,ali,G
04/08/2020,23:45:00,Flow_cfs,11.98,,G
04/08/2020,23:45:00,Curr_pacing,30000.00,,G
04/08/2020,23:45:00,FlowVolume,15116.82,,G
04/08/2020,23:46:00,PT Level,11.86,in,G
04/08/2020,23:46:00,Flow_cfs,12.00,,G
04/08/2020,23:46:00,FlowVolume,15836.82,,G
04/08/2020,23:47:00,PT Level,11.86,in,G
04/08/2020,23:47:00,Flow_cfs,12.00,,G
04/08/2020,23:47:00,FlowVolume,16556.82,,G
04/08/2020,23:48:00,PT Level,11.86,in,G
04/08/2020,23:48:00,Flow_cfs,12.00,,G
04/08/2020,23:48:00,FlowVolume,17276.82,,G
04/08/2020,23:49:00,PT Level,11.88,in,G
04/08/2020,23:49:00,Flow_cfs,12.05,,G
04/08/2020,23:49:00,FlowVolume,17999.82,,G
04/08/2020,23:50:00,PT Level,11.90,in,G
04/08/2020,23:50:00,Aliquot_Num,9,ali,G
04/08/2020,23:50:00,Flow_cfs,12.10,,G
04/08/2020,23:50:00,Curr_pacing,30000.00,,G
04/08/2020,23:50:00,FlowVolume,18725.82,,G
04/08/2020,23:51:00,PT Level,11.88,in,G
04/08/2020,23:51:00,Flow_cfs,12.05,,G
04/08/2020,23:51:00,FlowVolume,19448.82,,G
04/08/2020,23:52:00,PT Level,11.87,in,G
04/08/2020,23:52:00,Flow_cfs,12.03,,G
04/08/2020,23:52:00,FlowVolume,20170.32,,G
04/08/2020,23:53:00,PT Level,11.89,in,G
04/08/2020,23:53:00,Flow_cfs,12.07,,G
04/08/2020,23:53:00,FlowVolume,20894.82,,G
04/08/2020,23:54:00,PT Level,11.89,in,G
04/08/2020,23:54:00,Flow_cfs,12.07,,G
04/08/2020,23:54:00,FlowVolume,21619.32,,G
04/08/2020,23:55:00,PT Level,11.89,in,G
04/08/2020,23:55:00,Aliquot_Num,9,ali,G
04/08/2020,23:55:00,Flow_cfs,12.07,,G
04/08/2020,23:55:00,Curr_pacing,30000.00,,G
04/08/2020,23:55:00,FlowVolume,22343.82,,G
04/08/2020,23:56:00,PT Level,11.89,in,G
04/08/2020,23:56:00,Flow_cfs,12.07,,G
04/08/2020,23:56:00,FlowVolume,23068.32,,G
04/08/2020,23:57:00,PT Level,11.91,in,G
04/08/2020,23:57:00,Flow_cfs,12.12,,G
04/08/2020,23:57:00,FlowVolume,23795.82,,G
04/08/2020,23:58:00,PT Level,11.88,in,G
04/08/2020,23:58:00,Flow_cfs,12.05,,G
04/08/2020,23:58:00,FlowVolume,24518.82,,G
04/08/2020,23:59:00,PT Level,11.86,in,G
04/08/2020,23:59:00,Flow_cfs,12.00,,G
04/08/2020,23:59:00,FlowVolume,25238.82,,G
04/09/2020,00:00:00,PT Level,11.92,in,G
04/09/2020,00:00:00,Aliquot_Num,9,ali,G
04/09/2020,00:00:00,Flow_cfs,12.15,,G
04/09/2020,00:00:00,Curr_pacing,30000.00,,G
04/09/2020,00:00:00,FlowVolume,25967.82,,G
04/09/2020,00:01:00,PT Level,11.85,in,G
04/09/2020,00:01:00,Flow_cfs,11.98,,G
04/09/2020,00:01:00,FlowVolume,26686.39,,G
04/09/2020,00:02:00,PT Level,11.89,in,G
04/09/2020,00:02:00,Flow_cfs,12.07,,G
04/09/2020,00:02:00,FlowVolume,27410.89,,G
04/09/2020,00:03:00,PT Level,11.92,in,G
04/09/2020,00:03:00,Flow_cfs,12.15,,G
04/09/2020,00:03:00,FlowVolume,28139.89,,G
04/09/2020,00:04:00,PT Level,11.86,in,G
04/09/2020,00:04:00,Flow_cfs,12.00,,G
04/09/2020,00:04:00,FlowVolume,28859.89,,G
04/09/2020,00:05:00,PT Level,11.94,in,G
04/09/2020,00:05:00,Aliquot_Num,9,ali,G
04/09/2020,00:05:00,Flow_cfs,12.20,,G
04/09/2020,00:05:00,Curr_pacing,30000.00,,G
04/09/2020,00:05:00,FlowVolume,29591.89,,G
04/09/2020,00:06:00,PT Level,11.93,in,G
04/09/2020,00:06:00,Flow_cfs,12.18,,G
04/09/2020,00:06:00,Triggered S,10,,G
04/09/2020,00:06:00,VolumeTrig,30322.39,,G
04/09/2020,00:06:00,FlowVolume,322.39,,G
04/09/2020,00:07:00,PT Level,11.94,in,G
04/09/2020,00:07:00,Flow_cfs,12.20,,G
04/09/2020,00:07:00,FlowVolume,1054.39,,G
04/09/2020,00:08:00,PT Level,11.92,in,G
04/09/2020,00:08:00,Flow_cfs,12.15,,G
04/09/2020,00:08:00,FlowVolume,1783.39,,G
04/09/2020,00:09:00,PT Level,11.92,in,G
04/09/2020,00:09:00,Flow_cfs,12.15,,G
04/09/2020,00:09:00,FlowVolume,2512.39,,G
04/09/2020,00:10:00,PT Level,11.91,in,G
04/09/2020,00:10:00,Aliquot_Num,10,ali,G
04/09/2020,00:10:00,Flow_cfs,12.12,,G
04/09/2020,00:10:00,Curr_pacing,30000.00,,G
04/09/2020,00:10:00,FlowVolume,3239.89,,G
04/09/2020,00:11:00,PT Level,11.93,in,G
04/09/2020,00:11:00,Flow_cfs,12.18,,G
04/09/2020,00:11:00,FlowVolume,3970.39,,G
04/09/2020,00:12:00,PT Level,11.94,in,G
04/09/2020,00:12:00,Flow_cfs,12.20,,G
04/09/2020,00:12:00,FlowVolume,4702.39,,G
04/09/2020,00:13:00,PT Level,11.96,in,G
04/09/2020,00:13:00,Flow_cfs,12.25,,G
04/09/2020,00:13:00,FlowVolume,5437.39,,G
04/09/2020,00:14:00,PT Level,11.95,in,G
04/09/2020,00:14:00,Flow_cfs,12.23,,G
04/09/2020,00:14:00,FlowVolume,6170.89,,G
04/09/2020,00:15:00,PT Level,11.94,in,G
04/09/2020,00:15:00,Flow_cfs,12.20,,G
04/09/2020,00:15:00,Aliquot_Num,10,ali,G
04/09/2020,00:15:00,Curr_pacing,30000.00,,G
04/09/2020,00:15:00,FlowVolume,6902.89,,G
04/09/2020,00:16:00,PT Level,11.99,in,G
04/09/2020,00:16:00,Flow_cfs,12.32,,G
04/09/2020,00:16:00,FlowVolume,7642.39,,G
04/09/2020,00:17:00,PT Level,11.96,in,G
04/09/2020,00:17:00,Flow_cfs,12.25,,G
04/09/2020,00:17:00,FlowVolume,8377.39,,G
04/09/2020,00:18:00,PT Level,11.99,in,G
04/09/2020,00:18:00,Flow_cfs,12.32,,G
04/09/2020,00:18:00,FlowVolume,9116.89,,G
04/09/2020,00:19:00,PT Level,11.99,in,G
04/09/2020,00:19:00,Flow_cfs,12.32,,G
04/09/2020,00:19:00,FlowVolume,9856.39,,G
04/09/2020,00:20:00,PT Level,11.97,in,G
04/09/2020,00:20:00,Aliquot_Num,10,ali,G
04/09/2020,00:20:00,Flow_cfs,12.27,,G
04/09/2020,00:20:00,Curr_pacing,30000.00,,G
04/09/2020,00:20:00,FlowVolume,10592.89,,G
04/09/2020,00:21:00,PT Level,11.97,in,G
04/09/2020,00:21:00,Flow_cfs,12.27,,G
04/09/2020,00:21:00,FlowVolume,11329.39,,G
04/09/2020,00:22:00,PT Level,12.01,in,G
04/09/2020,00:22:00,Flow_cfs,12.38,,G
04/09/2020,00:22:00,FlowVolume,12071.89,,G
04/09/2020,00:23:00,PT Level,12.02,in,G
04/09/2020,00:23:00,Flow_cfs,12.40,,G
04/09/2020,00:23:00,FlowVolume,12815.89,,G
04/09/2020,00:24:00,PT Level,12.03,in,G
04/09/2020,00:24:00,Flow_cfs,12.43,,G
04/09/2020,00:24:00,FlowVolume,13561.39,,G
04/09/2020,00:25:00,PT Level,11.99,in,G
04/09/2020,00:25:00,Aliquot_Num,10,ali,G
04/09/2020,00:25:00,Flow_cfs,12.32,,G
04/09/2020,00:25:00,Curr_pacing,30000.00,,G
04/09/2020,00:25:00,FlowVolume,14300.89,,G
04/09/2020,00:26:00,PT Level,11.97,in,G
04/09/2020,00:26:00,Flow_cfs,12.27,,G
04/09/2020,00:26:00,FlowVolume,15037.39,,G
04/09/2020,00:27:00,PT Level,12.02,in,G
04/09/2020,00:27:00,Flow_cfs,12.40,,G
04/09/2020,00:27:00,FlowVolume,15781.39,,G
04/09/2020,00:28:00,PT Level,12.00,in,G
04/09/2020,00:28:00,Flow_cfs,12.35,,G
04/09/2020,00:28:00,FlowVolume,16522.39,,G
04/09/2020,00:29:00,PT Level,11.98,in,G
04/09/2020,00:29:00,Flow_cfs,12.30,,G
04/09/2020,00:29:00,FlowVolume,17260.39,,G
04/09/2020,00:30:00,PT Level,12.02,in,G
04/09/2020,00:30:00,Aliquot_Num,10,ali,G
04/09/2020,00:30:00,Flow_cfs,12.40,,G
04/09/2020,00:30:00,Curr_pacing,30000.00,,G
04/09/2020,00:30:00,FlowVolume,18004.39,,G
04/09/2020,00:31:00,PT Level,11.99,in,G
04/09/2020,00:31:00,Flow_cfs,12.32,,G
04/09/2020,00:31:00,FlowVolume,18743.89,,G
04/09/2020,00:32:00,PT Level,11.99,in,G
04/09/2020,00:32:00,Flow_cfs,12.32,,G
04/09/2020,00:32:00,FlowVolume,19483.39,,G
04/09/2020,00:33:00,PT Level,12.06,in,G
04/09/2020,00:33:00,Flow_cfs,12.50,,G
04/09/2020,00:33:00,FlowVolume,20233.39,,G
04/09/2020,00:34:00,PT Level,12.07,in,G
04/09/2020,00:34:00,Flow_cfs,12.53,,G
04/09/2020,00:34:00,FlowVolume,20984.97,,G
04/09/2020,00:35:00,PT Level,12.05,in,G
04/09/2020,00:35:00,Aliquot_Num,10,ali,G
04/09/2020,00:35:00,Flow_cfs,12.47,,G
04/09/2020,00:35:00,Curr_pacing,30000.00,,G
04/09/2020,00:35:00,FlowVolume,21733.47,,G
04/09/2020,00:36:00,PT Level,12.04,in,G
04/09/2020,00:36:00,Flow_cfs,12.45,,G
04/09/2020,00:36:00,FlowVolume,22480.47,,G
04/09/2020,00:37:00,PT Level,12.00,in,G
04/09/2020,00:37:00,Flow_cfs,12.35,,G
04/09/2020,00:37:00,FlowVolume,23221.47,,G
04/09/2020,00:38:00,PT Level,12.02,in,G
04/09/2020,00:38:00,Flow_cfs,12.40,,G
04/09/2020,00:38:00,FlowVolume,23965.47,,G
04/09/2020,00:39:00,PT Level,12.06,in,G
04/09/2020,00:39:00,Flow_cfs,12.50,,G
04/09/2020,00:39:00,FlowVolume,24715.47,,G
04/09/2020,00:40:00,PT Level,12.05,in,G
04/09/2020,00:40:00,Aliquot_Num,10,ali,G
04/09/2020,00:40:00,Flow_cfs,12.47,,G
04/09/2020,00:40:00,Curr_pacing,30000.00,,G
04/09/2020,00:40:00,FlowVolume,25463.97,,G
04/09/2020,00:41:00,PT Level,12.05,in,G
04/09/2020,00:41:00,Flow_cfs,12.47,,G
04/09/2020,00:41:00,FlowVolume,26212.47,,G
04/09/2020,00:42:00,PT Level,12.07,in,G
04/09/2020,00:42:00,Flow_cfs,12.53,,G
04/09/2020,00:42:00,FlowVolume,26964.05,,G
04/09/2020,00:43:00,PT Level,12.06,in,G
04/09/2020,00:43:00,Flow_cfs,12.50,,G
04/09/2020,00:43:00,FlowVolume,27714.05,,G
04/09/2020,00:44:00,PT Level,12.08,in,G
04/09/2020,00:44:00,Flow_cfs,12.55,,G
04/09/2020,00:44:00,FlowVolume,28467.20,,G
04/09/2020,00:45:00,PT Level,12.09,in,G
04/09/2020,00:45:00,Aliquot_Num,10,ali,G
04/09/2020,00:45:00,Flow_cfs,12.58,,G
04/09/2020,00:45:00,Curr_pacing,30000.00,,G
04/09/2020,00:45:00,FlowVolume,29221.94,,G
04/09/2020,00:46:00,PT Level,12.04,in,G
04/09/2020,00:46:00,Flow_cfs,12.45,,G
04/09/2020,00:46:00,FlowVolume,29968.94,,G
04/09/2020,00:47:00,PT Level,12.07,in,G
04/09/2020,00:47:00,Flow_cfs,12.53,,G
04/09/2020,00:47:00,Triggered S,11,,G
04/09/2020,00:47:00,VolumeTrig,30720.52,,G
04/09/2020,00:47:00,FlowVolume,720.52,,G
04/09/2020,00:48:00,PT Level,12.09,in,G
04/09/2020,00:48:00,Flow_cfs,12.58,,G
04/09/2020,00:48:00,FlowVolume,1475.26,,G
04/09/2020,00:49:00,PT Level,12.06,in,G
04/09/2020,00:49:00,Flow_cfs,12.50,,G
04/09/2020,00:49:00,FlowVolume,2225.26,,G
04/09/2020,00:50:00,PT Level,12.09,in,G
04/09/2020,00:50:00,Aliquot_Num,11,ali,G
04/09/2020,00:50:00,Flow_cfs,12.58,,G
04/09/2020,00:50:00,Curr_pacing,30000.00,,G
04/09/2020,00:50:00,FlowVolume,2979.99,,G
04/09/2020,00:51:00,PT Level,12.07,in,G
04/09/2020,00:51:00,Flow_cfs,12.53,,G
04/09/2020,00:51:00,FlowVolume,3731.57,,G
04/09/2020,00:52:00,PT Level,12.11,in,G
04/09/2020,00:52:00,Flow_cfs,12.63,,G
04/09/2020,00:52:00,FlowVolume,4489.47,,G
04/09/2020,00:53:00,PT Level,12.06,in,G
04/09/2020,00:53:00,Flow_cfs,12.50,,G
04/09/2020,00:53:00,FlowVolume,5239.47,,G
04/09/2020,00:54:00,PT Level,12.09,in,G
04/09/2020,00:54:00,Flow_cfs,12.58,,G
04/09/2020,00:54:00,FlowVolume,5994.20,,G
04/09/2020,00:55:00,PT Level,12.11,in,G
04/09/2020,00:55:00,Aliquot_Num,11,ali,G
04/09/2020,00:55:00,Flow_cfs,12.63,,G
04/09/2020,00:55:00,Curr_pacing,30000.00,,G
04/09/2020,00:55:00,FlowVolume,6752.10,,G
04/09/2020,00:56:00,PT Level,12.09,in,G
04/09/2020,00:56:00,Flow_cfs,12.58,,G
04/09/2020,00:56:00,FlowVolume,7506.84,,G
04/09/2020,00:57:00,PT Level,12.09,in,G
04/09/2020,00:57:00,Flow_cfs,12.58,,G
04/09/2020,00:57:00,FlowVolume,8261.57,,G
04/09/2020,00:58:00,PT Level,12.12,in,G
04/09/2020,00:58:00,Flow_cfs,12.66,,G
04/09/2020,00:58:00,FlowVolume,9021.05,,G
04/09/2020,00:59:00,PT Level,12.11,in,G
04/09/2020,00:59:00,Flow_cfs,12.63,,G
04/09/2020,00:59:00,FlowVolume,9778.94,,G
04/09/2020,01:00:00,PT Level,12.10,in,G
04/09/2020,01:00:00,Aliquot_Num,11,ali,G
04/09/2020,01:00:00,Flow_cfs,12.61,,G
04/09/2020,01:00:00,Curr_pacing,30000.00,,G
04/09/2020,01:00:00,FlowVolume,10535.26,,G
04/09/2020,01:01:00,PT Level,12.11,in,G
04/09/2020,01:01:00,Flow_cfs,12.63,,G
04/09/2020,01:01:00,FlowVolume,11293.15,,G
04/09/2020,01:02:00,PT Level,12.12,in,G
04/09/2020,01:02:00,Flow_cfs,12.66,,G
04/09/2020,01:02:00,FlowVolume,12052.63,,G
04/09/2020,01:03:00,PT Level,12.17,in,G
04/09/2020,01:03:00,Flow_cfs,12.79,,G
04/09/2020,01:03:00,FlowVolume,12819.99,,G
04/09/2020,01:04:00,PT Level,12.15,in,G
04/09/2020,01:04:00,Flow_cfs,12.74,,G
04/09/2020,01:04:00,FlowVolume,13584.20,,G
04/09/2020,01:05:00,PT Level,12.16,in,G
04/09/2020,01:05:00,Aliquot_Num,11,ali,G
04/09/2020,01:05:00,Flow_cfs,12.76,,G
04/09/2020,01:05:00,Curr_pacing,30000.00,,G
04/09/2020,01:05:00,FlowVolume,14349.99,,G
04/09/2020,01:06:00,PT Level,12.11,in,G
04/09/2020,01:06:00,Flow_cfs,12.63,,G
04/09/2020,01:06:00,FlowVolume,15107.89,,G
04/09/2020,01:07:00,PT Level,12.15,in,G
04/09/2020,01:07:00,Flow_cfs,12.74,,G
04/09/2020,01:07:00,FlowVolume,15872.10,,G
04/09/2020,01:08:00,PT Level,12.12,in,G
04/09/2020,01:08:00,Flow_cfs,12.66,,G
04/09/2020,01:08:00,FlowVolume,16631.57,,G
04/09/2020,01:09:00,PT Level,12.14,in,G
04/09/2020,01:09:00,Flow_cfs,12.71,,G
04/09/2020,01:09:00,FlowVolume,17394.20,,G
04/09/2020,01:10:00,PT Level,12.14,in,G
04/09/2020,01:10:00,Aliquot_Num,11,ali,G
04/09/2020,01:10:00,Flow_cfs,12.71,,G
04/09/2020,01:10:00,Curr_pacing,30000.00,,G
04/09/2020,01:10:00,FlowVolume,18156.84,,G
04/09/2020,01:11:00,PT Level,12.18,in,G
04/09/2020,01:11:00,Flow_cfs,12.82,,G
04/09/2020,01:11:00,FlowVolume,18925.78,,G
04/09/2020,01:12:00,PT Level,12.16,in,G
04/09/2020,01:12:00,Flow_cfs,12.76,,G
04/09/2020,01:12:00,FlowVolume,19691.57,,G
04/09/2020,01:13:00,PT Level,12.17,in,G
04/09/2020,01:13:00,Flow_cfs,12.79,,G
04/09/2020,01:13:00,FlowVolume,20458.94,,G
04/09/2020,01:14:00,PT Level,12.17,in,G
04/09/2020,01:14:00,Flow_cfs,12.79,,G
04/09/2020,01:14:00,FlowVolume,21226.31,,G
04/09/2020,01:15:00,PT Level,12.15,in,G
04/09/2020,01:15:00,Aliquot_Num,11,ali,G
04/09/2020,01:15:00,Flow_cfs,12.74,,G
04/09/2020,01:15:00,Curr_pacing,30000.00,,G
04/09/2020,01:15:00,FlowVolume,21990.52,,G
04/09/2020,01:16:00,PT Level,12.17,in,G
04/09/2020,01:16:00,Flow_cfs,12.79,,G
04/09/2020,01:16:00,FlowVolume,22757.89,,G
04/09/2020,01:17:00,PT Level,12.15,in,G
04/09/2020,01:17:00,Flow_cfs,12.74,,G
04/09/2020,01:17:00,FlowVolume,23522.10,,G
04/09/2020,01:18:00,PT Level,12.20,in,G
04/09/2020,01:18:00,Flow_cfs,12.87,,G
04/09/2020,01:18:00,FlowVolume,24294.20,,G
04/09/2020,01:19:00,PT Level,12.19,in,G
04/09/2020,01:19:00,Flow_cfs,12.84,,G
04/09/2020,01:19:00,FlowVolume,25064.73,,G
04/09/2020,01:20:00,PT Level,12.15,in,G
04/09/2020,01:20:00,Aliquot_Num,11,ali,G
04/09/2020,01:20:00,Flow_cfs,12.74,,G
04/09/2020,01:20:00,Curr_pacing,30000.00,,G
04/09/2020,01:20:00,FlowVolume,25828.94,,G
04/09/2020,01:21:00,PT Level,12.20,in,G
04/09/2020,01:21:00,Flow_cfs,12.87,,G
04/09/2020,01:21:00,FlowVolume,26601.05,,G
04/09/2020,01:22:00,PT Level,12.18,in,G
04/09/2020,01:22:00,Flow_cfs,12.82,,G
04/09/2020,01:22:00,FlowVolume,27369.99,,G
04/09/2020,01:23:00,PT Level,12.22,in,G
04/09/2020,01:23:00,Flow_cfs,12.92,,G
04/09/2020,01:23:00,FlowVolume,28145.26,,G
04/09/2020,01:24:00,PT Level,12.23,in,G
04/09/2020,01:24:00,Flow_cfs,12.95,,G
04/09/2020,01:24:00,FlowVolume,28922.10,,G
04/09/2020,01:25:00,PT Level,12.22,in,G
04/09/2020,01:25:00,Aliquot_Num,11,ali,G
04/09/2020,01:25:00,Flow_cfs,12.92,,G
04/09/2020,01:25:00,Curr_pacing,30000.00,,G
04/09/2020,01:25:00,FlowVolume,29697.36,,G
04/09/2020,01:26:00,PT Level,12.17,in,G
04/09/2020,01:26:00,Flow_cfs,12.79,,G
04/09/2020,01:26:00,Triggered S,12,,G
04/09/2020,01:26:00,VolumeTrig,30464.73,,G
04/09/2020,01:26:00,FlowVolume,464.73,,G
04/09/2020,01:27:00,PT Level,12.19,in,G
04/09/2020,01:27:00,Flow_cfs,12.84,,G
04/09/2020,01:27:00,FlowVolume,1235.26,,G
04/09/2020,01:28:00,PT Level,12.20,in,G
04/09/2020,01:28:00,Flow_cfs,12.87,,G
04/09/2020,01:28:00,FlowVolume,2007.36,,G
04/09/2020,01:29:00,PT Level,12.23,in,G
04/09/2020,01:29:00,Flow_cfs,12.95,,G
04/09/2020,01:29:00,FlowVolume,2784.20,,G
04/09/2020,01:30:00,PT Level,12.20,in,G
04/09/2020,01:30:00,Aliquot_Num,12,ali,G
04/09/2020,01:30:00,Flow_cfs,12.87,,G
04/09/2020,01:30:00,Curr_pacing,30000.00,,G
04/09/2020,01:30:00,FlowVolume,3556.31,,G
04/09/2020,01:31:00,PT Level,12.20,in,G
04/09/2020,01:31:00,Flow_cfs,12.87,,G
04/09/2020,01:31:00,FlowVolume,4328.42,,G
04/09/2020,01:32:00,PT Level,12.23,in,G
04/09/2020,01:32:00,Flow_cfs,12.95,,G
04/09/2020,01:32:00,FlowVolume,5105.26,,G
04/09/2020,01:33:00,PT Level,12.23,in,G
04/09/2020,01:33:00,Flow_cfs,12.95,,G
04/09/2020,01:33:00,FlowVolume,5882.10,,G
04/09/2020,01:34:00,PT Level,12.20,in,G
04/09/2020,01:34:00,Flow_cfs,12.87,,G
04/09/2020,01:34:00,FlowVolume,6654.20,,G
04/09/2020,01:35:00,PT Level,12.25,in,G
04/09/2020,01:35:00,Aliquot_Num,12,ali,G
04/09/2020,01:35:00,Flow_cfs,13.00,,G
04/09/2020,01:35:00,Curr_pacing,30000.00,,G
04/09/2020,01:35:00,FlowVolume,7434.20,,G
04/09/2020,01:36:00,PT Level,12.21,in,G
04/09/2020,01:36:00,Flow_cfs,12.89,,G
04/09/2020,01:36:00,FlowVolume,8207.89,,G
04/09/2020,01:37:00,PT Level,12.25,in,G
04/09/2020,01:37:00,Flow_cfs,13.00,,G
04/09/2020,01:37:00,FlowVolume,8987.89,,G
04/09/2020,01:38:00,PT Level,12.23,in,G
04/09/2020,01:38:00,Flow_cfs,12.95,,G
04/09/2020,01:38:00,FlowVolume,9764.73,,G
04/09/2020,01:39:00,PT Level,12.24,in,G
04/09/2020,01:39:00,Flow_cfs,12.97,,G
04/09/2020,01:39:00,FlowVolume,10543.15,,G
04/09/2020,01:40:00,PT Level,12.25,in,G
04/09/2020,01:40:00,Aliquot_Num,12,ali,G
04/09/2020,01:40:00,Flow_cfs,13.00,,G
04/09/2020,01:40:00,Curr_pacing,30000.00,,G
04/09/2020,01:40:00,FlowVolume,11323.15,,G
04/09/2020,01:41:00,PT Level,12.26,in,G
04/09/2020,01:41:00,Flow_cfs,13.03,,G
04/09/2020,01:41:00,FlowVolume,12104.73,,G
04/09/2020,01:42:00,PT Level,12.26,in,G
04/09/2020,01:42:00,Flow_cfs,13.03,,G
04/09/2020,01:42:00,FlowVolume,12886.31,,G
04/09/2020,01:43:00,PT Level,12.29,in,G
04/09/2020,01:43:00,Flow_cfs,13.11,,G
04/09/2020,01:43:00,FlowVolume,13672.63,,G
04/09/2020,01:44:00,PT Level,12.28,in,G
04/09/2020,01:44:00,Flow_cfs,13.08,,G
04/09/2020,01:44:00,FlowVolume,14457.36,,G
04/09/2020,01:45:00,PT Level,12.26,in,G
04/09/2020,01:45:00,Aliquot_Num,12,ali,G
04/09/2020,01:45:00,Flow_cfs,13.03,,G
04/09/2020,01:45:00,Curr_pacing,30000.00,,G
04/09/2020,01:45:00,FlowVolume,15238.94,,G
04/09/2020,01:46:00,PT Level,12.26,in,G
04/09/2020,01:46:00,Flow_cfs,13.03,,G
04/09/2020,01:46:00,FlowVolume,16020.52,,G
04/09/2020,01:47:00,PT Level,12.27,in,G
04/09/2020,01:47:00,Flow_cfs,13.05,,G
04/09/2020,01:47:00,FlowVolume,16803.68,,G
04/09/2020,01:48:00,PT Level,12.26,in,G
04/09/2020,01:48:00,Flow_cfs,13.03,,G
04/09/2020,01:48:00,FlowVolume,17585.26,,G
04/09/2020,01:49:00,PT Level,12.31,in,G
04/09/2020,01:49:00,Flow_cfs,13.16,,G
04/09/2020,01:49:00,FlowVolume,18374.73,,G
04/09/2020,01:50:00,PT Level,12.28,in,G
04/09/2020,01:50:00,Aliquot_Num,12,ali,G
04/09/2020,01:50:00,Flow_cfs,13.08,,G
04/09/2020,01:50:00,Curr_pacing,30000.00,,G
04/09/2020,01:50:00,FlowVolume,19159.47,,G
04/09/2020,01:51:00,PT Level,12.29,in,G
04/09/2020,01:51:00,Flow_cfs,13.11,,G
04/09/2020,01:51:00,FlowVolume,19945.78,,G
04/09/2020,01:52:00,PT Level,12.28,in,G
04/09/2020,01:52:00,Flow_cfs,13.08,,G
04/09/2020,01:52:00,FlowVolume,20730.52,,G
04/09/2020,01:53:00,PT Level,12.29,in,G
04/09/2020,01:53:00,Flow_cfs,13.11,,G
04/09/2020,01:53:00,FlowVolume,21516.84,,G
04/09/2020,01:54:00,PT Level,12.27,in,G
04/09/2020,01:54:00,Flow_cfs,13.05,,G
04/09/2020,01:54:00,FlowVolume,22299.99,,G
04/09/2020,01:55:00,PT Level,12.30,in,G
04/09/2020,01:55:00,Aliquot_Num,12,ali,G
04/09/2020,01:55:00,Flow_cfs,13.13,,G
04/09/2020,01:55:00,Curr_pacing,30000.00,,G
04/09/2020,01:55:00,FlowVolume,23087.89,,G
04/09/2020,01:56:00,PT Level,12.30,in,G
04/09/2020,01:56:00,Flow_cfs,13.13,,G
04/09/2020,01:56:00,FlowVolume,23875.78,,G
04/09/2020,01:57:00,PT Level,12.34,in,G
04/09/2020,01:57:00,Flow_cfs,13.24,,G
04/09/2020,01:57:00,FlowVolume,24669.99,,G
04/09/2020,01:58:00,PT Level,12.29,in,G
04/09/2020,01:58:00,Flow_cfs,13.11,,G
04/09/2020,01:58:00,FlowVolume,25456.31,,G
04/09/2020,01:59:00,PT Level,12.32,in,G
04/09/2020,01:59:00,Flow_cfs,13.18,,G
04/09/2020,01:59:00,FlowVolume,26247.36,,G
04/09/2020,02:00:00,PT Level,12.34,in,G
04/09/2020,02:00:00,Aliquot_Num,12,ali,G
04/09/2020,02:00:00,Flow_cfs,13.24,,G
04/09/2020,02:00:00,Curr_pacing,30000.00,,G
04/09/2020,02:00:00,FlowVolume,27041.57,,G
04/09/2020,02:01:00,PT Level,12.35,in,G
04/09/2020,02:01:00,Flow_cfs,13.26,,G
04/09/2020,02:01:00,FlowVolume,27837.36,,G
04/09/2020,02:02:00,PT Level,12.38,in,G
04/09/2020,02:02:00,Flow_cfs,13.34,,G
04/09/2020,02:02:00,FlowVolume,28637.89,,G
04/09/2020,02:03:00,PT Level,12.37,in,G
04/09/2020,02:03:00,Flow_cfs,13.32,,G
04/09/2020,02:03:00,FlowVolume,29436.84,,G
04/09/2020,02:04:00,PT Level,12.37,in,G
04/09/2020,02:04:00,Flow_cfs,13.32,,G
04/09/2020,02:04:00,Triggered S,13,,G
04/09/2020,02:04:00,VolumeTrig,30235.78,,G
04/09/2020,02:04:00,FlowVolume,235.78,,G
04/09/2020,02:05:00,PT Level,12.38,in,G
04/09/2020,02:05:00,Aliquot_Num,13,ali,G
04/09/2020,02:05:00,Flow_cfs,13.34,,G
04/09/2020,02:05:00,Curr_pacing,30000.00,,G
04/09/2020,02:05:00,FlowVolume,1036.31,,G
04/09/2020,02:06:00,PT Level,12.38,in,G
04/09/2020,02:06:00,Flow_cfs,13.34,,G
04/09/2020,02:06:00,FlowVolume,1836.84,,G
04/09/2020,02:07:00,PT Level,12.42,in,G
04/09/2020,02:07:00,Flow_cfs,13.45,,G
04/09/2020,02:07:00,FlowVolume,2643.68,,G
04/09/2020,02:08:00,PT Level,12.37,in,G
04/09/2020,02:08:00,Flow_cfs,13.32,,G
04/09/2020,02:08:00,FlowVolume,3442.63,,G
04/09/2020,02:09:00,PT Level,12.41,in,G
04/09/2020,02:09:00,Flow_cfs,13.42,,G
04/09/2020,02:09:00,FlowVolume,4247.89,,G
04/09/2020,02:10:00,PT Level,12.40,in,G
04/09/2020,02:10:00,Aliquot_Num,13,ali,G
04/09/2020,02:10:00,Flow_cfs,13.39,,G
04/09/2020,02:10:00,Curr_pacing,30000.00,,G
04/09/2020,02:10:00,FlowVolume,5051.57,,G
04/09/2020,02:11:00,PT Level,12.40,in,G
04/09/2020,02:11:00,Flow_cfs,13.39,,G
04/09/2020,02:11:00,FlowVolume,5855.26,,G
04/09/2020,02:12:00,PT Level,12.41,in,G
04/09/2020,02:12:00,Flow_cfs,13.42,,G
04/09/2020,02:12:00,FlowVolume,6660.52,,G
04/09/2020,02:13:00,PT Level,12.43,in,G
04/09/2020,02:13:00,Flow_cfs,13.47,,G
04/09/2020,02:13:00,FlowVolume,7468.94,,G
04/09/2020,02:14:00,PT Level,12.42,in,G
04/09/2020,02:14:00,Flow_cfs,13.45,,G
04/09/2020,02:14:00,FlowVolume,8275.78,,G
04/09/2020,02:15:00,PT Level,12.43,in,G
04/09/2020,02:15:00,Aliquot_Num,13,ali,G
04/09/2020,02:15:00,Flow_cfs,13.47,,G
04/09/2020,02:15:00,Curr_pacing,30000.00,,G
04/09/2020,02:15:00,FlowVolume,9084.21,,G
04/09/2020,02:16:00,PT Level,12.42,in,G
04/09/2020,02:16:00,Flow_cfs,13.45,,G
04/09/2020,02:16:00,FlowVolume,9891.05,,G
04/09/2020,02:17:00,PT Level,12.44,in,G
04/09/2020,02:17:00,Flow_cfs,13.50,,G
04/09/2020,02:17:00,FlowVolume,10701.05,,G
04/09/2020,02:18:00,PT Level,12.45,in,G
04/09/2020,02:18:00,Flow_cfs,13.53,,G
04/09/2020,02:18:00,FlowVolume,11512.71,,G
04/09/2020,02:19:00,PT Level,12.46,in,G
04/09/2020,02:19:00,Flow_cfs,13.56,,G
04/09/2020,02:19:00,FlowVolume,12326.05,,G
04/09/2020,02:20:00,PT Level,12.46,in,G
04/09/2020,02:20:00,Aliquot_Num,13,ali,G
04/09/2020,02:20:00,Flow_cfs,13.56,,G
04/09/2020,02:20:00,Curr_pacing,30000.00,,G
04/09/2020,02:20:00,FlowVolume,13139.38,,G
04/09/2020,02:21:00,PT Level,12.48,in,G
04/09/2020,02:21:00,Flow_cfs,13.61,,G
04/09/2020,02:21:00,FlowVolume,13956.05,,G
04/09/2020,02:22:00,PT Level,12.48,in,G
04/09/2020,02:22:00,Flow_cfs,13.61,,G
04/09/2020,02:22:00,FlowVolume,14772.71,,G
04/09/2020,02:23:00,PT Level,12.48,in,G
04/09/2020,02:23:00,Flow_cfs,13.61,,G
04/09/2020,02:23:00,FlowVolume,15589.38,,G
04/09/2020,02:24:00,PT Level,12.48,in,G
04/09/2020,02:24:00,Flow_cfs,13.61,,G
04/09/2020,02:24:00,FlowVolume,16406.05,,G
04/09/2020,02:25:00,PT Level,12.47,in,G
04/09/2020,02:25:00,Aliquot_Num,13,ali,G
04/09/2020,02:25:00,Flow_cfs,13.58,,G
04/09/2020,02:25:00,Curr_pacing,30000.00,,G
04/09/2020,02:25:00,FlowVolume,17221.05,,G
04/09/2020,02:26:00,PT Level,12.51,in,G
04/09/2020,02:26:00,Flow_cfs,13.69,,G
04/09/2020,02:26:00,FlowVolume,18042.71,,G
04/09/2020,02:27:00,PT Level,12.51,in,G
04/09/2020,02:27:00,Flow_cfs,13.69,,G
04/09/2020,02:27:00,FlowVolume,18864.38,,G
04/09/2020,02:28:00,PT Level,12.52,in,G
04/09/2020,02:28:00,Flow_cfs,13.72,,G
04/09/2020,02:28:00,FlowVolume,19687.71,,G
04/09/2020,02:29:00,PT Level,12.56,in,G
04/09/2020,02:29:00,Flow_cfs,13.83,,G
04/09/2020,02:29:00,FlowVolume,20517.71,,G
04/09/2020,02:30:00,PT Level,12.52,in,G
04/09/2020,02:30:00,Aliquot_Num,13,ali,G
04/09/2020,02:30:00,Flow_cfs,13.72,,G
04/09/2020,02:30:00,Curr_pacing,30000.00,,G
04/09/2020,02:30:00,FlowVolume,21341.05,,G
04/09/2020,02:31:00,PT Level,12.55,in,G
04/09/2020,02:31:00,Flow_cfs,13.81,,G
04/09/2020,02:31:00,FlowVolume,22169.38,,G
04/09/2020,02:32:00,PT Level,12.54,in,G
04/09/2020,02:32:00,Flow_cfs,13.78,,G
04/09/2020,02:32:00,FlowVolume,22996.05,,G
04/09/2020,02:33:00,PT Level,12.54,in,G
04/09/2020,02:33:00,Flow_cfs,13.78,,G
04/09/2020,02:33:00,FlowVolume,23822.71,,G
04/09/2020,02:34:00,PT Level,12.53,in,G
04/09/2020,02:34:00,Flow_cfs,13.75,,G
04/09/2020,02:34:00,FlowVolume,24647.71,,G
04/09/2020,02:35:00,PT Level,12.56,in,G
04/09/2020,02:35:00,Aliquot_Num,13,ali,G
04/09/2020,02:35:00,Flow_cfs,13.83,,G
04/09/2020,02:35:00,Curr_pacing,30000.00,,G
04/09/2020,02:35:00,FlowVolume,25477.71,,G
04/09/2020,02:36:00,PT Level,12.58,in,G
04/09/2020,02:36:00,Flow_cfs,13.89,,G
04/09/2020,02:36:00,FlowVolume,26311.05,,G
04/09/2020,02:37:00,PT Level,12.53,in,G
04/09/2020,02:37:00,Flow_cfs,13.75,,G
04/09/2020,02:37:00,FlowVolume,27136.05,,G
04/09/2020,02:38:00,PT Level,12.53,in,G
04/09/2020,02:38:00,Flow_cfs,13.75,,G
04/09/2020,02:38:00,FlowVolume,27961.05,,G
04/09/2020,02:39:00,PT Level,12.58,in,G
04/09/2020,02:39:00,Flow_cfs,13.89,,G
04/09/2020,02:39:00,FlowVolume,28794.38,,G
04/09/2020,02:40:00,PT Level,12.58,in,G
04/09/2020,02:40:00,Aliquot_Num,13,ali,G
04/09/2020,02:40:00,Flow_cfs,13.89,,G
04/09/2020,02:40:00,Curr_pacing,30000.00,,G
04/09/2020,02:40:00,FlowVolume,29627.71,,G
04/09/2020,02:41:00,PT Level,12.57,in,G
04/09/2020,02:41:00,Flow_cfs,13.86,,G
04/09/2020,02:41:00,Triggered S,14,,G
04/09/2020,02:41:00,VolumeTrig,30459.38,,G
04/09/2020,02:41:00,FlowVolume,459.38,,G
04/09/2020,02:42:00,PT Level,12.60,in,G
04/09/2020,02:42:00,Flow_cfs,13.94,,G
04/09/2020,02:42:00,FlowVolume,1296.05,,G
04/09/2020,02:43:00,PT Level,12.59,in,G
04/09/2020,02:43:00,Flow_cfs,13.92,,G
04/09/2020,02:43:00,FlowVolume,2131.05,,G
04/09/2020,02:44:00,PT Level,12.62,in,G
04/09/2020,02:44:00,Flow_cfs,14.00,,G
04/09/2020,02:44:00,FlowVolume,2971.05,,G
04/09/2020,02:45:00,PT Level,12.60,in,G
04/09/2020,02:45:00,Aliquot_Num,14,ali,G
04/09/2020,02:45:00,Flow_cfs,13.94,,G
04/09/2020,02:45:00,Curr_pacing,30000.00,,G
04/09/2020,02:45:00,FlowVolume,3807.71,,G
04/09/2020,02:46:00,PT Level,12.60,in,G
04/09/2020,02:46:00,Flow_cfs,13.94,,G
04/09/2020,02:46:00,FlowVolume,4644.38,,G
04/09/2020,02:47:00,PT Level,12.62,in,G
04/09/2020,02:47:00,Flow_cfs,14.00,,G
04/09/2020,02:47:00,FlowVolume,5484.38,,G
04/09/2020,02:48:00,PT Level,12.68,in,G
04/09/2020,02:48:00,Flow_cfs,14.16,,G
04/09/2020,02:48:00,FlowVolume,6333.85,,G
04/09/2020,02:49:00,PT Level,12.65,in,G
04/09/2020,02:49:00,Flow_cfs,14.08,,G
04/09/2020,02:49:00,FlowVolume,7178.59,,G
04/09/2020,02:50:00,PT Level,12.66,in,G
04/09/2020,02:50:00,Aliquot_Num,14,ali,G
04/09/2020,02:50:00,Flow_cfs,14.11,,G
04/09/2020,02:50:00,Curr_pacing,30000.00,,G
04/09/2020,02:50:00,FlowVolume,8024.91,,G
04/09/2020,02:51:00,PT Level,12.65,in,G
04/09/2020,02:51:00,Flow_cfs,14.08,,G
04/09/2020,02:51:00,FlowVolume,8869.64,,G
04/09/2020,02:52:00,PT Level,12.67,in,G
04/09/2020,02:52:00,Flow_cfs,14.13,,G
04/09/2020,02:52:00,FlowVolume,9717.54,,G
04/09/2020,02:53:00,PT Level,12.67,in,G
04/09/2020,02:53:00,Flow_cfs,14.13,,G
04/09/2020,02:53:00,FlowVolume,10565.43,,G
04/09/2020,02:54:00,PT Level,12.70,in,G
04/09/2020,02:54:00,Flow_cfs,14.21,,G
04/09/2020,02:54:00,FlowVolume,11418.07,,G
04/09/2020,02:55:00,PT Level,12.70,in,G
04/09/2020,02:55:00,Aliquot_Num,14,ali,G
04/09/2020,02:55:00,Flow_cfs,14.21,,G
04/09/2020,02:55:00,Curr_pacing,30000.00,,G
04/09/2020,02:55:00,FlowVolume,12270.70,,G
04/09/2020,02:56:00,PT Level,12.70,in,G
04/09/2020,02:56:00,Flow_cfs,14.21,,G
04/09/2020,02:56:00,FlowVolume,13123.33,,G
04/09/2020,02:57:00,PT Level,12.72,in,G
04/09/2020,02:57:00,Flow_cfs,14.26,,G
04/09/2020,02:57:00,FlowVolume,13979.12,,G
04/09/2020,02:58:00,PT Level,12.73,in,G
04/09/2020,02:58:00,Flow_cfs,14.29,,G
04/09/2020,02:58:00,FlowVolume,14836.49,,G
04/09/2020,02:59:00,PT Level,12.73,in,G
04/09/2020,02:59:00,Flow_cfs,14.29,,G
04/09/2020,02:59:00,FlowVolume,15693.85,,G
04/09/2020,03:00:00,PT Level,12.73,in,G
04/09/2020,03:00:00,Aliquot_Num,14,ali,G
04/09/2020,03:00:00,Flow_cfs,14.29,,G
04/09/2020,03:00:00,Curr_pacing,30000.00,,G
04/09/2020,03:00:00,FlowVolume,16551.22,,G
04/09/2020,03:01:00,PT Level,12.78,in,G
04/09/2020,03:01:00,Flow_cfs,14.42,,G
04/09/2020,03:01:00,FlowVolume,17416.49,,G
04/09/2020,03:02:00,PT Level,12.77,in,G
04/09/2020,03:02:00,Flow_cfs,14.39,,G
04/09/2020,03:02:00,FlowVolume,18280.17,,G
04/09/2020,03:03:00,PT Level,12.76,in,G
04/09/2020,03:03:00,Flow_cfs,14.37,,G
04/09/2020,03:03:00,FlowVolume,19142.28,,G
04/09/2020,03:04:00,PT Level,12.78,in,G
04/09/2020,03:04:00,Flow_cfs,14.42,,G
04/09/2020,03:04:00,FlowVolume,20007.54,,G
04/09/2020,03:05:00,PT Level,12.82,in,G
04/09/2020,03:05:00,Aliquot_Num,14,ali,G
04/09/2020,03:05:00,Flow_cfs,14.53,,G
04/09/2020,03:05:00,Curr_pacing,30000.00,,G
04/09/2020,03:05:00,FlowVolume,20879.54,,G
04/09/2020,03:06:00,PT Level,12.80,in,G
04/09/2020,03:06:00,Flow_cfs,14.47,,G
04/09/2020,03:06:00,FlowVolume,21747.96,,G
04/09/2020,03:07:00,PT Level,12.81,in,G
04/09/2020,03:07:00,Flow_cfs,14.50,,G
04/09/2020,03:07:00,FlowVolume,22617.96,,G
04/09/2020,03:08:00,PT Level,12.83,in,G
04/09/2020,03:08:00,Flow_cfs,14.57,,G
04/09/2020,03:08:00,FlowVolume,23491.96,,G
04/09/2020,03:09:00,PT Level,12.82,in,G
04/09/2020,03:09:00,Flow_cfs,14.53,,G
04/09/2020,03:09:00,FlowVolume,24363.96,,G
04/09/2020,03:10:00,PT Level,12.86,in,G
04/09/2020,03:10:00,Aliquot_Num,14,ali,G
04/09/2020,03:10:00,Flow_cfs,14.67,,G
04/09/2020,03:10:00,Curr_pacing,30000.00,,G
04/09/2020,03:10:00,FlowVolume,25243.96,,G
04/09/2020,03:11:00,PT Level,12.85,in,G
04/09/2020,03:11:00,Flow_cfs,14.63,,G
04/09/2020,03:11:00,FlowVolume,26121.96,,G
04/09/2020,03:12:00,PT Level,12.85,in,G
04/09/2020,03:12:00,Flow_cfs,14.63,,G
04/09/2020,03:12:00,FlowVolume,26999.96,,G
04/09/2020,03:13:00,PT Level,12.89,in,G
04/09/2020,03:13:00,Flow_cfs,14.77,,G
04/09/2020,03:13:00,FlowVolume,27885.96,,G
04/09/2020,03:14:00,PT Level,12.86,in,G
04/09/2020,03:14:00,Flow_cfs,14.67,,G
04/09/2020,03:14:00,FlowVolume,28765.96,,G
04/09/2020,03:15:00,PT Level,12.92,in,G
04/09/2020,03:15:00,Aliquot_Num,14,ali,G
04/09/2020,03:15:00,Flow_cfs,14.87,,G
04/09/2020,03:15:00,Curr_pacing,30000.00,,G
04/09/2020,03:15:00,FlowVolume,29657.96,,G
04/09/2020,03:16:00,PT Level,12.93,in,G
04/09/2020,03:16:00,Flow_cfs,14.90,,G
04/09/2020,03:16:00,Triggered S,15,,G
04/09/2020,03:16:00,VolumeTrig,30551.96,,G
04/09/2020,03:16:00,FlowVolume,551.96,,G
04/09/2020,03:17:00,PT Level,12.93,in,G
04/09/2020,03:17:00,Flow_cfs,14.90,,G
04/09/2020,03:17:00,FlowVolume,1445.96,,G
04/09/2020,03:18:00,PT Level,12.97,in,G
04/09/2020,03:18:00,Flow_cfs,15.03,,G
04/09/2020,03:18:00,FlowVolume,2347.84,,G
04/09/2020,03:19:00,PT Level,12.96,in,G
04/09/2020,03:19:00,Flow_cfs,15.00,,G
04/09/2020,03:19:00,FlowVolume,3247.84,,G
04/09/2020,03:20:00,PT Level,12.96,in,G
04/09/2020,03:20:00,Aliquot_Num,15,ali,G
04/09/2020,03:20:00,Flow_cfs,15.00,,G
04/09/2020,03:20:00,Curr_pacing,30000.00,,G
04/09/2020,03:20:00,FlowVolume,4147.83,,G
04/09/2020,03:21:00,PT Level,12.99,in,G
04/09/2020,03:21:00,Flow_cfs,15.09,,G
04/09/2020,03:21:00,FlowVolume,5053.46,,G
04/09/2020,03:22:00,PT Level,13.01,in,G
04/09/2020,03:22:00,Flow_cfs,15.16,,G
04/09/2020,03:22:00,FlowVolume,5962.83,,G
04/09/2020,03:23:00,PT Level,12.98,in,G
04/09/2020,03:23:00,Flow_cfs,15.06,,G
04/09/2020,03:23:00,FlowVolume,6866.58,,G
04/09/2020,03:24:00,PT Level,13.01,in,G
04/09/2020,03:24:00,Flow_cfs,15.16,,G
04/09/2020,03:24:00,FlowVolume,7775.96,,G
04/09/2020,03:25:00,PT Level,13.05,in,G
04/09/2020,03:25:00,Aliquot_Num,15,ali,G
04/09/2020,03:25:00,Flow_cfs,15.28,,G
04/09/2020,03:25:00,Curr_pacing,30000.00,,G
04/09/2020,03:25:00,FlowVolume,8692.83,,G
04/09/2020,03:26:00,PT Level,13.05,in,G
04/09/2020,03:26:00,Flow_cfs,15.28,,G
04/09/2020,03:26:00,FlowVolume,9609.71,,G
04/09/2020,03:27:00,PT Level,13.06,in,G
04/09/2020,03:27:00,Flow_cfs,15.31,,G
04/09/2020,03:27:00,FlowVolume,10528.46,,G
04/09/2020,03:28:00,PT Level,13.07,in,G
04/09/2020,03:28:00,Flow_cfs,15.34,,G
04/09/2020,03:28:00,FlowVolume,11449.08,,G
04/09/2020,03:29:00,PT Level,13.07,in,G
04/09/2020,03:29:00,Flow_cfs,15.34,,G
04/09/2020,03:29:00,FlowVolume,12369.71,,G
04/09/2020,03:30:00,PT Level,13.11,in,G
04/09/2020,03:30:00,Aliquot_Num,15,ali,G
04/09/2020,03:30:00,Flow_cfs,15.47,,G
04/09/2020,03:30:00,Curr_pacing,30000.00,,G
04/09/2020,03:30:00,FlowVolume,13297.83,,G
04/09/2020,03:31:00,PT Level,13.10,in,G
04/09/2020,03:31:00,Flow_cfs,15.44,,G
04/09/2020,03:31:00,FlowVolume,14224.08,,G
04/09/2020,03:32:00,PT Level,13.16,in,G
04/09/2020,03:32:00,Flow_cfs,15.62,,G
04/09/2020,03:32:00,FlowVolume,15161.58,,G
04/09/2020,03:33:00,PT Level,13.15,in,G
04/09/2020,03:33:00,Flow_cfs,15.59,,G
04/09/2020,03:33:00,FlowVolume,16097.21,,G
04/09/2020,03:34:00,PT Level,13.16,in,G
04/09/2020,03:34:00,Flow_cfs,15.62,,G
04/09/2020,03:34:00,FlowVolume,17034.71,,G
04/09/2020,03:35:00,PT Level,13.19,in,G
04/09/2020,03:35:00,Aliquot_Num,15,ali,G
04/09/2020,03:35:00,Flow_cfs,15.72,,G
04/09/2020,03:35:00,Curr_pacing,30000.00,,G
04/09/2020,03:35:00,FlowVolume,17977.83,,G
04/09/2020,03:36:00,PT Level,13.17,in,G
04/09/2020,03:36:00,Flow_cfs,15.66,,G
04/09/2020,03:36:00,FlowVolume,18917.21,,G
04/09/2020,03:37:00,PT Level,13.17,in,G
04/09/2020,03:37:00,Flow_cfs,15.66,,G
04/09/2020,03:37:00,FlowVolume,19856.58,,G
04/09/2020,03:38:00,PT Level,13.19,in,G
04/09/2020,03:38:00,Flow_cfs,15.72,,G
04/09/2020,03:38:00,FlowVolume,20799.71,,G
04/09/2020,03:39:00,PT Level,13.25,in,G
04/09/2020,03:39:00,Flow_cfs,15.91,,G
04/09/2020,03:39:00,FlowVolume,21754.08,,G
04/09/2020,03:40:00,PT Level,13.24,in,G
04/09/2020,03:40:00,Aliquot_Num,15,ali,G
04/09/2020,03:40:00,Flow_cfs,15.87,,G
04/09/2020,03:40:00,Curr_pacing,30000.00,,G
04/09/2020,03:40:00,FlowVolume,22706.58,,G
04/09/2020,03:41:00,PT Level,13.27,in,G
04/09/2020,03:41:00,Flow_cfs,15.97,,G
04/09/2020,03:41:00,FlowVolume,23664.71,,G
04/09/2020,03:42:00,PT Level,13.26,in,G
04/09/2020,03:42:00,Flow_cfs,15.94,,G
04/09/2020,03:42:00,FlowVolume,24620.96,,G
04/09/2020,03:43:00,PT Level,13.28,in,G
04/09/2020,03:43:00,Flow_cfs,16.00,,G
04/09/2020,03:43:00,FlowVolume,25580.96,,G
04/09/2020,03:44:00,PT Level,13.28,in,G
04/09/2020,03:44:00,Flow_cfs,16.00,,G
04/09/2020,03:44:00,FlowVolume,26540.96,,G
04/09/2020,03:45:00,PT Level,13.31,in,G
04/09/2020,03:45:00,Aliquot_Num,15,ali,G
04/09/2020,03:45:00,Flow_cfs,16.08,,G
04/09/2020,03:45:00,Curr_pacing,30000.00,,G
04/09/2020,03:45:00,FlowVolume,27505.96,,G
04/09/2020,03:46:00,PT Level,13.36,in,G
04/09/2020,03:46:00,Flow_cfs,16.22,,G
04/09/2020,03:46:00,FlowVolume,28479.29,,G
04/09/2020,03:47:00,PT Level,13.33,in,G
04/09/2020,03:47:00,Flow_cfs,16.14,,G
04/09/2020,03:47:00,FlowVolume,29447.63,,G
04/09/2020,03:48:00,PT Level,13.36,in,G
04/09/2020,03:48:00,Flow_cfs,16.22,,G
04/09/2020,03:48:00,Triggered S,16,,G
04/09/2020,03:48:00,VolumeTrig,30420.96,,G
04/09/2020,03:48:00,FlowVolume,420.96,,G
04/09/2020,03:49:00,PT Level,13.35,in,G
04/09/2020,03:49:00,Flow_cfs,16.19,,G
04/09/2020,03:49:00,FlowVolume,1392.63,,G
04/09/2020,03:50:00,PT Level,13.43,in,G
04/09/2020,03:50:00,Aliquot_Num,16,ali,G
04/09/2020,03:50:00,Flow_cfs,16.42,,G
04/09/2020,03:50:00,Curr_pacing,30000.00,,G
04/09/2020,03:50:00,FlowVolume,2377.63,,G
04/09/2020,03:51:00,PT Level,13.42,in,G
04/09/2020,03:51:00,Flow_cfs,16.39,,G
04/09/2020,03:51:00,FlowVolume,3360.96,,G
04/09/2020,03:52:00,PT Level,13.49,in,G
04/09/2020,03:52:00,Flow_cfs,16.60,,G
04/09/2020,03:52:00,FlowVolume,4356.96,,G
04/09/2020,03:53:00,PT Level,13.49,in,G
04/09/2020,03:53:00,Flow_cfs,16.60,,G
04/09/2020,03:53:00,FlowVolume,5352.96,,G
04/09/2020,03:54:00,PT Level,13.51,in,G
04/09/2020,03:54:00,Flow_cfs,16.67,,G
04/09/2020,03:54:00,FlowVolume,6352.96,,G
04/09/2020,03:55:00,PT Level,13.50,in,G
04/09/2020,03:55:00,Aliquot_Num,16,ali,G
04/09/2020,03:55:00,Flow_cfs,16.63,,G
04/09/2020,03:55:00,Curr_pacing,30000.00,,G
04/09/2020,03:55:00,FlowVolume,7350.96,,G
04/09/2020,03:56:00,PT Level,13.53,in,G
04/09/2020,03:56:00,Flow_cfs,16.73,,G
04/09/2020,03:56:00,FlowVolume,8354.96,,G
04/09/2020,03:57:00,PT Level,13.54,in,G
04/09/2020,03:57:00,Flow_cfs,16.77,,G
04/09/2020,03:57:00,FlowVolume,9360.96,,G
04/09/2020,03:58:00,PT Level,13.56,in,G
04/09/2020,03:58:00,Flow_cfs,16.83,,G
04/09/2020,03:58:00,FlowVolume,10370.96,,G
04/09/2020,03:59:00,PT Level,13.59,in,G
04/09/2020,03:59:00,Flow_cfs,16.93,,G
04/09/2020,03:59:00,FlowVolume,11386.96,,G
04/09/2020,04:00:00,PT Level,13.62,in,G
04/09/2020,04:00:00,Aliquot_Num,16,ali,G
04/09/2020,04:00:00,Flow_cfs,17.03,,G
04/09/2020,04:00:00,Curr_pacing,30000.00,,G
04/09/2020,04:00:00,FlowVolume,12408.84,,G
04/09/2020,04:01:00,PT Level,13.58,in,G
04/09/2020,04:01:00,Flow_cfs,16.90,,G
04/09/2020,04:01:00,FlowVolume,13422.84,,G
04/09/2020,04:02:00,PT Level,13.62,in,G
04/09/2020,04:02:00,Flow_cfs,17.03,,G
04/09/2020,04:02:00,FlowVolume,14444.71,,G
04/09/2020,04:03:00,PT Level,13.68,in,G
04/09/2020,04:03:00,Flow_cfs,17.22,,G
04/09/2020,04:03:00,FlowVolume,15477.84,,G
04/09/2020,04:04:00,PT Level,13.69,in,G
04/09/2020,04:04:00,Flow_cfs,17.25,,G
04/09/2020,04:04:00,FlowVolume,16512.84,,G
04/09/2020,04:05:00,PT Level,13.67,in,G
04/09/2020,04:05:00,Aliquot_Num,16,ali,G
04/09/2020,04:05:00,Flow_cfs,17.19,,G
04/09/2020,04:05:00,Curr_pacing,30000.00,,G
04/09/2020,04:05:00,FlowVolume,17544.09,,G
04/09/2020,04:06:00,PT Level,13.73,in,G
04/09/2020,04:06:00,Flow_cfs,17.37,,G
04/09/2020,04:06:00,FlowVolume,18586.59,,G
04/09/2020,04:07:00,PT Level,13.72,in,G
04/09/2020,04:07:00,Flow_cfs,17.34,,G
04/09/2020,04:07:00,FlowVolume,19627.21,,G
04/09/2020,04:08:00,PT Level,13.75,in,G
04/09/2020,04:08:00,Flow_cfs,17.44,,G
04/09/2020,04:08:00,FlowVolume,20673.46,,G
04/09/2020,04:09:00,PT Level,13.79,in,G
04/09/2020,04:09:00,Flow_cfs,17.61,,G
04/09/2020,04:09:00,FlowVolume,21730.13,,G
04/09/2020,04:10:00,PT Level,13.81,in,G
04/09/2020,04:10:00,Aliquot_Num,16,ali,G
04/09/2020,04:10:00,Flow_cfs,17.72,,G
04/09/2020,04:10:00,Curr_pacing,30000.00,,G
04/09/2020,04:10:00,FlowVolume,22793.46,,G
04/09/2020,04:11:00,PT Level,13.82,in,G
04/09/2020,04:11:00,Flow_cfs,17.78,,G
04/09/2020,04:11:00,FlowVolume,23860.13,,G
04/09/2020,04:12:00,PT Level,13.82,in,G
04/09/2020,04:12:00,Flow_cfs,17.78,,G
04/09/2020,04:12:00,FlowVolume,24926.79,,G
04/09/2020,04:13:00,PT Level,13.86,in,G
04/09/2020,04:13:00,Flow_cfs,18.00,,G
04/09/2020,04:13:00,FlowVolume,26006.79,,G
04/09/2020,04:14:00,PT Level,13.89,in,G
04/09/2020,04:14:00,Flow_cfs,18.08,,G
04/09/2020,04:14:00,FlowVolume,27091.79,,G
04/09/2020,04:15:00,PT Level,13.90,in,G
04/09/2020,04:15:00,Aliquot_Num,16,ali,G
04/09/2020,04:15:00,Flow_cfs,18.11,,G
04/09/2020,04:15:00,Curr_pacing,30000.00,,G
04/09/2020,04:15:00,FlowVolume,28178.46,,G
04/09/2020,04:16:00,PT Level,13.96,in,G
04/09/2020,04:16:00,Flow_cfs,18.28,,G
04/09/2020,04:16:00,FlowVolume,29275.13,,G
04/09/2020,04:17:00,PT Level,13.96,in,G
04/09/2020,04:17:00,Flow_cfs,18.28,,G
04/09/2020,04:17:00,Triggered S,17,,G
04/09/2020,04:17:00,VolumeTrig,30371.79,,G
04/09/2020,04:17:00,FlowVolume,371.79,,G
04/09/2020,04:18:00,PT Level,13.98,in,G
04/09/2020,04:18:00,Flow_cfs,18.33,,G
04/09/2020,04:18:00,FlowVolume,1471.79,,G
04/09/2020,04:19:00,PT Level,14.00,in,G
04/09/2020,04:19:00,Flow_cfs,18.39,,G
04/09/2020,04:19:00,FlowVolume,2575.13,,G
04/09/2020,04:20:00,PT Level,14.04,in,G
04/09/2020,04:20:00,Aliquot_Num,17,ali,G
04/09/2020,04:20:00,Flow_cfs,18.50,,G
04/09/2020,04:20:00,Curr_pacing,30000.00,,G
04/09/2020,04:20:00,FlowVolume,3685.13,,G
04/09/2020,04:21:00,PT Level,13.99,in,G
04/09/2020,04:21:00,Flow_cfs,18.36,,G
04/09/2020,04:21:00,FlowVolume,4786.79,,G
04/09/2020,04:22:00,PT Level,14.04,in,G
04/09/2020,04:22:00,Flow_cfs,18.50,,G
04/09/2020,04:22:00,FlowVolume,5896.79,,G
04/09/2020,04:23:00,PT Level,14.12,in,G
04/09/2020,04:23:00,Flow_cfs,18.86,,G
04/09/2020,04:23:00,FlowVolume,7028.61,,G
04/09/2020,04:24:00,PT Level,14.07,in,G
04/09/2020,04:24:00,Flow_cfs,18.64,,G
04/09/2020,04:24:00,FlowVolume,8146.79,,G
04/09/2020,04:25:00,PT Level,14.13,in,G
04/09/2020,04:25:00,Aliquot_Num,17,ali,G
04/09/2020,04:25:00,Flow_cfs,18.91,,G
04/09/2020,04:25:00,Curr_pacing,30000.00,,G
04/09/2020,04:25:00,FlowVolume,9281.34,,G
04/09/2020,04:26:00,PT Level,14.13,in,G
04/09/2020,04:26:00,Flow_cfs,18.91,,G
04/09/2020,04:26:00,FlowVolume,10415.88,,G
04/09/2020,04:27:00,PT Level,14.16,in,G
04/09/2020,04:27:00,Flow_cfs,19.03,,G
04/09/2020,04:27:00,FlowVolume,11557.88,,G
04/09/2020,04:28:00,PT Level,14.20,in,G
04/09/2020,04:28:00,Flow_cfs,19.17,,G
04/09/2020,04:28:00,FlowVolume,12707.88,,G
04/09/2020,04:29:00,PT Level,14.24,in,G
04/09/2020,04:29:00,Flow_cfs,19.30,,G
04/09/2020,04:29:00,FlowVolume,13865.88,,G
04/09/2020,04:30:00,PT Level,14.22,in,G
04/09/2020,04:30:00,Aliquot_Num,17,ali,G
04/09/2020,04:30:00,Flow_cfs,19.23,,G
04/09/2020,04:30:00,Curr_pacing,30000.00,,G
04/09/2020,04:30:00,FlowVolume,15019.88,,G
04/09/2020,04:31:00,PT Level,14.26,in,G
04/09/2020,04:31:00,Flow_cfs,19.37,,G
04/09/2020,04:31:00,FlowVolume,16181.88,,G
04/09/2020,04:32:00,PT Level,14.32,in,G
04/09/2020,04:32:00,Flow_cfs,19.57,,G
04/09/2020,04:32:00,FlowVolume,17355.88,,G
04/09/2020,04:33:00,PT Level,14.34,in,G
04/09/2020,04:33:00,Flow_cfs,19.63,,G
04/09/2020,04:33:00,FlowVolume,18533.88,,G
04/09/2020,04:34:00,PT Level,14.35,in,G
04/09/2020,04:34:00,Flow_cfs,19.67,,G
04/09/2020,04:34:00,FlowVolume,19713.88,,G
04/09/2020,04:35:00,PT Level,14.35,in,G
04/09/2020,04:35:00,Aliquot_Num,17,ali,G
04/09/2020,04:35:00,Flow_cfs,19.67,,G
04/09/2020,04:35:00,Curr_pacing,30000.00,,G
04/09/2020,04:35:00,FlowVolume,20893.88,,G
04/09/2020,04:36:00,PT Level,14.44,in,G
04/09/2020,04:36:00,Flow_cfs,19.97,,G
04/09/2020,04:36:00,FlowVolume,22091.88,,G
04/09/2020,04:37:00,PT Level,14.43,in,G
04/09/2020,04:37:00,Flow_cfs,19.93,,G
04/09/2020,04:37:00,FlowVolume,23287.88,,G
04/09/2020,04:38:00,PT Level,14.45,in,G
04/09/2020,04:38:00,Flow_cfs,20.00,,G
04/09/2020,04:38:00,FlowVolume,24487.88,,G
04/09/2020,04:39:00,PT Level,14.51,in,G
04/09/2020,04:39:00,Flow_cfs,20.22,,G
04/09/2020,04:39:00,FlowVolume,25701.22,,G
04/09/2020,04:40:00,PT Level,14.50,in,G
04/09/2020,04:40:00,Aliquot_Num,17,ali,G
04/09/2020,04:40:00,Flow_cfs,20.19,,G
04/09/2020,04:40:00,Curr_pacing,30000.00,,G
04/09/2020,04:40:00,FlowVolume,26912.33,,G
04/09/2020,04:41:00,PT Level,14.51,in,G
04/09/2020,04:41:00,Flow_cfs,20.22,,G
04/09/2020,04:41:00,FlowVolume,28125.66,,G
04/09/2020,04:42:00,PT Level,14.53,in,G
04/09/2020,04:42:00,Flow_cfs,20.30,,G
04/09/2020,04:42:00,FlowVolume,29343.44,,G
04/09/2020,04:43:00,PT Level,14.61,in,G
04/09/2020,04:43:00,Flow_cfs,20.59,,G
04/09/2020,04:43:00,Triggered S,18,,G
04/09/2020,04:43:00,VolumeTrig,30579.00,,G
04/09/2020,04:43:00,FlowVolume,579.00,,G
04/09/2020,04:44:00,PT Level,14.63,in,G
04/09/2020,04:44:00,Flow_cfs,20.67,,G
04/09/2020,04:44:00,FlowVolume,1819.00,,G
04/09/2020,04:45:00,PT Level,14.63,in,G
04/09/2020,04:45:00,Aliquot_Num,18,ali,G
04/09/2020,04:45:00,Flow_cfs,20.67,,G
04/09/2020,04:45:00,Curr_pacing,30000.00,,G
04/09/2020,04:45:00,FlowVolume,3059.00,,G
04/09/2020,04:46:00,PT Level,14.63,in,G
04/09/2020,04:46:00,Flow_cfs,20.67,,G
04/09/2020,04:46:00,FlowVolume,4299.00,,G
04/09/2020,04:47:00,PT Level,14.72,in,G
04/09/2020,04:47:00,Flow_cfs,21.00,,G
04/09/2020,04:47:00,FlowVolume,5559.00,,G
04/09/2020,04:48:00,PT Level,14.75,in,G
04/09/2020,04:48:00,Flow_cfs,21.15,,G
04/09/2020,04:48:00,FlowVolume,6828.00,,G
04/09/2020,04:49:00,PT Level,14.75,in,G
04/09/2020,04:49:00,Flow_cfs,21.15,,G
04/09/2020,04:49:00,FlowVolume,8097.00,,G
04/09/2020,04:50:00,PT Level,14.79,in,G
04/09/2020,04:50:00,Aliquot_Num,18,ali,G
04/09/2020,04:50:00,Flow_cfs,21.35,,G
04/09/2020,04:50:00,Curr_pacing,30000.00,,G
04/09/2020,04:50:00,FlowVolume,9378.00,,G
04/09/2020,04:51:00,PT Level,14.82,in,G
04/09/2020,04:51:00,Flow_cfs,21.50,,G
04/09/2020,04:51:00,FlowVolume,10668.00,,G
04/09/2020,04:52:00,PT Level,14.85,in,G
04/09/2020,04:52:00,Flow_cfs,21.65,,G
04/09/2020,04:52:00,FlowVolume,11967.00,,G
04/09/2020,04:53:00,PT Level,14.90,in,G
04/09/2020,04:53:00,Flow_cfs,21.90,,G
04/09/2020,04:53:00,FlowVolume,13281.00,,G
04/09/2020,04:54:00,PT Level,14.87,in,G
04/09/2020,04:54:00,Flow_cfs,21.75,,G
04/09/2020,04:54:00,FlowVolume,14586.00,,G
04/09/2020,04:55:00,PT Level,14.92,in,G
04/09/2020,04:55:00,Aliquot_Num,18,ali,G
04/09/2020,04:55:00,Flow_cfs,22.00,,G
04/09/2020,04:55:00,Curr_pacing,30000.00,,G
04/09/2020,04:55:00,FlowVolume,15906.00,,G
04/09/2020,04:56:00,PT Level,14.95,in,G
04/09/2020,04:56:00,Flow_cfs,22.13,,G
04/09/2020,04:56:00,FlowVolume,17233.50,,G
04/09/2020,04:57:00,PT Level,14.96,in,G
04/09/2020,04:57:00,Flow_cfs,22.17,,G
04/09/2020,04:57:00,FlowVolume,18563.50,,G
04/09/2020,04:58:00,PT Level,15.03,in,G
04/09/2020,04:58:00,Flow_cfs,22.46,,G
04/09/2020,04:58:00,FlowVolume,19911.00,,G
04/09/2020,04:58:28,SMS Receive,11,,G
04/09/2020,04:59:00,PT Level,15.02,in,G
04/09/2020,04:59:00,Flow_cfs,22.42,,G
04/09/2020,04:59:00,FlowVolume,22608.50,,G
04/09/2020,05:00:00,PT Level,15.08,in,G
04/09/2020,05:00:00,Aliquot_Num,18,ali,G
04/09/2020,05:00:00,Flow_cfs,22.67,,G
04/09/2020,05:00:00,Curr_pacing,30000.00,,G
04/09/2020,05:00:00,FlowVolume,23968.50,,G
04/09/2020,05:01:00,PT Level,15.11,in,G
04/09/2020,05:01:00,Flow_cfs,22.79,,G
04/09/2020,05:01:00,FlowVolume,25336.00,,G
04/09/2020,05:02:00,PT Level,15.14,in,G
04/09/2020,05:02:00,Flow_cfs,22.92,,G
04/09/2020,05:02:00,FlowVolume,26711.00,,G
04/09/2020,05:03:00,PT Level,15.17,in,G
04/09/2020,05:03:00,Flow_cfs,23.04,,G
04/09/2020,05:03:00,FlowVolume,28093.60,,G
04/09/2020,05:04:00,PT Level,15.26,in,G
04/09/2020,05:04:00,Flow_cfs,23.43,,G
04/09/2020,05:04:00,FlowVolume,29499.69,,G
04/09/2020,05:05:00,PT Level,15.23,in,G
04/09/2020,05:05:00,Aliquot_Num,18,ali,G
04/09/2020,05:05:00,Flow_cfs,23.30,,G
04/09/2020,05:05:00,Curr_pacing,30000.00,,G
04/09/2020,05:05:00,Triggered S,19,,G
04/09/2020,05:05:00,VolumeTrig,30897.95,,G
04/09/2020,05:05:00,FlowVolume,897.95,,G
04/09/2020,05:06:00,PT Level,15.26,in,G
04/09/2020,05:06:00,Flow_cfs,23.43,,G
04/09/2020,05:06:00,FlowVolume,2304.04,,G
04/09/2020,05:07:00,PT Level,15.28,in,G
04/09/2020,05:07:00,Flow_cfs,23.52,,G
04/09/2020,05:07:00,FlowVolume,3715.34,,G
04/09/2020,05:08:00,PT Level,15.32,in,G
04/09/2020,05:08:00,Flow_cfs,23.70,,G
04/09/2020,05:08:00,FlowVolume,5137.08,,G
04/09/2020,05:09:00,PT Level,15.37,in,G
04/09/2020,05:09:00,Flow_cfs,23.91,,G
04/09/2020,05:09:00,FlowVolume,6571.87,,G
04/09/2020,05:10:00,PT Level,15.40,in,G
04/09/2020,05:10:00,Aliquot_Num,19,ali,G
04/09/2020,05:10:00,Flow_cfs,24.06,,G
04/09/2020,05:10:00,Curr_pacing,30000.00,,G
04/09/2020,05:10:00,FlowVolume,8015.20,,G
04/09/2020,05:11:00,PT Level,15.43,in,G
04/09/2020,05:11:00,Flow_cfs,24.22,,G
04/09/2020,05:11:00,FlowVolume,9468.53,,G
04/09/2020,05:12:00,PT Level,15.41,in,G
04/09/2020,05:12:00,Flow_cfs,24.11,,G
04/09/2020,05:12:00,FlowVolume,10915.20,,G
04/09/2020,05:13:00,PT Level,15.52,in,G
04/09/2020,05:13:00,Flow_cfs,24.72,,G
04/09/2020,05:13:00,FlowVolume,12398.53,,G
04/09/2020,05:14:00,PT Level,15.54,in,G
04/09/2020,05:14:00,Flow_cfs,24.83,,G
04/09/2020,05:14:00,FlowVolume,13888.53,,G
04/09/2020,05:15:00,PT Level,15.57,in,G
04/09/2020,05:15:00,Aliquot_Num,19,ali,G
04/09/2020,05:15:00,Flow_cfs,25.00,,G
04/09/2020,05:15:00,Curr_pacing,30000.00,,G
04/09/2020,05:15:00,FlowVolume,15388.53,,G
04/09/2020,05:16:00,PT Level,15.58,in,G
04/09/2020,05:16:00,Flow_cfs,25.03,,G
04/09/2020,05:16:00,FlowVolume,16890.47,,G
04/09/2020,05:17:00,PT Level,15.61,in,G
04/09/2020,05:17:00,Flow_cfs,25.13,,G
04/09/2020,05:17:00,FlowVolume,18398.21,,G
04/09/2020,05:18:00,PT Level,15.62,in,G
04/09/2020,05:18:00,Flow_cfs,25.16,,G
04/09/2020,05:18:00,FlowVolume,19907.89,,G
04/09/2020,05:19:00,PT Level,15.67,in,G
04/09/2020,05:19:00,Flow_cfs,25.32,,G
04/09/2020,05:19:00,FlowVolume,21427.24,,G
04/09/2020,05:20:00,PT Level,15.78,in,G
04/09/2020,05:20:00,Aliquot_Num,19,ali,G
04/09/2020,05:20:00,Flow_cfs,25.68,,G
04/09/2020,05:20:00,Curr_pacing,30000.00,,G
04/09/2020,05:20:00,FlowVolume,22967.89,,G
04/09/2020,05:21:00,PT Level,15.76,in,G
04/09/2020,05:21:00,Flow_cfs,25.61,,G
04/09/2020,05:21:00,FlowVolume,24504.66,,G
04/09/2020,05:22:00,PT Level,15.83,in,G
04/09/2020,05:22:00,Flow_cfs,25.84,,G
04/09/2020,05:22:00,FlowVolume,26054.99,,G
04/09/2020,05:23:00,PT Level,15.88,in,G
04/09/2020,05:23:00,Flow_cfs,26.00,,G
04/09/2020,05:23:00,FlowVolume,27614.98,,G
04/09/2020,05:24:00,PT Level,15.87,in,G
04/09/2020,05:24:00,Flow_cfs,25.97,,G
04/09/2020,05:24:00,FlowVolume,29173.05,,G
04/09/2020,05:25:00,PT Level,15.93,in,G
04/09/2020,05:25:00,Aliquot_Num,19,ali,G
04/09/2020,05:25:00,Flow_cfs,26.24,,G
04/09/2020,05:25:00,Curr_pacing,30000.00,,G
04/09/2020,05:25:00,Triggered S,20,,G
04/09/2020,05:25:00,VolumeTrig,30747.34,,G
04/09/2020,05:25:00,FlowVolume,747.34,,G
04/09/2020,05:26:00,PT Level,15.94,in,G
04/09/2020,05:26:00,Flow_cfs,26.29,,G
04/09/2020,05:26:00,FlowVolume,2324.48,,G
04/09/2020,05:27:00,PT Level,16.02,in,G
04/09/2020,05:27:00,Flow_cfs,26.67,,G
04/09/2020,05:27:00,FlowVolume,3924.48,,G
04/09/2020,05:28:00,PT Level,16.03,in,G
04/09/2020,05:28:00,Flow_cfs,26.71,,G
04/09/2020,05:28:00,FlowVolume,5527.34,,G
04/09/2020,05:29:00,PT Level,16.11,in,G
04/09/2020,05:29:00,Flow_cfs,27.10,,G
04/09/2020,05:29:00,FlowVolume,7153.34,,G
04/09/2020,05:30:00,PT Level,16.13,in,G
04/09/2020,05:30:00,Aliquot_Num,20,ali,G
04/09/2020,05:30:00,Flow_cfs,27.20,,G
04/09/2020,05:30:00,Curr_pacing,30000.00,,G
04/09/2020,05:30:00,FlowVolume,8785.34,,G
04/09/2020,05:31:00,PT Level,16.12,in,G
04/09/2020,05:31:00,Flow_cfs,27.15,,G
04/09/2020,05:31:00,FlowVolume,10414.34,,G
04/09/2020,05:32:00,PT Level,16.18,in,G
04/09/2020,05:32:00,Flow_cfs,27.45,,G
04/09/2020,05:32:00,FlowVolume,12061.34,,G
04/09/2020,05:33:00,PT Level,16.22,in,G
04/09/2020,05:33:00,Flow_cfs,27.65,,G
04/09/2020,05:33:00,FlowVolume,13720.34,,G
04/09/2020,05:34:00,PT Level,16.29,in,G
04/09/2020,05:34:00,Flow_cfs,28.00,,G
04/09/2020,05:34:00,FlowVolume,15400.34,,G
04/09/2020,05:35:00,PT Level,16.32,in,G
04/09/2020,05:35:00,Aliquot_Num,20,ali,G
04/09/2020,05:35:00,Flow_cfs,28.15,,G
04/09/2020,05:35:00,Curr_pacing,30000.00,,G
04/09/2020,05:35:00,FlowVolume,17089.34,,G
04/09/2020,05:36:00,PT Level,16.37,in,G
04/09/2020,05:36:00,Flow_cfs,28.40,,G
04/09/2020,05:36:00,FlowVolume,18793.34,,G
04/09/2020,05:37:00,PT Level,16.41,in,G
04/09/2020,05:37:00,Flow_cfs,28.60,,G
04/09/2020,05:37:00,FlowVolume,20509.34,,G
04/09/2020,05:38:00,PT Level,16.47,in,G
04/09/2020,05:38:00,Flow_cfs,28.90,,G
04/09/2020,05:38:00,FlowVolume,22243.34,,G
04/09/2020,05:39:00,PT Level,16.50,in,G
04/09/2020,05:39:00,Flow_cfs,29.05,,G
04/09/2020,05:39:00,FlowVolume,23986.49,,G
04/09/2020,05:40:00,PT Level,16.55,in,G
04/09/2020,05:40:00,Aliquot_Num,20,ali,G
04/09/2020,05:40:00,Flow_cfs,29.32,,G
04/09/2020,05:40:00,Curr_pacing,30000.00,,G
04/09/2020,05:40:00,FlowVolume,25745.44,,G
04/09/2020,05:41:00,PT Level,16.55,in,G
04/09/2020,05:41:00,Flow_cfs,29.32,,G
04/09/2020,05:41:00,FlowVolume,27504.39,,G
04/09/2020,05:42:00,PT Level,16.60,in,G
04/09/2020,05:42:00,Flow_cfs,29.58,,G
04/09/2020,05:42:00,FlowVolume,29279.13,,G
04/09/2020,05:43:00,PT Level,16.69,in,G
04/09/2020,05:43:00,Flow_cfs,30.05,,G
04/09/2020,05:43:00,Triggered S,21,,G
04/09/2020,05:43:00,VolumeTrig,31082.28,,G
04/09/2020,05:43:00,FlowVolume,1082.28,,G
04/09/2020,05:44:00,PT Level,16.71,in,G
04/09/2020,05:44:00,Flow_cfs,30.16,,G
04/09/2020,05:44:00,FlowVolume,2891.76,,G
04/09/2020,05:45:00,PT Level,16.78,in,G
04/09/2020,05:45:00,Aliquot_Num,21,ali,G
04/09/2020,05:45:00,Flow_cfs,30.53,,G
04/09/2020,05:45:00,Curr_pacing,30000.00,,G
04/09/2020,05:45:00,FlowVolume,4723.34,,G
04/09/2020,05:46:00,PT Level,16.83,in,G
04/09/2020,05:46:00,Flow_cfs,30.79,,G
04/09/2020,05:46:00,FlowVolume,6570.70,,G
04/09/2020,05:47:00,PT Level,16.84,in,G
04/09/2020,05:47:00,Flow_cfs,30.84,,G
04/09/2020,05:47:00,FlowVolume,8421.23,,G
04/09/2020,05:48:00,PT Level,16.90,in,G
04/09/2020,05:48:00,Flow_cfs,31.16,,G
04/09/2020,05:48:00,FlowVolume,10290.70,,G
04/09/2020,05:49:00,PT Level,16.91,in,G
04/09/2020,05:49:00,Flow_cfs,31.21,,G
04/09/2020,05:49:00,FlowVolume,12163.34,,G
04/09/2020,05:50:00,PT Level,16.98,in,G
04/09/2020,05:50:00,Aliquot_Num,21,ali,G
04/09/2020,05:50:00,Flow_cfs,31.58,,G
04/09/2020,05:50:00,Curr_pacing,30000.00,,G
04/09/2020,05:50:00,FlowVolume,14058.07,,G
04/09/2020,05:51:00,PT Level,17.01,in,G
04/09/2020,05:51:00,Flow_cfs,31.74,,G
04/09/2020,05:51:00,FlowVolume,15962.28,,G
04/09/2020,05:52:00,PT Level,17.06,in,G
04/09/2020,05:52:00,Flow_cfs,32.00,,G
04/09/2020,05:52:00,FlowVolume,17882.28,,G
04/09/2020,05:53:00,PT Level,17.12,in,G
04/09/2020,05:53:00,Flow_cfs,32.33,,G
04/09/2020,05:53:00,FlowVolume,19822.28,,G
04/09/2020,05:54:00,PT Level,17.18,in,G
04/09/2020,05:54:00,Flow_cfs,32.67,,G
04/09/2020,05:54:00,FlowVolume,21782.28,,G
04/09/2020,05:55:00,PT Level,17.22,in,G
04/09/2020,05:55:00,Aliquot_Num,21,ali,G
04/09/2020,05:55:00,Flow_cfs,32.89,,G
04/09/2020,05:55:00,Curr_pacing,30000.00,,G
04/09/2020,05:55:00,FlowVolume,23755.62,,G
04/09/2020,05:56:00,PT Level,17.24,in,G
04/09/2020,05:56:00,Flow_cfs,33.00,,G
04/09/2020,05:56:00,FlowVolume,25735.62,,G
04/09/2020,05:57:00,PT Level,17.29,in,G
04/09/2020,05:57:00,Flow_cfs,33.28,,G
04/09/2020,05:57:00,FlowVolume,27732.28,,G
04/09/2020,05:58:00,PT Level,17.37,in,G
04/09/2020,05:58:00,Flow_cfs,33.72,,G
04/09/2020,05:58:00,FlowVolume,29755.62,,G
04/09/2020,05:59:00,PT Level,17.42,in,G
04/09/2020,05:59:00,Flow_cfs,34.00,,G
04/09/2020,05:59:00,Triggered S,22,,G
04/09/2020,05:59:00,VolumeTrig,31795.62,,G
04/09/2020,05:59:00,FlowVolume,1795.62,,G
04/09/2020,06:00:00,PT Level,17.40,in,G
04/09/2020,06:00:00,Aliquot_Num,22,ali,G
04/09/2020,06:00:00,Flow_cfs,33.89,,G
04/09/2020,06:00:00,Curr_pacing,30000.00,,G
04/09/2020,06:00:00,FlowVolume,3828.95,,G
04/09/2020,06:01:00,PT Level,17.48,in,G
04/09/2020,06:01:00,Flow_cfs,34.35,,G
04/09/2020,06:01:00,FlowVolume,5890.13,,G
04/09/2020,06:02:00,PT Level,17.52,in,G
04/09/2020,06:02:00,Flow_cfs,34.59,,G
04/09/2020,06:02:00,FlowVolume,7965.42,,G
04/09/2020,06:03:00,PT Level,17.53,in,G
04/09/2020,06:03:00,Flow_cfs,34.65,,G
04/09/2020,06:03:00,FlowVolume,10044.24,,G
04/09/2020,06:04:00,PT Level,17.65,in,G
04/09/2020,06:04:00,Flow_cfs,35.30,,G
04/09/2020,06:04:00,FlowVolume,12162.24,,G
04/09/2020,06:05:00,PT Level,17.68,in,G
04/09/2020,06:05:00,Aliquot_Num,22,ali,G
04/09/2020,06:05:00,Flow_cfs,35.45,,G
04/09/2020,06:05:00,Curr_pacing,30000.00,,G
04/09/2020,06:05:00,FlowVolume,14289.24,,G
04/09/2020,06:06:00,PT Level,17.73,in,G
04/09/2020,06:06:00,Flow_cfs,35.70,,G
04/09/2020,06:06:00,FlowVolume,16431.24,,G
04/09/2020,06:06:06,Log Download,0,,G
04/09/2020,06:07:00,PT Level,17.79,in,G
04/09/2020,06:07:00,Flow_cfs,36.00,,G
04/09/2020,06:07:00,FlowVolume,18591.24,,G
04/09/2020,06:08:00,PT Level,17.81,in,G
04/09/2020,06:08:00,Flow_cfs,36.12,,G
04/09/2020,06:08:00,FlowVolume,20758.74,,G
04/09/2020,06:09:00,PT Level,17.87,in,G
04/09/2020,06:09:00,Flow_cfs,36.50,,G
04/09/2020,06:09:00,FlowVolume,22948.74,,G
04/09/2020,06:09:17,Client Conn,81,,G
04/09/2020,06:10:00,PT Level,17.93,in,G
04/09/2020,06:10:00,Aliquot_Num,22,ali,G
04/09/2020,06:10:00,Flow_cfs,36.88,,G
04/09/2020,06:10:00,Curr_pacing,30000.00,,G
04/09/2020,06:10:00,FlowVolume,25161.24,,G
04/09/2020,06:11:00,PT Level,17.97,in,G
04/09/2020,06:11:00,Flow_cfs,37.12,,G
04/09/2020,06:11:00,FlowVolume,27388.30,,G
04/09/2020,06:12:00,PT Level,18.07,in,G
04/09/2020,06:12:00,Flow_cfs,37.71,,G
04/09/2020,06:12:00,FlowVolume,29650.66,,G
04/09/2020,06:13:00,PT Level,18.10,in,G
04/09/2020,06:13:00,Flow_cfs,37.88,,G
04/09/2020,06:13:00,Triggered S,23,,G
04/09/2020,06:13:00,VolumeTrig,31923.60,,G
04/09/2020,06:13:00,FlowVolume,1923.60,,G
04/09/2020,06:14:00,PT Level,18.14,in,G
04/09/2020,06:14:00,Flow_cfs,38.12,,G
04/09/2020,06:14:00,FlowVolume,4210.66,,G
04/09/2020,06:15:00,PT Level,18.19,in,G
04/09/2020,06:15:00,Aliquot_Num,23,ali,G
04/09/2020,06:15:00,Flow_cfs,38.41,,G
04/09/2020,06:15:00,Curr_pacing,30000.00,,G
04/09/2020,06:15:00,FlowVolume,6515.36,,G
04/09/2020,06:16:00,PT Level,18.30,in,G
04/09/2020,06:16:00,Flow_cfs,39.06,,G
04/09/2020,06:16:00,FlowVolume,8859.11,,G
04/09/2020,06:17:00,PT Level,18.27,in,G
04/09/2020,06:17:00,Flow_cfs,38.88,,G
04/09/2020,06:17:00,FlowVolume,11192.05,,G
04/09/2020,06:18:00,PT Level,18.35,in,G
04/09/2020,06:18:00,Flow_cfs,39.38,,G
04/09/2020,06:18:00,FlowVolume,13554.55,,G
04/09/2020,06:19:00,PT Level,18.36,in,G
04/09/2020,06:19:00,Flow_cfs,39.44,,G
04/09/2020,06:19:00,FlowVolume,15920.80,,G
04/09/2020,06:20:00,PT Level,18.43,in,G
04/09/2020,06:20:00,Aliquot_Num,23,ali,G
04/09/2020,06:20:00,Flow_cfs,39.88,,G
04/09/2020,06:20:00,Curr_pacing,30000.00,,G
04/09/2020,06:20:00,FlowVolume,18313.30,,G
04/09/2020,06:21:00,PT Level,18.50,in,G
04/09/2020,06:21:00,Flow_cfs,40.29,,G
04/09/2020,06:21:00,FlowVolume,20730.95,,G
04/09/2020,06:22:00,PT Level,18.52,in,G
04/09/2020,06:22:00,Flow_cfs,40.41,,G
04/09/2020,06:22:00,FlowVolume,23155.66,,G
04/09/2020,06:23:00,PT Level,18.61,in,G
04/09/2020,06:23:00,Flow_cfs,40.94,,G
04/09/2020,06:23:00,FlowVolume,25612.13,,G
04/09/2020,06:24:00,PT Level,18.67,in,G
04/09/2020,06:24:00,Flow_cfs,41.31,,G
04/09/2020,06:24:00,FlowVolume,28090.88,,G
04/09/2020,06:25:00,PT Level,18.71,in,G
04/09/2020,06:25:00,Aliquot_Num,23,ali,G
04/09/2020,06:25:00,Flow_cfs,41.56,,G
04/09/2020,06:25:00,Curr_pacing,30000.00,,G
04/09/2020,06:25:00,Triggered S,24,,G
04/09/2020,06:25:00,VolumeTrig,30584.63,,G
04/09/2020,06:25:00,FlowVolume,584.63,,G
04/09/2020,06:26:00,PT Level,18.79,in,G
04/09/2020,06:26:00,Flow_cfs,42.06,,G
04/09/2020,06:26:00,FlowVolume,3108.16,,G
04/09/2020,06:27:00,PT Level,18.81,in,G
04/09/2020,06:27:00,Flow_cfs,42.18,,G
04/09/2020,06:27:00,FlowVolume,5638.75,,G
04/09/2020,06:28:00,PT Level,18.90,in,G
04/09/2020,06:28:00,Flow_cfs,42.71,,G
04/09/2020,06:28:00,FlowVolume,8201.10,,G
04/09/2020,06:29:00,PT Level,18.99,in,G
04/09/2020,06:29:00,Flow_cfs,43.29,,G
04/09/2020,06:29:00,FlowVolume,10798.24,,G
04/09/2020,06:30:00,PT Level,19.03,in,G
04/09/2020,06:30:00,Aliquot_Num,24,ali,G
04/09/2020,06:30:00,Flow_cfs,43.57,,G
04/09/2020,06:30:00,Curr_pacing,30000.00,,G
04/09/2020,06:30:00,FlowVolume,13412.53,,G
04/09/2020,06:31:00,PT Level,19.07,in,G
04/09/2020,06:31:00,Flow_cfs,43.86,,G
04/09/2020,06:31:00,FlowVolume,16043.96,,G
04/09/2020,06:32:00,PT Level,19.14,in,G
04/09/2020,06:32:00,Flow_cfs,44.31,,G
04/09/2020,06:32:00,FlowVolume,18702.70,,G
04/09/2020,06:33:00,PT Level,19.17,in,G
04/09/2020,06:33:00,Flow_cfs,44.50,,G
04/09/2020,06:33:00,FlowVolume,21372.70,,G
04/09/2020,06:34:00,PT Level,19.26,in,G
04/09/2020,06:34:00,Flow_cfs,45.06,,G
04/09/2020,06:34:00,FlowVolume,24076.46,,G
04/09/2020,06:35:00,PT Level,19.30,in,G
04/09/2020,06:35:00,Aliquot_Num,24,ali,G
04/09/2020,06:35:00,Flow_cfs,45.31,,G
04/09/2020,06:35:00,Curr_pacing,30000.00,,G
04/09/2020,06:35:00,FlowVolume,26795.20,,G
04/09/2020,06:36:00,PT Level,19.33,in,G
04/09/2020,06:36:00,Flow_cfs,45.50,,G
04/09/2020,06:36:00,FlowVolume,29525.20,,G
04/09/2020,06:37:00,PT Level,19.41,in,G
04/09/2020,06:37:00,Flow_cfs,46.00,,G
04/09/2020,06:37:00,Triggered S,25,,G
04/09/2020,06:37:00,VolumeTrig,32285.20,,G
04/09/2020,06:37:00,FlowVolume,2285.20,,G
04/09/2020,06:38:00,PT Level,19.41,in,G
04/09/2020,06:38:00,Flow_cfs,46.00,,G
04/09/2020,06:38:00,FlowVolume,5045.20,,G
04/09/2020,06:39:00,PT Level,19.51,in,G
04/09/2020,06:39:00,Flow_cfs,46.67,,G
04/09/2020,06:39:00,FlowVolume,7845.20,,G
04/09/2020,06:40:00,PT Level,19.59,in,G
04/09/2020,06:40:00,Aliquot_Num,25,ali,G
04/09/2020,06:40:00,Flow_cfs,47.20,,G
04/09/2020,06:40:00,Curr_pacing,30000.00,,G
04/09/2020,06:40:00,FlowVolume,10677.20,,G
04/09/2020,06:41:00,PT Level,19.68,in,G
04/09/2020,06:41:00,Flow_cfs,47.80,,G
04/09/2020,06:41:00,FlowVolume,13545.20,,G
04/09/2020,06:42:00,PT Level,19.70,in,G
04/09/2020,06:42:00,Flow_cfs,47.93,,G
04/09/2020,06:42:00,FlowVolume,16421.21,,G
04/09/2020,06:43:00,PT Level,19.74,in,G
04/09/2020,06:43:00,Flow_cfs,48.20,,G
04/09/2020,06:43:00,FlowVolume,19313.21,,G
04/09/2020,06:44:00,PT Level,19.82,in,G
04/09/2020,06:44:00,Flow_cfs,48.73,,G
04/09/2020,06:44:00,FlowVolume,22237.21,,G
04/09/2020,06:45:00,PT Level,19.87,in,G
04/09/2020,06:45:00,Aliquot_Num,25,ali,G
04/09/2020,06:45:00,Flow_cfs,49.07,,G
04/09/2020,06:45:00,Curr_pacing,30000.00,,G
04/09/2020,06:45:00,FlowVolume,25181.21,,G
04/09/2020,06:46:00,PT Level,19.89,in,G
04/09/2020,06:46:00,Flow_cfs,49.20,,G
04/09/2020,06:46:00,FlowVolume,28133.21,,G
04/09/2020,06:47:00,PT Level,20.02,in,G
04/09/2020,06:47:00,Flow_cfs,50.07,,G
04/09/2020,06:47:00,Triggered S,26,,G
04/09/2020,06:47:00,VolumeTrig,31137.49,,G
04/09/2020,06:47:00,FlowVolume,1137.49,,G
04/09/2020,06:47:27,SMS Receive,12,,G
04/09/2020,06:48:00,PT Level,20.05,in,G
04/09/2020,06:48:00,Flow_cfs,50.29,,G
04/09/2020,06:48:00,FlowVolume,7150.63,,G
04/09/2020,06:49:00,PT Level,20.08,in,G
04/09/2020,06:49:00,Flow_cfs,50.50,,G
04/09/2020,06:49:00,FlowVolume,10180.63,,G
04/09/2020,06:50:00,PT Level,20.19,in,G
04/09/2020,06:50:00,Aliquot_Num,26,ali,G
04/09/2020,06:50:00,Flow_cfs,51.27,,G
04/09/2020,06:50:00,Curr_pacing,30000.00,,G
04/09/2020,06:50:00,FlowVolume,13256.63,,G
04/09/2020,06:51:00,PT Level,20.27,in,G
04/09/2020,06:51:00,Flow_cfs,51.80,,G
04/09/2020,06:51:00,FlowVolume,16364.63,,G
04/09/2020,06:52:00,PT Level,20.30,in,G
04/09/2020,06:52:00,Flow_cfs,52.00,,G
04/09/2020,06:52:00,FlowVolume,19484.63,,G
04/09/2020,06:53:00,PT Level,20.39,in,G
04/09/2020,06:53:00,Flow_cfs,52.64,,G
04/09/2020,06:53:00,FlowVolume,22643.20,,G
04/09/2020,06:54:00,PT Level,20.42,in,G
04/09/2020,06:54:00,Flow_cfs,52.86,,G
04/09/2020,06:54:00,FlowVolume,25814.63,,G
04/09/2020,06:55:00,PT Level,20.51,in,G
04/09/2020,06:55:00,Aliquot_Num,26,ali,G
04/09/2020,06:55:00,Flow_cfs,53.54,,G
04/09/2020,06:55:00,Curr_pacing,30000.00,,G
04/09/2020,06:55:00,FlowVolume,29026.94,,G
04/09/2020,06:56:00,PT Level,20.54,in,G
04/09/2020,06:56:00,Flow_cfs,53.77,,G
04/09/2020,06:56:00,Triggered S,27,,G
04/09/2020,06:56:00,VolumeTrig,32253.10,,G
04/09/2020,06:56:00,FlowVolume,2253.10,,G
04/09/2020,06:57:00,PT Level,20.61,in,G
04/09/2020,06:57:00,Flow_cfs,54.24,,G
04/09/2020,06:57:00,FlowVolume,5507.21,,G
04/09/2020,06:58:00,PT Level,20.73,in,G
04/09/2020,06:58:00,Flow_cfs,54.94,,G
04/09/2020,06:58:00,FlowVolume,8803.68,,G
04/09/2020,06:59:00,PT Level,20.78,in,G
04/09/2020,06:59:00,Flow_cfs,55.36,,G
04/09/2020,06:59:00,FlowVolume,12125.50,,G
04/09/2020,07:00:00,PT Level,20.88,in,G
04/09/2020,07:00:00,Aliquot_Num,27,ali,G
04/09/2020,07:00:00,Flow_cfs,56.20,,G
04/09/2020,07:00:00,Curr_pacing,30000.00,,G
04/09/2020,07:00:00,FlowVolume,15497.50,,G
04/09/2020,07:01:00,PT Level,20.95,in,G
04/09/2020,07:01:00,Flow_cfs,56.67,,G
04/09/2020,07:01:00,FlowVolume,18897.50,,G
04/09/2020,07:02:00,PT Level,21.03,in,G
04/09/2020,07:02:00,Flow_cfs,57.30,,G
04/09/2020,07:02:00,FlowVolume,22335.50,,G
04/09/2020,07:03:00,PT Level,21.09,in,G
04/09/2020,07:03:00,Flow_cfs,57.90,,G
04/09/2020,07:03:00,FlowVolume,25809.50,,G
04/09/2020,07:04:00,PT Level,21.10,in,G
04/09/2020,07:04:00,Flow_cfs,58.00,,G
04/09/2020,07:04:00,FlowVolume,29289.50,,G
04/09/2020,07:05:00,PT Level,21.20,in,G
04/09/2020,07:05:00,Aliquot_Num,27,ali,G
04/09/2020,07:05:00,Flow_cfs,58.53,,G
04/09/2020,07:05:00,Curr_pacing,30000.00,,G
04/09/2020,07:05:00,Triggered S,28,,G
04/09/2020,07:05:00,VolumeTrig,32801.08,,G
04/09/2020,07:05:00,FlowVolume,2801.08,,G
04/09/2020,07:06:00,PT Level,21.26,in,G
04/09/2020,07:06:00,Flow_cfs,58.84,,G
04/09/2020,07:06:00,FlowVolume,6331.61,,G
04/09/2020,07:07:00,PT Level,21.37,in,G
04/09/2020,07:07:00,Flow_cfs,59.89,,G
04/09/2020,07:07:00,FlowVolume,9924.94,,G
04/09/2020,07:08:00,PT Level,21.44,in,G
04/09/2020,07:08:00,Flow_cfs,60.60,,G
04/09/2020,07:08:00,FlowVolume,13560.94,,G
04/09/2020,07:09:00,PT Level,21.54,in,G
04/09/2020,07:09:00,Flow_cfs,61.32,,G
04/09/2020,07:09:00,FlowVolume,17239.89,,G
04/09/2020,07:10:00,PT Level,21.61,in,G
04/09/2020,07:10:00,Aliquot_Num,28,ali,G
04/09/2020,07:10:00,Flow_cfs,61.68,,G
04/09/2020,07:10:00,Curr_pacing,30000.00,,G
04/09/2020,07:10:00,FlowVolume,20940.94,,G
04/09/2020,07:11:00,PT Level,21.64,in,G
04/09/2020,07:11:00,Flow_cfs,61.84,,G
04/09/2020,07:11:00,FlowVolume,24651.47,,G
04/09/2020,07:12:00,PT Level,21.71,in,G
04/09/2020,07:12:00,Flow_cfs,62.40,,G
04/09/2020,07:12:00,FlowVolume,28395.47,,G
04/09/2020,07:13:00,PT Level,21.74,in,G
04/09/2020,07:13:00,Flow_cfs,62.70,,G
04/09/2020,07:13:00,Triggered S,29,,G
04/09/2020,07:13:00,VolumeTrig,32157.47,,G
04/09/2020,07:13:00,FlowVolume,2157.47,,G
04/09/2020,07:14:00,PT Level,21.83,in,G
04/09/2020,07:14:00,Flow_cfs,64.00,,G
04/09/2020,07:14:00,FlowVolume,5997.47,,G
04/09/2020,07:15:00,PT Level,21.91,in,G
04/09/2020,07:15:00,Aliquot_Num,29,ali,G
04/09/2020,07:15:00,Flow_cfs,64.36,,G
04/09/2020,07:15:00,Curr_pacing,30000.00,,G
04/09/2020,07:15:00,FlowVolume,9859.29,,G
04/09/2020,07:16:00,PT Level,21.94,in,G
04/09/2020,07:16:00,Flow_cfs,64.50,,G
04/09/2020,07:16:00,FlowVolume,13729.29,,G
04/09/2020,07:17:00,PT Level,22.06,in,G
04/09/2020,07:17:00,Flow_cfs,65.08,,G
04/09/2020,07:17:00,FlowVolume,17634.29,,G
04/09/2020,07:18:00,PT Level,22.15,in,G
04/09/2020,07:18:00,Flow_cfs,65.83,,G
04/09/2020,07:18:00,FlowVolume,21584.29,,G
04/09/2020,07:19:00,PT Level,22.13,in,G
04/09/2020,07:19:00,Flow_cfs,65.67,,G
04/09/2020,07:19:00,FlowVolume,25524.29,,G
04/09/2020,07:20:00,PT Level,22.21,in,G
04/09/2020,07:20:00,Aliquot_Num,29,ali,G
04/09/2020,07:20:00,Flow_cfs,66.44,,G
04/09/2020,07:20:00,Curr_pacing,30000.00,,G
04/09/2020,07:20:00,FlowVolume,29510.95,,G
04/09/2020,07:21:00,PT Level,22.31,in,G
04/09/2020,07:21:00,Flow_cfs,67.71,,G
04/09/2020,07:21:00,Triggered S,30,,G
04/09/2020,07:21:00,VolumeTrig,33573.81,,G
04/09/2020,07:21:00,FlowVolume,3573.81,,G
04/09/2020,07:22:00,PT Level,22.41,in,G
04/09/2020,07:22:00,Flow_cfs,68.80,,G
04/09/2020,07:22:00,FlowVolume,7701.81,,G
04/09/2020,07:23:00,PT Level,22.43,in,G
04/09/2020,07:23:00,Flow_cfs,69.00,,G
04/09/2020,07:23:00,FlowVolume,11841.81,,G
04/09/2020,07:24:00,PT Level,22.47,in,G
04/09/2020,07:24:00,Flow_cfs,69.36,,G
04/09/2020,07:24:00,FlowVolume,16003.63,,G
04/09/2020,07:25:00,PT Level,22.53,in,G
04/09/2020,07:25:00,Aliquot_Num,30,ali,G
04/09/2020,07:25:00,Flow_cfs,69.91,,G
04/09/2020,07:25:00,Curr_pacing,30000.00,,G
04/09/2020,07:25:00,FlowVolume,20198.17,,G
04/09/2020,07:26:00,PT Level,22.65,in,G
04/09/2020,07:26:00,Flow_cfs,71.12,,G
04/09/2020,07:26:00,FlowVolume,24465.67,,G
04/09/2020,07:27:00,PT Level,22.68,in,G
04/09/2020,07:27:00,Flow_cfs,71.25,,G
04/09/2020,07:27:00,FlowVolume,28740.67,,G
04/09/2020,07:28:00,PT Level,22.82,in,G
04/09/2020,07:28:00,Flow_cfs,71.83,,G
04/09/2020,07:28:00,Triggered S,31,,G
04/09/2020,07:28:00,VolumeTrig,33050.67,,G
04/09/2020,07:28:00,FlowVolume,3050.67,,G
04/09/2020,07:29:00,PT Level,22.85,in,G
04/09/2020,07:29:00,Flow_cfs,71.96,,G
04/09/2020,07:29:00,FlowVolume,7368.17,,G
04/09/2020,07:30:00,PT Level,22.91,in,G
04/09/2020,07:30:00,Aliquot_Num,31,ali,G
04/09/2020,07:30:00,Flow_cfs,74.45,,G
04/09/2020,07:30:00,Curr_pacing,30000.00,,G
04/09/2020,07:30:00,FlowVolume,11835.45,,G
04/09/2020,07:31:00,PT Level,23.05,in,G
04/09/2020,07:31:00,Flow_cfs,75.31,,G
04/09/2020,07:31:00,FlowVolume,16353.91,,G
04/09/2020,07:32:00,PT Level,23.10,in,G
04/09/2020,07:32:00,Flow_cfs,75.50,,G
04/09/2020,07:32:00,FlowVolume,20883.91,,G
04/09/2020,07:33:00,PT Level,23.17,in,G
04/09/2020,07:33:00,Flow_cfs,75.77,,G
04/09/2020,07:33:00,FlowVolume,25430.06,,G
04/09/2020,07:34:00,PT Level,23.14,in,G
04/09/2020,07:34:00,Flow_cfs,75.65,,G
04/09/2020,07:34:00,FlowVolume,29969.29,,G
04/09/2020,07:35:00,PT Level,23.32,in,G
04/09/2020,07:35:00,Aliquot_Num,31,ali,G
04/09/2020,07:35:00,Flow_cfs,77.60,,G
04/09/2020,07:35:00,Curr_pacing,30000.00,,G
04/09/2020,07:35:00,Triggered S,32,,G
04/09/2020,07:35:00,VolumeTrig,34625.29,,G
04/09/2020,07:35:00,FlowVolume,4625.29,,G
04/09/2020,07:36:00,PT Level,23.41,in,G
04/09/2020,07:36:00,Flow_cfs,79.73,,G
04/09/2020,07:36:00,FlowVolume,9408.93,,G
04/09/2020,07:37:00,PT Level,23.45,in,G
04/09/2020,07:37:00,Flow_cfs,80.05,,G
04/09/2020,07:37:00,FlowVolume,14211.93,,G
04/09/2020,07:38:00,PT Level,23.58,in,G
04/09/2020,07:38:00,Flow_cfs,80.70,,G
04/09/2020,07:38:00,FlowVolume,19053.93,,G
04/09/2020,07:39:00,PT Level,23.62,in,G
04/09/2020,07:39:00,Flow_cfs,80.90,,G
04/09/2020,07:39:00,FlowVolume,23907.93,,G
04/09/2020,07:40:00,PT Level,23.69,in,G
04/09/2020,07:40:00,Aliquot_Num,32,ali,G
04/09/2020,07:40:00,Flow_cfs,82.29,,G
04/09/2020,07:40:00,Curr_pacing,30000.00,,G
04/09/2020,07:40:00,FlowVolume,28845.07,,G
04/09/2020,07:41:00,PT Level,23.76,in,G
04/09/2020,07:41:00,Flow_cfs,84.11,,G
04/09/2020,07:41:00,Triggered S,33,,G
04/09/2020,07:41:00,VolumeTrig,33891.74,,G
04/09/2020,07:41:00,FlowVolume,3891.74,,G
04/09/2020,07:42:00,PT Level,23.82,in,G
04/09/2020,07:42:00,Flow_cfs,84.33,,G
04/09/2020,07:42:00,FlowVolume,8951.74,,G
04/09/2020,07:43:00,PT Level,23.90,in,G
04/09/2020,07:43:00,Flow_cfs,84.63,,G
04/09/2020,07:43:00,FlowVolume,14029.52,,G
04/09/2020,07:44:00,PT Level,23.91,in,G
04/09/2020,07:44:00,Flow_cfs,84.67,,G
04/09/2020,07:44:00,FlowVolume,19109.52,,G
04/09/2020,07:45:00,PT Level,24.07,in,G
04/09/2020,07:45:00,Aliquot_Num,33,ali,G
04/09/2020,07:45:00,Flow_cfs,86.77,,G
04/09/2020,07:45:00,Curr_pacing,30000.00,,G
04/09/2020,07:45:00,FlowVolume,24315.97,,G
04/09/2020,07:46:00,PT Level,24.09,in,G
04/09/2020,07:46:00,Flow_cfs,86.84,,G
04/09/2020,07:46:00,FlowVolume,29526.29,,G
04/09/2020,07:47:00,PT Level,24.23,in,G
04/09/2020,07:47:00,Flow_cfs,88.00,,G
04/09/2020,07:47:00,Triggered S,34,,G
04/09/2020,07:47:00,VolumeTrig,34806.29,,G
04/09/2020,07:47:00,FlowVolume,4806.29,,G
04/09/2020,07:48:00,PT Level,24.36,in,G
04/09/2020,07:48:00,Flow_cfs,90.82,,G
04/09/2020,07:48:00,FlowVolume,10255.38,,G
04/09/2020,07:49:00,PT Level,24.39,in,G
04/09/2020,07:49:00,Flow_cfs,91.07,,G
04/09/2020,07:49:00,FlowVolume,15719.38,,G
04/09/2020,07:50:00,PT Level,24.46,in,G
04/09/2020,07:50:00,Aliquot_Num,34,ali,G
04/09/2020,07:50:00,Flow_cfs,91.53,,G
04/09/2020,07:50:00,Curr_pacing,30000.00,,G
04/09/2020,07:50:00,FlowVolume,21211.38,,G
04/09/2020,07:51:00,PT Level,24.54,in,G
04/09/2020,07:51:00,Flow_cfs,95.00,,G
04/09/2020,07:51:00,FlowVolume,26911.38,,G
04/09/2020,07:52:00,PT Level,24.52,in,G
04/09/2020,07:52:00,Flow_cfs,91.93,,G
04/09/2020,07:52:00,Triggered S,35,,G
04/09/2020,07:52:00,VolumeTrig,32427.38,,G
04/09/2020,07:52:00,FlowVolume,2427.38,,G
04/09/2020,07:53:00,PT Level,24.66,in,G
04/09/2020,07:53:00,Flow_cfs,95.33,,G
04/09/2020,07:53:00,FlowVolume,8147.38,,G
04/09/2020,07:54:00,PT Level,24.83,in,G
04/09/2020,07:54:00,Flow_cfs,95.81,,G
04/09/2020,07:54:00,FlowVolume,13895.71,,G
04/09/2020,07:55:00,PT Level,24.90,in,G
04/09/2020,07:55:00,Aliquot_Num,35,ali,G
04/09/2020,07:55:00,Flow_cfs,99.24,,G
04/09/2020,07:55:00,Curr_pacing,30000.00,,G
04/09/2020,07:55:00,FlowVolume,19850.11,,G
04/09/2020,07:56:00,PT Level,24.98,in,G
04/09/2020,07:56:00,Flow_cfs,99.56,,G
04/09/2020,07:56:00,FlowVolume,25823.71,,G
04/09/2020,07:57:00,PT Level,25.05,in,G
04/09/2020,07:57:00,Flow_cfs,99.84,,G
04/09/2020,07:57:00,Triggered S,36,,G
04/09/2020,07:57:00,VolumeTrig,31814.11,,G
04/09/2020,07:57:00,FlowVolume,1814.11,,G
04/09/2020,07:58:00,PT Level,25.14,in,G
04/09/2020,07:58:00,Flow_cfs,101.25,,G
04/09/2020,07:58:00,FlowVolume,7889.11,,G
04/09/2020,07:59:00,PT Level,25.24,in,G
04/09/2020,07:59:00,Flow_cfs,103.75,,G
04/09/2020,07:59:00,FlowVolume,14114.12,,G
04/09/2020,08:00:00,PT Level,25.36,in,G
04/09/2020,08:00:00,Aliquot_Num,36,ali,G
04/09/2020,08:00:00,Flow_cfs,105.85,,G
04/09/2020,08:00:00,Curr_pacing,30000.00,,G
04/09/2020,08:00:00,FlowVolume,20465.34,,G
04/09/2020,08:01:00,PT Level,25.50,in,G
04/09/2020,08:01:00,Flow_cfs,107.56,,G
04/09/2020,08:01:00,FlowVolume,26918.99,,G
04/09/2020,08:02:00,PT Level,25.53,in,G
04/09/2020,08:02:00,Flow_cfs,107.93,,G
04/09/2020,08:02:00,Triggered S,37,,G
04/09/2020,08:02:00,VolumeTrig,33394.60,,G
04/09/2020,08:02:00,FlowVolume,3394.60,,G
04/09/2020,08:03:00,PT Level,25.65,in,G
04/09/2020,08:03:00,Flow_cfs,109.39,,G
04/09/2020,08:03:00,FlowVolume,9958.02,,G
04/09/2020,08:04:00,PT Level,25.80,in,G
04/09/2020,08:04:00,Flow_cfs,115.36,,G
04/09/2020,08:04:00,FlowVolume,16879.45,,G
04/09/2020,08:05:00,PT Level,25.87,in,G
04/09/2020,08:05:00,Aliquot_Num,37,ali,G
04/09/2020,08:05:00,Flow_cfs,116.61,,G
04/09/2020,08:05:00,Curr_pacing,30000.00,,G
04/09/2020,08:05:00,FlowVolume,23875.87,,G
04/09/2020,08:06:00,PT Level,25.87,in,G
04/09/2020,08:06:00,Flow_cfs,116.61,,G
04/09/2020,08:06:00,Triggered S,38,,G
04/09/2020,08:06:00,VolumeTrig,30872.30,,G
04/09/2020,08:06:00,FlowVolume,872.30,,G
04/09/2020,08:07:00,PT Level,25.90,in,G
04/09/2020,08:07:00,Flow_cfs,117.14,,G
04/09/2020,08:07:00,FlowVolume,7900.87,,G
04/09/2020,08:08:00,PT Level,26.03,in,G
04/09/2020,08:08:00,Flow_cfs,119.46,,G
04/09/2020,08:08:00,FlowVolume,15068.73,,G
04/09/2020,08:09:00,PT Level,26.21,in,G
04/09/2020,08:09:00,Flow_cfs,121.79,,G
04/09/2020,08:09:00,FlowVolume,22375.87,,G
04/09/2020,08:10:00,PT Level,26.35,in,G
04/09/2020,08:10:00,Aliquot_Num,38,ali,G
04/09/2020,08:10:00,Flow_cfs,123.45,,G
04/09/2020,08:10:00,Curr_pacing,30000.00,,G
04/09/2020,08:10:00,FlowVolume,29783.01,,G
04/09/2020,08:11:00,PT Level,26.32,in,G
04/09/2020,08:11:00,Flow_cfs,123.10,,G
04/09/2020,08:11:00,Triggered S,39,,G
04/09/2020,08:11:00,VolumeTrig,37168.73,,G
04/09/2020,08:11:00,FlowVolume,7168.73,,G
04/09/2020,08:12:00,PT Level,26.43,in,G
04/09/2020,08:12:00,Flow_cfs,124.40,,G
04/09/2020,08:12:00,FlowVolume,14633.01,,G
04/09/2020,08:13:00,PT Level,26.68,in,G
04/09/2020,08:13:00,Flow_cfs,129.76,,G
04/09/2020,08:13:00,FlowVolume,22418.73,,G
04/09/2020,08:14:00,PT Level,26.77,in,G
04/09/2020,08:14:00,Flow_cfs,133.33,,G
04/09/2020,08:14:00,Triggered S,40,,G
04/09/2020,08:14:00,VolumeTrig,30418.73,,G
04/09/2020,08:14:00,FlowVolume,418.73,,G
04/09/2020,08:15:00,PT Level,26.83,in,G
04/09/2020,08:15:00,Aliquot_Num,40,ali,G
04/09/2020,08:15:00,Flow_cfs,135.53,,G
04/09/2020,08:15:00,Curr_pacing,30000.00,,G
04/09/2020,08:15:00,FlowVolume,8550.31,,G
04/09/2020,08:16:00,PT Level,26.99,in,G
04/09/2020,08:16:00,Flow_cfs,139.74,,G
04/09/2020,08:16:00,FlowVolume,16934.52,,G
04/09/2020,08:17:00,PT Level,26.95,in,G
04/09/2020,08:17:00,Flow_cfs,138.68,,G
04/09/2020,08:17:00,FlowVolume,25255.58,,G
04/09/2020,08:18:00,PT Level,27.16,in,G
04/09/2020,08:18:00,Flow_cfs,141.95,,G
04/09/2020,08:18:00,Triggered S,41,,G
04/09/2020,08:18:00,VolumeTrig,33772.65,,G
04/09/2020,08:18:00,FlowVolume,3772.65,,G
04/09/2020,08:19:00,PT Level,27.47,in,G
04/09/2020,08:19:00,Flow_cfs,150.00,,G
04/09/2020,08:19:00,FlowVolume,12772.65,,G
04/09/2020,08:20:00,PT Level,27.34,in,G
04/09/2020,08:20:00,Aliquot_Num,41,ali,G
04/09/2020,08:20:00,Flow_cfs,144.15,,G
04/09/2020,08:20:00,Curr_pacing,30000.00,,G
04/09/2020,08:20:00,FlowVolume,21421.43,,G
04/09/2020,08:21:00,PT Level,27.48,in,G
04/09/2020,08:21:00,Flow_cfs,150.05,,G
04/09/2020,08:21:00,Triggered S,42,,G
04/09/2020,08:21:00,VolumeTrig,30424.43,,G
04/09/2020,08:21:00,FlowVolume,424.43,,G
04/09/2020,08:22:00,PT Level,27.39,in,G
04/09/2020,08:22:00,Flow_cfs,144.76,,G
04/09/2020,08:22:00,FlowVolume,9109.80,,G
04/09/2020,08:23:00,PT Level,27.74,in,G
04/09/2020,08:23:00,Flow_cfs,151.35,,G
04/09/2020,08:23:00,FlowVolume,18190.80,,G
04/09/2020,08:24:00,PT Level,27.75,in,G
04/09/2020,08:24:00,Flow_cfs,151.40,,G
04/09/2020,08:24:00,FlowVolume,27274.80,,G
04/09/2020,08:25:00,PT Level,27.75,in,G
04/09/2020,08:25:00,Aliquot_Num,42,ali,G
04/09/2020,08:25:00,Flow_cfs,151.40,,G
04/09/2020,08:25:00,Curr_pacing,30000.00,,G
04/09/2020,08:25:00,Triggered S,43,,G
04/09/2020,08:25:00,VolumeTrig,36358.80,,G
04/09/2020,08:25:00,FlowVolume,6358.80,,G
04/09/2020,08:26:00,PT Level,27.89,in,G
04/09/2020,08:26:00,Flow_cfs,152.10,,G
04/09/2020,08:26:00,FlowVolume,15484.80,,G
04/09/2020,08:27:00,PT Level,27.90,in,G
04/09/2020,08:27:00,Flow_cfs,152.15,,G
04/09/2020,08:27:00,FlowVolume,24613.80,,G
04/09/2020,08:28:00,PT Level,27.97,in,G
04/09/2020,08:28:00,Flow_cfs,152.50,,G
04/09/2020,08:28:00,Triggered S,44,,G
04/09/2020,08:28:00,VolumeTrig,33763.80,,G
04/09/2020,08:28:00,FlowVolume,3763.80,,G
04/09/2020,08:29:00,PT Level,28.05,in,G
04/09/2020,08:29:00,Flow_cfs,152.90,,G
04/09/2020,08:29:00,FlowVolume,12937.80,,G
04/09/2020,08:30:00,PT Level,28.15,in,G
04/09/2020,08:30:00,Aliquot_Num,44,ali,G
04/09/2020,08:30:00,Flow_cfs,153.40,,G
04/09/2020,08:30:00,Curr_pacing,30000.00,,G
04/09/2020,08:30:00,FlowVolume,22141.80,,G
04/09/2020,08:31:00,PT Level,28.24,in,G
04/09/2020,08:31:00,Flow_cfs,153.85,,G
04/09/2020,08:31:00,Triggered S,45,,G
04/09/2020,08:31:00,VolumeTrig,31372.80,,G
04/09/2020,08:31:00,FlowVolume,1372.80,,G
04/09/2020,08:32:00,PT Level,28.43,in,G
04/09/2020,08:32:00,Flow_cfs,154.80,,G
04/09/2020,08:32:00,FlowVolume,10660.80,,G
04/09/2020,08:33:00,PT Level,28.55,in,G
04/09/2020,08:33:00,Flow_cfs,190.88,,G
04/09/2020,08:33:00,FlowVolume,22113.74,,G
04/09/2020,08:34:00,PT Level,28.53,in,G
04/09/2020,08:34:00,Flow_cfs,190.59,,G
04/09/2020,08:34:00,Triggered S,46,,G
04/09/2020,08:34:00,VolumeTrig,33549.03,,G
04/09/2020,08:34:00,FlowVolume,3549.03,,G
04/09/2020,08:35:00,PT Level,28.70,in,G
04/09/2020,08:35:00,Aliquot_Num,46,ali,G
04/09/2020,08:35:00,Flow_cfs,193.09,,G
04/09/2020,08:35:00,Curr_pacing,30000.00,,G
04/09/2020,08:35:00,FlowVolume,15134.33,,G
04/09/2020,08:36:00,PT Level,28.76,in,G
04/09/2020,08:36:00,Flow_cfs,193.97,,G
04/09/2020,08:36:00,FlowVolume,26772.56,,G
04/09/2020,08:37:00,PT Level,28.80,in,G
04/09/2020,08:37:00,Flow_cfs,194.56,,G
04/09/2020,08:37:00,Triggered S,47,,G
04/09/2020,08:37:00,VolumeTrig,38446.09,,G
04/09/2020,08:37:00,FlowVolume,8446.09,,G
04/09/2020,08:38:00,PT Level,28.91,in,G
04/09/2020,08:38:00,Flow_cfs,203.37,,G
04/09/2020,08:38:00,FlowVolume,20648.01,,G
04/09/2020,08:39:00,PT Level,29.09,in,G
04/09/2020,08:39:00,Flow_cfs,205.45,,G
04/09/2020,08:39:00,Triggered S,48,,G
04/09/2020,08:39:00,VolumeTrig,32975.29,,G
04/09/2020,08:39:00,FlowVolume,2975.29,,G
04/09/2020,08:40:00,PT Level,29.18,in,G
04/09/2020,08:40:00,Aliquot_Num,48,ali,G
04/09/2020,08:40:00,Flow_cfs,209.55,,G
04/09/2020,08:40:00,Curr_pacing,30000.00,,G
04/09/2020,08:40:00,FlowVolume,15548.01,,G
04/09/2020,08:41:00,PT Level,29.28,in,G
04/09/2020,08:41:00,Flow_cfs,210.96,,G
04/09/2020,08:41:00,FlowVolume,28205.46,,G
04/09/2020,08:42:00,PT Level,29.33,in,G
04/09/2020,08:42:00,Flow_cfs,211.49,,G
04/09/2020,08:42:00,Triggered S,49,,G
04/09/2020,08:42:00,VolumeTrig,40894.82,,G
04/09/2020,08:42:00,FlowVolume,10894.82,,G
04/09/2020,08:43:00,PT Level,29.35,in,G
04/09/2020,08:43:00,Flow_cfs,211.70,,G
04/09/2020,08:43:00,FlowVolume,23596.95,,G
04/09/2020,08:44:00,PT Level,29.41,in,G
04/09/2020,08:44:00,Flow_cfs,212.34,,G
04/09/2020,08:44:00,Triggered S,50,,G
04/09/2020,08:44:00,VolumeTrig,36337.38,,G
04/09/2020,08:44:00,FlowVolume,6337.38,,G
04/09/2020,08:45:00,PT Level,29.38,in,G
04/09/2020,08:45:00,Aliquot_Num,50,ali,G
04/09/2020,08:45:00,Flow_cfs,212.02,,G
04/09/2020,08:45:00,Curr_pacing,30000.00,,G
04/09/2020,08:45:00,FlowVolume,19058.65,,G
04/09/2020,08:46:00,PT Level,29.53,in,G
04/09/2020,08:46:00,Flow_cfs,213.62,,G
04/09/2020,08:46:00,Triggered S,51,,G
04/09/2020,08:46:00,VolumeTrig,31875.67,,G
04/09/2020,08:46:00,FlowVolume,1875.67,,G
04/09/2020,08:47:00,PT Level,29.60,in,G
04/09/2020,08:47:00,Flow_cfs,214.36,,G
04/09/2020,08:47:00,FlowVolume,14737.37,,G
04/09/2020,08:48:00,PT Level,29.64,in,G
04/09/2020,08:48:00,Flow_cfs,214.79,,G
04/09/2020,08:48:00,FlowVolume,27624.61,,G
04/09/2020,08:49:00,PT Level,29.75,in,G
04/09/2020,08:49:00,Flow_cfs,231.15,,G
04/09/2020,08:49:00,Triggered S,52,,G
04/09/2020,08:49:00,VolumeTrig,41493.84,,G
04/09/2020,08:49:00,FlowVolume,11493.84,,G
04/09/2020,08:50:00,PT Level,29.83,in,G
04/09/2020,08:50:00,Aliquot_Num,52,ali,G
04/09/2020,08:50:00,Flow_cfs,232.69,,G
04/09/2020,08:50:00,Curr_pacing,30000.00,,G
04/09/2020,08:50:00,FlowVolume,25455.38,,G
04/09/2020,08:51:00,PT Level,29.94,in,G
04/09/2020,08:51:00,Flow_cfs,234.81,,G
04/09/2020,08:51:00,Triggered S,53,,G
04/09/2020,08:51:00,VolumeTrig,39543.84,,G
04/09/2020,08:51:00,FlowVolume,9543.84,,G
04/09/2020,08:52:00,PT Level,30.00,in,G
04/09/2020,08:52:00,Flow_cfs,257.15,,G
04/09/2020,08:52:00,FlowVolume,24973.01,,G
04/09/2020,08:53:00,PT Level,30.18,in,G
04/09/2020,08:53:00,Flow_cfs,258.40,,G
04/09/2020,08:53:00,Triggered S,54,,G
04/09/2020,08:53:00,VolumeTrig,40477.17,,G
04/09/2020,08:53:00,FlowVolume,10477.17,,G
04/09/2020,08:54:00,PT Level,30.19,in,G
04/09/2020,08:54:00,Flow_cfs,258.47,,G
04/09/2020,08:54:00,FlowVolume,25985.51,,G
04/09/2020,08:55:00,PT Level,30.28,in,G
04/09/2020,08:55:00,Aliquot_Num,54,ali,G
04/09/2020,08:55:00,Flow_cfs,259.10,,G
04/09/2020,08:55:00,Curr_pacing,30000.00,,G
04/09/2020,08:55:00,Triggered S,55,,G
04/09/2020,08:55:00,VolumeTrig,41531.34,,G
04/09/2020,08:55:00,FlowVolume,11531.34,,G
04/09/2020,08:56:00,PT Level,30.39,in,G
04/09/2020,08:56:00,Flow_cfs,259.86,,G
04/09/2020,08:56:00,FlowVolume,27123.01,,G
04/09/2020,08:57:00,PT Level,30.43,in,G
04/09/2020,08:57:00,Flow_cfs,260.24,,G
04/09/2020,08:57:00,Triggered S,56,,G
04/09/2020,08:57:00,VolumeTrig,42737.29,,G
04/09/2020,08:57:00,FlowVolume,12737.29,,G
04/09/2020,08:58:00,PT Level,30.48,in,G
04/09/2020,08:58:00,Flow_cfs,260.83,,G
04/09/2020,08:58:00,FlowVolume,28387.29,,G
04/09/2020,08:59:00,PT Level,30.63,in,G
04/09/2020,08:59:00,Flow_cfs,262.62,,G
04/09/2020,08:59:00,Triggered S,57,,G
04/09/2020,08:59:00,VolumeTrig,44144.43,,G
04/09/2020,08:59:00,FlowVolume,14144.43,,G
04/09/2020,09:00:00,PT Level,30.61,in,G
04/09/2020,09:00:00,Aliquot_Num,57,ali,G
04/09/2020,09:00:00,Flow_cfs,262.38,,G
04/09/2020,09:00:00,Curr_pacing,30000.00,,G
04/09/2020,09:00:00,FlowVolume,29887.29,,G
04/09/2020,09:01:00,PT Level,30.75,in,G
04/09/2020,09:01:00,Flow_cfs,264.05,,G
04/09/2020,09:01:00,Triggered S,58,,G
04/09/2020,09:01:00,VolumeTrig,45730.15,,G
04/09/2020,09:01:00,FlowVolume,15730.15,,G
04/09/2020,09:02:00,PT Level,30.76,in,G
04/09/2020,09:02:00,Flow_cfs,264.17,,G
04/09/2020,09:02:00,Triggered S,59,,G
04/09/2020,09:02:00,VolumeTrig,31580.15,,G
04/09/2020,09:02:00,FlowVolume,1580.15,,G
04/09/2020,09:03:00,PT Level,31.03,in,G
04/09/2020,09:03:00,Flow_cfs,289.23,,G
04/09/2020,09:03:00,FlowVolume,18933.99,,G
04/09/2020,09:04:00,PT Level,30.97,in,G
04/09/2020,09:04:00,Flow_cfs,288.08,,G
04/09/2020,09:04:00,Triggered S,60,,G
04/09/2020,09:04:00,VolumeTrig,36218.61,,G
04/09/2020,09:04:00,FlowVolume,6218.61,,G
04/09/2020,09:05:00,PT Level,31.17,in,G
04/09/2020,09:05:00,Aliquot_Num,60,ali,G
04/09/2020,09:05:00,Flow_cfs,300.00,,G
04/09/2020,09:05:00,Curr_pacing,30000.00,,G
04/09/2020,09:05:00,FlowVolume,24218.60,,G
04/09/2020,09:06:00,PT Level,31.20,in,G
04/09/2020,09:06:00,Flow_cfs,300.94,,G
04/09/2020,09:06:00,Triggered S,61,,G
04/09/2020,09:06:00,VolumeTrig,42274.85,,G
04/09/2020,09:06:00,FlowVolume,12274.85,,G
04/09/2020,09:07:00,PT Level,31.28,in,G
04/09/2020,09:07:00,Flow_cfs,303.44,,G
04/09/2020,09:07:00,Triggered S,62,,G
04/09/2020,09:07:00,VolumeTrig,30481.10,,G
04/09/2020,09:07:00,FlowVolume,481.10,,G
04/09/2020,09:08:00,PT Level,31.39,in,G
04/09/2020,09:08:00,Flow_cfs,306.87,,G
04/09/2020,09:08:00,FlowVolume,18893.60,,G
04/09/2020,09:09:00,PT Level,31.42,in,G
04/09/2020,09:09:00,Flow_cfs,307.81,,G
04/09/2020,09:09:00,Triggered S,63,,G
04/09/2020,09:09:00,VolumeTrig,37362.35,,G
04/09/2020,09:09:00,FlowVolume,7362.35,,G
04/09/2020,09:10:00,PT Level,31.49,in,G
04/09/2020,09:10:00,Aliquot_Num,63,ali,G
04/09/2020,09:10:00,Flow_cfs,310.00,,G
04/09/2020,09:10:00,Curr_pacing,30000.00,,G
04/09/2020,09:10:00,FlowVolume,25962.35,,G
04/09/2020,09:11:00,PT Level,31.59,in,G
04/09/2020,09:11:00,Flow_cfs,313.57,,G
04/09/2020,09:11:00,Triggered S,64,,G
04/09/2020,09:11:00,VolumeTrig,44776.64,,G
04/09/2020,09:11:00,FlowVolume,14776.64,,G
04/09/2020,09:12:00,PT Level,31.65,in,G
04/09/2020,09:12:00,Flow_cfs,315.71,,G
04/09/2020,09:12:00,Triggered S,65,,G
04/09/2020,09:12:00,VolumeTrig,33719.50,,G
04/09/2020,09:12:00,FlowVolume,3719.50,,G
04/09/2020,09:13:00,PT Level,31.75,in,G
04/09/2020,09:13:00,Flow_cfs,319.29,,G
04/09/2020,09:13:00,FlowVolume,22876.64,,G
04/09/2020,09:14:00,PT Level,31.73,in,G
04/09/2020,09:14:00,Flow_cfs,318.57,,G
04/09/2020,09:14:00,Triggered S,66,,G
04/09/2020,09:14:00,VolumeTrig,41990.92,,G
04/09/2020,09:14:00,FlowVolume,11990.92,,G
04/09/2020,09:15:00,PT Level,31.90,in,G
04/09/2020,09:15:00,Aliquot_Num,66,ali,G
04/09/2020,09:15:00,Flow_cfs,330.14,,G
04/09/2020,09:15:00,Curr_pacing,30000.00,,G
04/09/2020,09:15:00,Triggered S,67,,G
04/09/2020,09:15:00,VolumeTrig,31799.26,,G
04/09/2020,09:15:00,FlowVolume,1799.26,,G
04/09/2020,09:16:00,PT Level,31.94,in,G
04/09/2020,09:16:00,Flow_cfs,330.69,,G
04/09/2020,09:16:00,FlowVolume,21640.92,,G
04/09/2020,09:17:00,PT Level,32.06,in,G
04/09/2020,09:17:00,Flow_cfs,332.36,,G
04/09/2020,09:17:00,Triggered S,68,,G
04/09/2020,09:17:00,VolumeTrig,41582.59,,G
04/09/2020,09:17:00,FlowVolume,11582.59,,G
04/09/2020,09:18:00,PT Level,32.06,in,G
04/09/2020,09:18:00,Flow_cfs,332.36,,G
04/09/2020,09:18:00,Triggered S,69,,G
04/09/2020,09:18:00,VolumeTrig,31524.26,,G
04/09/2020,09:18:00,FlowVolume,1524.26,,G
04/09/2020,09:19:00,PT Level,32.26,in,G
04/09/2020,09:19:00,Flow_cfs,335.14,,G
04/09/2020,09:19:00,FlowVolume,21632.59,,G
04/09/2020,09:20:00,PT Level,32.29,in,G
04/09/2020,09:20:00,Aliquot_Num,69,ali,G
04/09/2020,09:20:00,Flow_cfs,335.56,,G
04/09/2020,09:20:00,Curr_pacing,30000.00,,G
04/09/2020,09:20:00,Triggered S,70,,G
04/09/2020,09:20:00,VolumeTrig,41765.93,,G
04/09/2020,09:20:00,FlowVolume,11765.93,,G
04/09/2020,09:21:00,PT Level,32.40,in,G
04/09/2020,09:21:00,Flow_cfs,337.08,,G
04/09/2020,09:21:00,Triggered S,71,,G
04/09/2020,09:21:00,VolumeTrig,31990.93,,G
04/09/2020,09:21:00,FlowVolume,1990.93,,G
04/09/2020,09:22:00,PT Level,32.47,in,G
04/09/2020,09:22:00,Flow_cfs,338.06,,G
04/09/2020,09:22:00,FlowVolume,22274.26,,G
04/09/2020,09:23:00,PT Level,32.57,in,G
04/09/2020,09:23:00,Flow_cfs,339.44,,G
04/09/2020,09:23:00,Triggered S,72,,G
04/09/2020,09:23:00,VolumeTrig,42640.93,,G
04/09/2020,09:23:00,FlowVolume,12640.93,,G
04/09/2020,09:24:00,PT Level,32.64,in,G
04/09/2020,09:24:00,Flow_cfs,354.29,,G
04/09/2020,09:24:00,Triggered S,73,,G
04/09/2020,09:24:00,VolumeTrig,33898.07,,G
04/09/2020,09:24:00,FlowVolume,3898.07,,G
04/09/2020,09:25:00,PT Level,32.82,in,G
04/09/2020,09:25:00,Aliquot_Num,73,ali,G
04/09/2020,09:25:00,Flow_cfs,356.62,,G
04/09/2020,09:25:00,Curr_pacing,30000.00,,G
04/09/2020,09:25:00,FlowVolume,25295.47,,G
04/09/2020,09:26:00,PT Level,33.00,in,G
04/09/2020,09:26:00,Flow_cfs,358.96,,G
04/09/2020,09:26:00,Triggered S,74,,G
04/09/2020,09:26:00,VolumeTrig,46833.13,,G
04/09/2020,09:26:00,FlowVolume,16833.13,,G
04/09/2020,09:27:00,PT Level,33.12,in,G
04/09/2020,09:27:00,Flow_cfs,387.69,,G
04/09/2020,09:27:00,Triggered S,75,,G
04/09/2020,09:27:00,VolumeTrig,40094.67,,G
04/09/2020,09:27:00,FlowVolume,10094.67,,G
04/09/2020,09:28:00,PT Level,33.21,in,G
04/09/2020,09:28:00,Flow_cfs,392.50,,G
04/09/2020,09:28:00,Triggered S,76,,G
04/09/2020,09:28:00,VolumeTrig,33644.67,,G
04/09/2020,09:28:00,FlowVolume,3644.67,,G
04/09/2020,09:29:00,PT Level,33.28,in,G
04/09/2020,09:29:00,Flow_cfs,395.42,,G
04/09/2020,09:29:00,FlowVolume,27369.66,,G
04/09/2020,09:30:00,PT Level,33.30,in,G
04/09/2020,09:30:00,Aliquot_Num,76,ali,G
04/09/2020,09:30:00,Flow_cfs,396.25,,G
04/09/2020,09:30:00,Curr_pacing,30000.00,,G
04/09/2020,09:30:00,Triggered S,77,,G
04/09/2020,09:30:00,VolumeTrig,51144.66,,G
04/09/2020,09:30:00,FlowVolume,21144.66,,G
04/09/2020,09:31:00,PT Level,33.41,in,G
04/09/2020,09:31:00,Flow_cfs,400.87,,G
04/09/2020,09:31:00,Triggered S,78,,G
04/09/2020,09:31:00,VolumeTrig,45196.83,,G
04/09/2020,09:31:00,FlowVolume,15196.83,,G
04/09/2020,09:32:00,PT Level,33.28,in,G
04/09/2020,09:32:00,Flow_cfs,395.42,,G
04/09/2020,09:32:00,Triggered S,79,,G
04/09/2020,09:32:00,VolumeTrig,38921.83,,G
04/09/2020,09:32:00,FlowVolume,8921.83,,G
04/09/2020,09:33:00,PT Level,33.38,in,G
04/09/2020,09:33:00,Flow_cfs,399.58,,G
04/09/2020,09:33:00,Triggered S,80,,G
04/09/2020,09:33:00,VolumeTrig,32896.83,,G
04/09/2020,09:33:00,FlowVolume,2896.83,,G
04/09/2020,09:34:00,PT Level,33.56,in,G
04/09/2020,09:34:00,Flow_cfs,407.39,,G
04/09/2020,09:34:00,FlowVolume,27340.32,,G
04/09/2020,09:35:00,PT Level,33.48,in,G
04/09/2020,09:35:00,Aliquot_Num,80,ali,G
04/09/2020,09:35:00,Flow_cfs,403.91,,G
04/09/2020,09:35:00,Curr_pacing,30000.00,,G
04/09/2020,09:35:00,Triggered S,81,,G
04/09/2020,09:35:00,VolumeTrig,51575.10,,G
04/09/2020,09:35:00,FlowVolume,21575.10,,G
04/09/2020,09:36:00,PT Level,33.57,in,G
04/09/2020,09:36:00,Flow_cfs,407.83,,G
04/09/2020,09:36:00,Triggered S,82,,G
04/09/2020,09:36:00,VolumeTrig,46044.66,,G
04/09/2020,09:36:00,FlowVolume,16044.66,,G
04/09/2020,09:37:00,PT Level,33.73,in,G
04/09/2020,09:37:00,Flow_cfs,422.80,,G
04/09/2020,09:37:00,Triggered S,83,,G
04/09/2020,09:37:00,VolumeTrig,41412.66,,G
04/09/2020,09:37:00,FlowVolume,11412.66,,G
04/09/2020,09:38:00,PT Level,33.76,in,G
04/09/2020,09:38:00,Flow_cfs,424.00,,G
04/09/2020,09:38:00,Triggered S,84,,G
04/09/2020,09:38:00,VolumeTrig,36852.66,,G
04/09/2020,09:38:00,FlowVolume,6852.66,,G
04/09/2020,09:39:00,PT Level,33.84,in,G
04/09/2020,09:39:00,Flow_cfs,427.20,,G
04/09/2020,09:39:00,Triggered S,85,,G
04/09/2020,09:39:00,VolumeTrig,32484.66,,G
04/09/2020,09:39:00,FlowVolume,2484.66,,G
04/09/2020,09:40:00,PT Level,33.85,in,G
04/09/2020,09:40:00,Aliquot_Num,85,ali,G
04/09/2020,09:40:00,Flow_cfs,427.60,,G
04/09/2020,09:40:00,Curr_pacing,30000.00,,G
04/09/2020,09:40:00,FlowVolume,28140.65,,G
04/09/2020,09:41:00,PT Level,33.88,in,G
04/09/2020,09:41:00,Flow_cfs,428.80,,G
04/09/2020,09:41:00,Triggered S,86,,G
04/09/2020,09:41:00,VolumeTrig,53868.66,,G
04/09/2020,09:41:00,FlowVolume,23868.66,,G
04/09/2020,09:42:00,PT Level,34.04,in,G
04/09/2020,09:42:00,Flow_cfs,443.00,,G
04/09/2020,09:42:00,Triggered S,87,,G
04/09/2020,09:42:00,VolumeTrig,50448.66,,G
04/09/2020,09:42:00,FlowVolume,20448.66,,G
04/09/2020,09:43:00,PT Level,34.13,in,G
04/09/2020,09:43:00,Flow_cfs,447.50,,G
04/09/2020,09:43:00,Triggered S,88,,G
04/09/2020,09:43:00,VolumeTrig,47298.66,,G
04/09/2020,09:43:00,FlowVolume,17298.66,,G
04/09/2020,09:44:00,PT Level,34.18,in,G
04/09/2020,09:44:00,Flow_cfs,450.00,,G
04/09/2020,09:44:00,Triggered S,89,,G
04/09/2020,09:44:00,VolumeTrig,44298.66,,G
04/09/2020,09:44:00,FlowVolume,14298.66,,G
04/09/2020,09:45:00,PT Level,34.25,in,G
04/09/2020,09:45:00,Aliquot_Num,89,ali,G
04/09/2020,09:45:00,Flow_cfs,452.80,,G
04/09/2020,09:45:00,Curr_pacing,30000.00,,G
04/09/2020,09:45:00,Triggered S,90,,G
04/09/2020,09:45:00,VolumeTrig,41466.66,,G
04/09/2020,09:45:00,FlowVolume,11466.66,,G
04/09/2020,09:46:00,PT Level,34.31,in,G
04/09/2020,09:46:00,Flow_cfs,455.20,,G
04/09/2020,09:46:00,Triggered S,91,,G
04/09/2020,09:46:00,VolumeTrig,38778.67,,G
04/09/2020,09:46:00,FlowVolume,8778.67,,G
04/09/2020,09:47:00,PT Level,34.36,in,G
04/09/2020,09:47:00,Flow_cfs,457.20,,G
04/09/2020,09:47:00,Triggered S,92,,G
04/09/2020,09:47:00,VolumeTrig,36210.67,,G
04/09/2020,09:47:00,FlowVolume,6210.67,,G
04/09/2020,09:47:34,Log Download,0,,G
04/09/2020,09:48:00,PT Level,34.43,in,G
04/09/2020,09:48:00,Flow_cfs,460.00,,G
04/09/2020,09:48:00,Triggered S,93,,G
04/09/2020,09:48:00,VolumeTrig,33810.67,,G
04/09/2020,09:48:00,FlowVolume,3810.67,,G
04/09/2020,09:48:22,Log Download,0,,G
04/09/2020,09:49:00,PT Level,34.57,in,G
04/09/2020,09:49:00,Flow_cfs,471.76,,G
04/09/2020,09:49:00,Triggered S,94,,G
04/09/2020,09:49:00,VolumeTrig,32116.55,,G
04/09/2020,09:49:00,FlowVolume,2116.55,,G
04/09/2020,09:49:45,Client Conn,82,,G
04/09/2020,09:50:00,PT Level,34.60,in,G
04/09/2020,09:50:00,Aliquot_Num,94,ali,G
04/09/2020,09:50:00,Flow_cfs,473.53,,G
04/09/2020,09:50:00,Curr_pacing,30000.00,,G
04/09/2020,09:50:00,Triggered S,95,,G
04/09/2020,09:50:00,VolumeTrig,30528.31,,G
04/09/2020,09:50:00,FlowVolume,528.31,,G
04/09/2020,09:51:00,PT Level,34.63,in,G
04/09/2020,09:51:00,Flow_cfs,475.29,,G
04/09/2020,09:51:00,FlowVolume,29045.96,,G
04/09/2020,09:52:00,PT Level,34.76,in,G
04/09/2020,09:52:00,Flow_cfs,483.85,,G
04/09/2020,09:52:00,Triggered S,96,,G
04/09/2020,09:52:00,VolumeTrig,58076.72,,G
04/09/2020,09:52:00,FlowVolume,28076.72,,G
04/09/2020,09:53:00,PT Level,34.67,in,G
04/09/2020,09:53:00,Flow_cfs,477.65,,G
04/09/2020,09:53:00,Triggered S,97,,G
04/09/2020,09:53:00,VolumeTrig,56735.54,,G
04/09/2020,09:53:00,FlowVolume,26735.54,,G
04/09/2020,09:54:00,PT Level,34.75,in,G
04/09/2020,09:54:00,Flow_cfs,483.08,,G
04/09/2020,09:54:00,Triggered S,98,,G
04/09/2020,09:54:00,VolumeTrig,55720.15,,G
04/09/2020,09:54:00,FlowVolume,25720.15,,G
04/09/2020,09:55:00,PT Level,34.91,in,G
04/09/2020,09:55:00,Aliquot_Num,98,ali,G
04/09/2020,09:55:00,Flow_cfs,491.59,,G
04/09/2020,09:55:00,Curr_pacing,30000.00,,G
04/09/2020,09:55:00,Triggered S,99,,G
04/09/2020,09:55:00,VolumeTrig,55215.61,,G
04/09/2020,09:55:00,FlowVolume,25215.61,,G
04/09/2020,09:56:00,PT Level,35.03,in,G
04/09/2020,09:56:00,Flow_cfs,494.32,,G
04/09/2020,09:56:00,Triggered S,100,,G
04/09/2020,09:56:00,VolumeTrig,54874.70,,G
04/09/2020,09:56:00,FlowVolume,24874.70,,G
04/09/2020,09:57:00,PT Level,35.07,in,G
04/09/2020,09:57:00,Flow_cfs,495.23,,G
04/09/2020,09:57:00,Triggered S,101,,G
04/09/2020,09:57:00,VolumeTrig,54588.33,,G
04/09/2020,09:57:00,FlowVolume,24588.33,,G
04/09/2020,09:58:00,PT Level,35.12,in,G
04/09/2020,09:58:00,Flow_cfs,496.36,,G
04/09/2020,09:58:00,Triggered S,102,,G
04/09/2020,09:58:00,VolumeTrig,54370.15,,G
04/09/2020,09:58:00,FlowVolume,24370.15,,G
04/09/2020,09:59:00,PT Level,35.03,in,G
04/09/2020,09:59:00,Flow_cfs,494.32,,G
04/09/2020,09:59:00,Triggered S,103,,G
04/09/2020,09:59:00,VolumeTrig,54029.24,,G
04/09/2020,09:59:00,FlowVolume,24029.24,,G
04/09/2020,10:00:00,PT Level,35.22,in,G
04/09/2020,10:00:00,Aliquot_Num,103,ali,G
04/09/2020,10:00:00,Flow_cfs,498.64,,G
04/09/2020,10:00:00,Curr_pacing,30000.00,,G
04/09/2020,10:00:00,Triggered S,104,,G
04/09/2020,10:00:00,VolumeTrig,53947.42,,G
04/09/2020,10:00:00,FlowVolume,23947.42,,G
04/09/2020,10:01:00,PT Level,35.28,in,G
04/09/2020,10:01:00,Flow_cfs,500.00,,G
04/09/2020,10:01:00,Triggered S,105,,G
04/09/2020,10:01:00,VolumeTrig,53947.42,,G
04/09/2020,10:01:00,FlowVolume,23947.42,,G
04/09/2020,10:02:00,PT Level,35.28,in,G
04/09/2020,10:02:00,Flow_cfs,500.00,,G
04/09/2020,10:02:00,Triggered S,106,,G
04/09/2020,10:02:00,VolumeTrig,53947.42,,G
04/09/2020,10:02:00,FlowVolume,23947.42,,G
04/09/2020,10:03:00,PT Level,35.50,in,G
04/09/2020,10:03:00,Flow_cfs,538.50,,G
04/09/2020,10:03:00,Triggered S,107,,G
04/09/2020,10:03:00,VolumeTrig,56257.42,,G
04/09/2020,10:03:00,FlowVolume,26257.42,,G
04/09/2020,10:03:17,Triggered S,108,,G
04/09/2020,10:03:17,VolumeTrig,58507.42,,G
04/09/2020,10:03:35,SMS Receive,13,,G
04/09/2020,10:04:00,PT Level,35.45,in,G
04/09/2020,10:04:00,Flow_cfs,536.00,,G
04/09/2020,10:04:00,Triggered S,109,,G
04/09/2020,10:04:00,VolumeTrig,60667.42,,G
04/09/2020,10:04:00,FlowVolume,30667.42,,G
04/09/2020,10:05:00,PT Level,35.67,in,G
04/09/2020,10:05:00,Aliquot_Num,109,ali,G
04/09/2020,10:05:00,Flow_cfs,545.19,,G
04/09/2020,10:05:00,Curr_pacing,30000.00,,G
04/09/2020,10:05:00,Triggered S,110,,G
04/09/2020,10:05:00,VolumeTrig,63378.53,,G
04/09/2020,10:05:00,FlowVolume,33378.53,,G
04/09/2020,10:06:00,PT Level,35.65,in,G
04/09/2020,10:06:00,Flow_cfs,544.44,,G
04/09/2020,10:06:00,Triggered S,111,,G
04/09/2020,10:06:00,VolumeTrig,66045.20,,G
04/09/2020,10:06:00,FlowVolume,36045.20,,G
04/09/2020,10:07:00,PT Level,35.70,in,G
04/09/2020,10:07:00,Flow_cfs,546.30,,G
04/09/2020,10:07:00,Triggered S,112,,G
04/09/2020,10:07:00,VolumeTrig,68822.98,,G
04/09/2020,10:07:00,FlowVolume,38822.98,,G
04/09/2020,10:08:00,PT Level,35.71,in,G
04/09/2020,10:08:00,Flow_cfs,546.67,,G
04/09/2020,10:08:00,Triggered S,113,,G
04/09/2020,10:08:00,VolumeTrig,71622.98,,G
04/09/2020,10:08:00,FlowVolume,41622.98,,G
04/09/2020,10:09:00,PT Level,35.77,in,G
04/09/2020,10:09:00,Flow_cfs,548.89,,G
04/09/2020,10:09:00,Triggered S,114,,G
04/09/2020,10:09:00,VolumeTrig,74556.31,,G
04/09/2020,10:09:00,FlowVolume,44556.31,,G
04/09/2020,10:10:00,PT Level,35.74,in,G
04/09/2020,10:10:00,Aliquot_Num,114,ali,G
04/09/2020,10:10:00,Flow_cfs,547.78,,G
04/09/2020,10:10:00,Curr_pacing,30000.00,,G
04/09/2020,10:10:00,Triggered S,115,,G
04/09/2020,10:10:00,VolumeTrig,77422.98,,G
04/09/2020,10:10:00,FlowVolume,47422.98,,G
04/09/2020,10:10:34,Triggered S,116,,G
04/09/2020,10:10:34,VolumeTrig,80645.21,,G
04/09/2020,10:10:53,SMS Receive,14,,G
04/09/2020,10:11:00,PT Level,35.93,in,G
04/09/2020,10:11:00,Flow_cfs,554.81,,G
04/09/2020,10:11:00,Triggered S,117,,G
04/09/2020,10:11:00,VolumeTrig,83934.10,,G
04/09/2020,10:11:00,FlowVolume,53934.10,,G
04/09/2020,10:12:00,PT Level,35.98,in,G
04/09/2020,10:12:00,Flow_cfs,556.67,,G
04/09/2020,10:12:00,Triggered S,118,,G
04/09/2020,10:12:00,VolumeTrig,87334.09,,G
04/09/2020,10:12:00,FlowVolume,57334.09,,G
04/09/2020,10:13:00,PT Level,35.98,in,G
04/09/2020,10:13:00,Flow_cfs,556.67,,G
04/09/2020,10:13:00,Triggered S,119,,G
04/09/2020,10:13:00,VolumeTrig,90734.09,,G
04/09/2020,10:13:00,FlowVolume,60734.09,,G
04/09/2020,10:14:00,PT Level,36.08,in,G
04/09/2020,10:14:00,Flow_cfs,562.86,,G
04/09/2020,10:14:00,Triggered S,120,,G
04/09/2020,10:14:00,VolumeTrig,94505.55,,G
04/09/2020,10:14:00,FlowVolume,64505.55,,G
04/09/2020,10:15:00,PT Level,36.10,in,G
04/09/2020,10:15:00,Aliquot_Num,120,ali,G
04/09/2020,10:15:00,Flow_cfs,568.57,,G
04/09/2020,10:15:00,Curr_pacing,30000.00,,G
04/09/2020,10:15:00,Triggered S,121,,G
04/09/2020,10:15:00,VolumeTrig,98619.81,,G
04/09/2020,10:15:00,FlowVolume,68619.81,,G
04/09/2020,10:16:00,PT Level,36.02,in,G
04/09/2020,10:16:00,Flow_cfs,558.15,,G
04/09/2020,10:16:00,Triggered S,122,,G
04/09/2020,10:16:00,VolumeTrig,102108.70,,G
04/09/2020,10:16:00,FlowVolume,72108.70,,G
04/09/2020,10:17:00,PT Level,36.07,in,G
04/09/2020,10:17:00,Flow_cfs,560.00,,G
04/09/2020,10:17:00,Triggered S,123,,G
04/09/2020,10:17:00,VolumeTrig,105708.70,,G
04/09/2020,10:17:00,FlowVolume,75708.70,,G
04/09/2020,10:18:00,PT Level,36.21,in,G
04/09/2020,10:18:00,Flow_cfs,585.00,,G
04/09/2020,10:18:00,Triggered S,124,,G
04/09/2020,10:18:00,VolumeTrig,110808.70,,G
04/09/2020,10:18:00,FlowVolume,80808.70,,G
04/09/2020,10:19:00,PT Level,36.24,in,G
04/09/2020,10:19:00,Flow_cfs,587.14,,G
04/09/2020,10:19:00,Triggered S,125,,G
04/09/2020,10:19:00,VolumeTrig,116037.28,,G
04/09/2020,10:19:00,FlowVolume,86037.28,,G
04/09/2020,10:20:00,PT Level,36.34,in,G
04/09/2020,10:20:00,Aliquot_Num,125,ali,G
04/09/2020,10:20:00,Flow_cfs,594.29,,G
04/09/2020,10:20:00,Curr_pacing,30000.00,,G
04/09/2020,10:20:00,Triggered S,126,,G
04/09/2020,10:20:00,VolumeTrig,121694.42,,G
04/09/2020,10:20:00,FlowVolume,91694.42,,G
04/09/2020,10:21:00,PT Level,36.41,in,G
04/09/2020,10:21:00,Flow_cfs,599.29,,G
04/09/2020,10:21:00,Triggered S,127,,G
04/09/2020,10:21:00,VolumeTrig,127651.56,,G
04/09/2020,10:21:00,FlowVolume,97651.56,,G
04/09/2020,10:22:00,PT Level,36.33,in,G
04/09/2020,10:22:00,Flow_cfs,593.57,,G
04/09/2020,10:22:00,Triggered S,128,,G
04/09/2020,10:22:00,VolumeTrig,133265.86,,G
04/09/2020,10:22:00,FlowVolume,103265.86,,G
04/09/2020,10:22:44,Triggered S,129,,G
04/09/2020,10:22:44,VolumeTrig,139843.63,,G
04/09/2020,10:23:00,PT Level,36.50,in,G
04/09/2020,10:23:00,Flow_cfs,605.93,,G
04/09/2020,10:23:04,SMS Receive,15,,G
04/09/2020,10:23:00,Triggered S,130,,G
04/09/2020,10:23:00,VolumeTrig,146199.19,,G
04/09/2020,10:23:00,FlowVolume,116199.19,,G
04/09/2020,10:24:00,PT Level,36.61,in,G
04/09/2020,10:24:00,Flow_cfs,614.07,,G
04/09/2020,10:24:00,Triggered S,131,,G
04/09/2020,10:24:00,VolumeTrig,153043.63,,G
04/09/2020,10:24:00,FlowVolume,123043.63,,G
04/09/2020,10:25:00,PT Level,36.63,in,G
04/09/2020,10:25:00,Aliquot_Num,131,ali,G
04/09/2020,10:25:00,Flow_cfs,615.56,,G
04/09/2020,10:25:00,Curr_pacing,30000.00,,G
04/09/2020,10:25:00,Triggered S,132,,G
04/09/2020,10:25:00,VolumeTrig,159976.97,,G
04/09/2020,10:25:00,FlowVolume,129976.97,,G
04/09/2020,10:26:00,PT Level,36.64,in,G
04/09/2020,10:26:00,Flow_cfs,616.30,,G
04/09/2020,10:26:00,Triggered S,133,,G
04/09/2020,10:26:00,VolumeTrig,166954.75,,G
04/09/2020,10:26:00,FlowVolume,136954.75,,G
04/09/2020,10:26:12,Log Download,0,,G
04/09/2020,10:27:00,PT Level,36.69,in,G
04/09/2020,10:27:00,Flow_cfs,620.00,,G
04/09/2020,10:27:00,Triggered S,134,,G
04/09/2020,10:27:00,VolumeTrig,174154.74,,G
04/09/2020,10:27:00,FlowVolume,144154.74,,G
04/09/2020,10:28:00,PT Level,36.76,in,G
04/09/2020,10:28:00,Flow_cfs,625.38,,G
04/09/2020,10:28:00,Triggered S,135,,G
04/09/2020,10:28:00,VolumeTrig,181677.81,,G
04/09/2020,10:28:00,FlowVolume,151677.81,,G
04/09/2020,10:29:00,PT Level,36.70,in,G
04/09/2020,10:29:00,Flow_cfs,620.77,,G
04/09/2020,10:29:00,Triggered S,136,,G
04/09/2020,10:29:00,VolumeTrig,188923.97,,G
04/09/2020,10:29:00,FlowVolume,158923.97,,G
04/09/2020,10:30:00,PT Level,36.87,in,G
04/09/2020,10:30:00,Aliquot_Num,136,ali,G
04/09/2020,10:30:00,Flow_cfs,633.85,,G
04/09/2020,10:30:00,Curr_pacing,30000.00,,G
04/09/2020,10:30:00,Triggered S,137,,G
04/09/2020,10:30:00,VolumeTrig,196954.73,,G
04/09/2020,10:30:00,FlowVolume,166954.73,,G
04/09/2020,10:31:00,PT Level,36.87,in,G
04/09/2020,10:31:00,Flow_cfs,633.85,,G
04/09/2020,10:31:00,Triggered S,138,,G
04/09/2020,10:31:00,VolumeTrig,204985.50,,G
04/09/2020,10:31:00,FlowVolume,174985.50,,G
04/09/2020,10:31:26,Client Conn,83,,G
04/09/2020,10:32:00,PT Level,37.02,in,G
04/09/2020,10:32:00,Flow_cfs,644.24,,G
04/09/2020,10:32:00,Triggered S,139,,G
04/09/2020,10:32:00,VolumeTrig,213640.04,,G
04/09/2020,10:32:00,FlowVolume,183640.04,,G
04/09/2020,10:33:00,PT Level,37.00,in,G
04/09/2020,10:33:00,Flow_cfs,643.03,,G
04/09/2020,10:33:00,Triggered S,140,,G
04/09/2020,10:33:00,VolumeTrig,222221.86,,G
04/09/2020,10:33:00,FlowVolume,192221.86,,G
04/09/2020,10:33:43,Client Conn,84,,G
04/09/2020,10:34:00,PT Level,37.03,in,G
04/09/2020,10:34:00,Flow_cfs,644.85,,G
04/09/2020,10:34:00,Triggered S,141,,G
04/09/2020,10:34:00,VolumeTrig,230912.77,,G
04/09/2020,10:34:00,FlowVolume,200912.77,,G
04/09/2020,10:34:23,Setup Change,0,,G
04/09/2020,10:35:00,PT Level,37.10,in,G
04/09/2020,10:35:00,Aliquot_Num,141,ali,G
04/09/2020,10:35:00,Flow_cfs,649.09,,G
04/09/2020,10:35:01,Log Download,0,,G
04/09/2020,10:35:00,Curr_pacing,600000.00,,G
04/09/2020,10:35:04,BottleChang,3,,G
04/09/2020,10:35:00,FlowVolume,239858.21,,G
04/09/2020,10:36:00,PT Level,37.09,in,G
04/09/2020,10:36:00,Flow_cfs,648.48,,G
04/09/2020,10:36:00,FlowVolume,278767.31,,G
04/09/2020,10:36:11,Log Download,0,,G
04/09/2020,10:37:00,PT Level,37.21,in,G
04/09/2020,10:37:00,Flow_cfs,655.76,,G
04/09/2020,10:37:00,FlowVolume,318112.76,,G
04/09/2020,10:38:00,PT Level,37.24,in,G
04/09/2020,10:38:00,Flow_cfs,657.58,,G
04/09/2020,10:38:00,FlowVolume,357567.31,,G
04/09/2020,10:39:00,PT Level,37.31,in,G
04/09/2020,10:39:00,Flow_cfs,662.00,,G
04/09/2020,10:39:00,FlowVolume,397287.31,,G
04/09/2020,10:40:00,PT Level,37.35,in,G
04/09/2020,10:40:00,Aliquot_Num,0,ali,G
04/09/2020,10:40:00,Flow_cfs,664.67,,G
04/09/2020,10:40:00,Curr_pacing,600000.00,,G
04/09/2020,10:40:00,FlowVolume,437167.31,,G
04/09/2020,10:40:50,Client Conn,85,,G
04/09/2020,10:41:00,PT Level,37.28,in,G
04/09/2020,10:41:00,Flow_cfs,660.00,,G
04/09/2020,10:41:00,FlowVolume,476767.30,,G
04/09/2020,10:42:00,PT Level,37.39,in,G
04/09/2020,10:42:00,Flow_cfs,667.33,,G
04/09/2020,10:42:00,FlowVolume,516807.30,,G
04/09/2020,10:43:00,PT Level,37.46,in,G
04/09/2020,10:43:00,Flow_cfs,672.00,,G
04/09/2020,10:43:00,FlowVolume,557127.30,,G
04/09/2020,10:44:00,PT Level,37.45,in,G
04/09/2020,10:44:00,Flow_cfs,671.33,,G
04/09/2020,10:44:00,FlowVolume,597407.30,,G
04/09/2020,10:45:00,PT Level,37.42,in,G
04/09/2020,10:45:00,Aliquot_Num,0,ali,G
04/09/2020,10:45:00,Flow_cfs,669.33,,G
04/09/2020,10:45:00,Curr_pacing,600000.00,,G
04/09/2020,10:45:00,Triggered S,1,,G
04/09/2020,10:45:00,VolumeTrig,637567.29,,G
04/09/2020,10:45:00,FlowVolume,37567.29,,G
04/09/2020,10:45:32,SMS Receive,16,,G
04/09/2020,10:46:00,PT Level,37.58,in,G
04/09/2020,10:46:00,Flow_cfs,680.00,,G
04/09/2020,10:46:00,FlowVolume,119367.30,,G
04/09/2020,10:47:00,PT Level,37.68,in,G
04/09/2020,10:47:00,Flow_cfs,688.33,,G
04/09/2020,10:47:00,FlowVolume,160667.30,,G
04/09/2020,10:48:00,PT Level,37.62,in,G
04/09/2020,10:48:00,Flow_cfs,683.33,,G
04/09/2020,10:48:00,FlowVolume,201667.29,,G
04/09/2020,10:49:00,PT Level,37.80,in,G
04/09/2020,10:49:00,Flow_cfs,698.33,,G
04/09/2020,10:49:00,FlowVolume,243567.29,,G
04/09/2020,10:50:00,PT Level,37.77,in,G
04/09/2020,10:50:00,Aliquot_Num,1,ali,G
04/09/2020,10:50:00,Flow_cfs,695.83,,G
04/09/2020,10:50:00,Curr_pacing,600000.00,,G
04/09/2020,10:50:00,FlowVolume,285317.29,,G
04/09/2020,10:51:00,PT Level,37.84,in,G
04/09/2020,10:51:00,Flow_cfs,700.61,,G
04/09/2020,10:51:00,FlowVolume,327353.66,,G
04/09/2020,10:52:00,PT Level,37.93,in,G
04/09/2020,10:52:00,Flow_cfs,703.33,,G
04/09/2020,10:52:00,FlowVolume,369553.66,,G
04/09/2020,10:53:00,PT Level,37.75,in,G
04/09/2020,10:53:00,Flow_cfs,694.17,,G
04/09/2020,10:53:00,FlowVolume,411203.66,,G
04/09/2020,10:54:00,PT Level,37.94,in,G
04/09/2020,10:54:00,Flow_cfs,703.64,,G
04/09/2020,10:54:00,FlowVolume,453421.84,,G
04/09/2020,10:55:00,PT Level,37.96,in,G
04/09/2020,10:55:00,Aliquot_Num,1,ali,G
04/09/2020,10:55:00,Flow_cfs,704.24,,G
04/09/2020,10:55:00,Curr_pacing,600000.00,,G
04/09/2020,10:55:00,FlowVolume,495676.38,,G
04/09/2020,10:56:00,PT Level,37.93,in,G
04/09/2020,10:56:00,Flow_cfs,703.33,,G
04/09/2020,10:56:00,FlowVolume,537876.38,,G
04/09/2020,10:57:00,PT Level,38.05,in,G
04/09/2020,10:57:00,Flow_cfs,706.97,,G
04/09/2020,10:57:00,FlowVolume,580294.56,,G
04/09/2020,10:58:00,PT Level,38.05,in,G
04/09/2020,10:58:00,Flow_cfs,706.97,,G
04/09/2020,10:58:00,Triggered S,2,,G
04/09/2020,10:58:00,VolumeTrig,622712.74,,G
04/09/2020,10:58:00,FlowVolume,22712.74,,G
04/09/2020,10:59:00,PT Level,38.22,in,G
04/09/2020,10:59:00,Flow_cfs,712.12,,G
04/09/2020,10:59:00,FlowVolume,65440.02,,G
04/09/2020,11:00:00,PT Level,38.33,in,G
04/09/2020,11:00:00,Aliquot_Num,2,ali,G
04/09/2020,11:00:00,Flow_cfs,715.45,,G
04/09/2020,11:00:00,Curr_pacing,600000.00,,G
04/09/2020,11:00:00,FlowVolume,108367.29,,G
04/09/2020,11:01:00,PT Level,38.26,in,G
04/09/2020,11:01:00,Flow_cfs,713.33,,G
04/09/2020,11:01:00,FlowVolume,151167.29,,G
04/09/2020,11:02:00,PT Level,38.35,in,G
04/09/2020,11:02:00,Flow_cfs,716.06,,G
04/09/2020,11:02:00,FlowVolume,194130.92,,G
04/09/2020,11:03:00,PT Level,38.28,in,G
04/09/2020,11:03:00,Flow_cfs,713.94,,G
04/09/2020,11:03:00,FlowVolume,236967.28,,G
04/09/2020,11:04:00,PT Level,38.45,in,G
04/09/2020,11:04:00,Flow_cfs,719.09,,G
04/09/2020,11:04:00,FlowVolume,280112.74,,G
04/09/2020,11:05:00,PT Level,38.49,in,G
04/09/2020,11:05:00,Aliquot_Num,2,ali,G
04/09/2020,11:05:00,Flow_cfs,722.00,,G
04/09/2020,11:05:00,Curr_pacing,600000.00,,G
04/09/2020,11:05:00,FlowVolume,323432.76,,G
04/09/2020,11:06:00,PT Level,38.53,in,G
04/09/2020,11:06:00,Flow_cfs,730.00,,G
04/09/2020,11:06:00,FlowVolume,367232.75,,G
04/09/2020,11:07:00,PT Level,38.53,in,G
04/09/2020,11:07:00,Flow_cfs,730.00,,G
04/09/2020,11:07:00,FlowVolume,411032.73,,G
04/09/2020,11:08:00,PT Level,38.59,in,G
04/09/2020,11:08:00,Flow_cfs,764.13,,G
04/09/2020,11:08:00,FlowVolume,456880.35,,G
04/09/2020,11:09:00,PT Level,38.76,in,G
04/09/2020,11:09:00,Flow_cfs,766.83,,G
04/09/2020,11:09:00,FlowVolume,502889.87,,G
04/09/2020,11:10:00,PT Level,38.72,in,G
04/09/2020,11:10:00,Aliquot_Num,2,ali,G
04/09/2020,11:10:00,Flow_cfs,766.19,,G
04/09/2020,11:10:00,Curr_pacing,600000.00,,G
04/09/2020,11:10:00,FlowVolume,548861.30,,G
04/09/2020,11:11:00,PT Level,38.78,in,G
04/09/2020,11:11:00,Flow_cfs,767.14,,G
04/09/2020,11:11:00,FlowVolume,594889.87,,G
04/09/2020,11:12:00,PT Level,38.76,in,G
04/09/2020,11:12:00,Flow_cfs,766.83,,G
04/09/2020,11:12:00,Triggered S,3,,G
04/09/2020,11:12:00,VolumeTrig,640899.39,,G
04/09/2020,11:12:00,FlowVolume,40899.39,,G
04/09/2020,11:13:00,PT Level,38.65,in,G
04/09/2020,11:13:00,Flow_cfs,765.08,,G
04/09/2020,11:13:00,FlowVolume,86804.16,,G
04/09/2020,11:14:00,PT Level,38.55,in,G
04/09/2020,11:14:00,Flow_cfs,734.00,,G
04/09/2020,11:14:00,FlowVolume,130844.15,,G
04/09/2020,11:15:00,PT Level,38.41,in,G
04/09/2020,11:15:00,Aliquot_Num,3,ali,G
04/09/2020,11:15:00,Flow_cfs,717.88,,G
04/09/2020,11:15:00,Curr_pacing,600000.00,,G
04/09/2020,11:15:00,FlowVolume,173916.88,,G
04/09/2020,11:16:00,PT Level,38.36,in,G
04/09/2020,11:16:00,Flow_cfs,716.36,,G
04/09/2020,11:16:00,FlowVolume,216898.69,,G
04/09/2020,11:17:00,PT Level,38.70,in,G
04/09/2020,11:17:00,Flow_cfs,765.87,,G
04/09/2020,11:17:00,FlowVolume,262851.08,,G
04/09/2020,11:18:00,PT Level,38.60,in,G
04/09/2020,11:18:00,Flow_cfs,764.29,,G
04/09/2020,11:18:00,FlowVolume,354774.88,,G
04/09/2020,11:18:12,SMS Receive,17,,G
04/09/2020,11:19:00,PT Level,38.65,in,G
04/09/2020,11:19:00,Flow_cfs,765.08,,G
04/09/2020,11:19:00,FlowVolume,400679.65,,G
04/09/2020,11:20:00,PT Level,38.67,in,G
04/09/2020,11:20:00,Aliquot_Num,3,ali,G
04/09/2020,11:20:00,Flow_cfs,765.40,,G
04/09/2020,11:20:00,Curr_pacing,600000.00,,G
04/09/2020,11:20:00,FlowVolume,446603.46,,G
04/09/2020,11:21:00,PT Level,38.67,in,G
04/09/2020,11:21:00,Flow_cfs,765.40,,G
04/09/2020,11:21:00,FlowVolume,492527.26,,G
04/09/2020,11:22:00,PT Level,38.86,in,G
04/09/2020,11:22:00,Flow_cfs,768.41,,G
04/09/2020,11:22:00,FlowVolume,538632.03,,G
04/09/2020,11:23:00,PT Level,39.07,in,G
04/09/2020,11:23:00,Flow_cfs,771.75,,G
04/09/2020,11:23:00,FlowVolume,584936.79,,G
04/09/2020,11:24:00,PT Level,38.85,in,G
04/09/2020,11:24:00,Flow_cfs,768.25,,G
04/09/2020,11:24:00,Triggered S,4,,G
04/09/2020,11:24:00,VolumeTrig,631032.02,,G
04/09/2020,11:24:00,FlowVolume,31032.02,,G
04/09/2020,11:25:00,PT Level,38.75,in,G
04/09/2020,11:25:00,Aliquot_Num,4,ali,G
04/09/2020,11:25:00,Flow_cfs,766.67,,G
04/09/2020,11:25:00,Curr_pacing,600000.00,,G
04/09/2020,11:25:00,FlowVolume,77032.02,,G
04/09/2020,11:26:00,PT Level,38.91,in,G
04/09/2020,11:26:00,Flow_cfs,769.21,,G
04/09/2020,11:26:00,FlowVolume,123184.40,,G
04/09/2020,11:27:00,PT Level,38.69,in,G
04/09/2020,11:27:00,Flow_cfs,765.71,,G
04/09/2020,11:27:00,FlowVolume,169127.26,,G
04/09/2020,11:28:00,PT Level,38.98,in,G
04/09/2020,11:28:00,Flow_cfs,770.32,,G
04/09/2020,11:28:00,FlowVolume,215346.31,,G
04/09/2020,11:29:00,PT Level,39.04,in,G
04/09/2020,11:29:00,Flow_cfs,771.27,,G
04/09/2020,11:29:00,FlowVolume,261622.50,,G
04/09/2020,11:30:00,PT Level,39.06,in,G
04/09/2020,11:30:00,Aliquot_Num,4,ali,G
04/09/2020,11:30:00,Flow_cfs,771.59,,G
04/09/2020,11:30:00,Curr_pacing,600000.00,,G
04/09/2020,11:30:00,FlowVolume,307917.74,,G
04/09/2020,11:31:00,PT Level,39.16,in,G
04/09/2020,11:31:00,Flow_cfs,773.17,,G
04/09/2020,11:31:00,FlowVolume,354308.21,,G
04/09/2020,11:32:00,PT Level,39.16,in,G
04/09/2020,11:32:00,Flow_cfs,773.17,,G
04/09/2020,11:32:00,FlowVolume,400698.69,,G
04/09/2020,11:33:00,PT Level,39.10,in,G
04/09/2020,11:33:00,Flow_cfs,772.22,,G
04/09/2020,11:33:00,FlowVolume,447032.02,,G
04/09/2020,11:34:00,PT Level,39.22,in,G
04/09/2020,11:34:00,Flow_cfs,774.13,,G
04/09/2020,11:34:00,FlowVolume,493479.64,,G
04/09/2020,11:35:00,PT Level,39.23,in,G
04/09/2020,11:35:00,Aliquot_Num,4,ali,G
04/09/2020,11:35:00,Flow_cfs,774.29,,G
04/09/2020,11:35:00,Curr_pacing,600000.00,,G
04/09/2020,11:35:00,FlowVolume,539936.78,,G
04/09/2020,11:36:00,PT Level,39.21,in,G
04/09/2020,11:36:00,Flow_cfs,773.97,,G
04/09/2020,11:36:00,FlowVolume,586374.88,,G
04/09/2020,11:37:00,PT Level,39.20,in,G
04/09/2020,11:37:00,Flow_cfs,773.81,,G
04/09/2020,11:37:00,Triggered S,5,,G
04/09/2020,11:37:00,VolumeTrig,632803.45,,G
04/09/2020,11:37:00,FlowVolume,32803.45,,G
04/09/2020,11:38:00,PT Level,39.34,in,G
04/09/2020,11:38:00,Flow_cfs,776.03,,G
04/09/2020,11:38:00,FlowVolume,79365.36,,G
04/09/2020,11:39:00,PT Level,39.30,in,G
04/09/2020,11:39:00,Flow_cfs,775.40,,G
04/09/2020,11:39:00,FlowVolume,125889.17,,G
04/09/2020,11:40:00,PT Level,39.35,in,G
04/09/2020,11:40:00,Aliquot_Num,5,ali,G
04/09/2020,11:40:00,Flow_cfs,776.19,,G
04/09/2020,11:40:00,Curr_pacing,600000.00,,G
04/09/2020,11:40:00,FlowVolume,172460.59,,G
04/09/2020,11:41:00,PT Level,39.48,in,G
04/09/2020,11:41:00,Flow_cfs,778.25,,G
04/09/2020,11:41:00,FlowVolume,219155.83,,G
04/09/2020,11:42:00,PT Level,39.56,in,G
04/09/2020,11:42:00,Flow_cfs,779.52,,G
04/09/2020,11:42:00,FlowVolume,265927.26,,G
04/09/2020,11:43:00,PT Level,39.32,in,G
04/09/2020,11:43:00,Flow_cfs,775.71,,G
04/09/2020,11:43:00,FlowVolume,312470.12,,G
04/09/2020,11:44:00,PT Level,39.22,in,G
04/09/2020,11:44:00,Flow_cfs,774.13,,G
04/09/2020,11:44:00,FlowVolume,358917.74,,G
04/09/2020,11:45:00,PT Level,39.46,in,G
04/09/2020,11:45:00,Aliquot_Num,5,ali,G
04/09/2020,11:45:00,Flow_cfs,777.94,,G
04/09/2020,11:45:00,Curr_pacing,600000.00,,G
04/09/2020,11:45:00,FlowVolume,405593.93,,G
04/09/2020,11:46:00,PT Level,39.58,in,G
04/09/2020,11:46:00,Flow_cfs,779.84,,G
04/09/2020,11:46:00,FlowVolume,452384.40,,G
04/09/2020,11:47:00,PT Level,39.56,in,G
04/09/2020,11:47:00,Flow_cfs,779.52,,G
04/09/2020,11:47:00,FlowVolume,499155.83,,G
04/09/2020,11:48:00,PT Level,39.42,in,G
04/09/2020,11:48:00,Flow_cfs,777.30,,G
04/09/2020,11:48:00,FlowVolume,545793.93,,G
04/09/2020,11:49:00,PT Level,39.56,in,G
04/09/2020,11:49:00,Flow_cfs,779.52,,G
04/09/2020,11:49:00,FlowVolume,592565.36,,G
04/09/2020,11:50:00,PT Level,39.65,in,G
04/09/2020,11:50:00,Aliquot_Num,5,ali,G
04/09/2020,11:50:00,Flow_cfs,797.14,,G
04/09/2020,11:50:00,Curr_pacing,600000.00,,G
04/09/2020,11:50:00,Triggered S,6,,G
04/09/2020,11:50:00,VolumeTrig,640393.96,,G
04/09/2020,11:50:00,FlowVolume,40393.96,,G
04/09/2020,11:51:00,PT Level,39.60,in,G
04/09/2020,11:51:00,Flow_cfs,782.86,,G
04/09/2020,11:51:00,FlowVolume,87365.36,,G
04/09/2020,11:52:00,PT Level,39.68,in,G
04/09/2020,11:52:00,Flow_cfs,801.11,,G
04/09/2020,11:52:00,FlowVolume,135432.03,,G
04/09/2020,11:53:00,PT Level,39.52,in,G
04/09/2020,11:53:00,Flow_cfs,778.89,,G
04/09/2020,11:53:00,FlowVolume,182165.36,,G
04/09/2020,11:54:00,PT Level,39.48,in,G
04/09/2020,11:54:00,Flow_cfs,778.25,,G
04/09/2020,11:54:00,FlowVolume,228860.60,,G
04/09/2020,11:55:00,PT Level,39.58,in,G
04/09/2020,11:55:00,Aliquot_Num,6,ali,G
04/09/2020,11:55:00,Flow_cfs,779.84,,G
04/09/2020,11:55:00,Curr_pacing,600000.00,,G
04/09/2020,11:55:00,FlowVolume,275651.07,,G
04/09/2020,11:56:00,PT Level,39.60,in,G
04/09/2020,11:56:00,Flow_cfs,782.86,,G
04/09/2020,11:56:00,FlowVolume,322622.48,,G
04/09/2020,11:57:00,PT Level,39.77,in,G
04/09/2020,11:57:00,Flow_cfs,806.11,,G
04/09/2020,11:57:00,FlowVolume,370989.15,,G
04/09/2020,11:58:00,PT Level,39.57,in,G
04/09/2020,11:58:00,Flow_cfs,779.68,,G
04/09/2020,11:58:00,FlowVolume,417770.10,,G
04/09/2020,11:59:00,PT Level,39.58,in,G
04/09/2020,11:59:00,Flow_cfs,779.84,,G
04/09/2020,11:59:00,FlowVolume,464560.58,,G
04/09/2020,12:00:00,PT Level,39.83,in,G
04/09/2020,12:00:00,Aliquot_Num,6,ali,G
04/09/2020,12:00:00,Flow_cfs,809.44,,G
04/09/2020,12:00:00,Curr_pacing,600000.00,,G
04/09/2020,12:00:00,FlowVolume,513127.25,,G
04/09/2020,12:01:00,PT Level,39.69,in,G
04/09/2020,12:01:00,Flow_cfs,801.67,,G
04/09/2020,12:01:00,FlowVolume,561227.24,,G
04/09/2020,12:02:00,PT Level,39.75,in,G
04/09/2020,12:02:00,Flow_cfs,805.00,,G
04/09/2020,12:02:00,Triggered S,7,,G
04/09/2020,12:02:00,VolumeTrig,609527.24,,G
04/09/2020,12:02:00,FlowVolume,9527.24,,G
04/09/2020,12:03:00,PT Level,39.82,in,G
04/09/2020,12:03:00,Flow_cfs,808.89,,G
04/09/2020,12:03:00,FlowVolume,58060.58,,G
04/09/2020,12:04:00,PT Level,39.94,in,G
04/09/2020,12:04:00,Flow_cfs,815.56,,G
04/09/2020,12:04:00,FlowVolume,106993.90,,G
04/09/2020,12:05:00,PT Level,39.79,in,G
04/09/2020,12:05:00,Aliquot_Num,7,ali,G
04/09/2020,12:05:00,Flow_cfs,807.22,,G
04/09/2020,12:05:00,Curr_pacing,600000.00,,G
04/09/2020,12:05:00,FlowVolume,155427.24,,G
04/09/2020,12:06:00,PT Level,39.66,in,G
04/09/2020,12:06:00,Flow_cfs,800.00,,G
04/09/2020,12:06:00,FlowVolume,203427.24,,G
04/09/2020,12:07:00,PT Level,39.80,in,G
04/09/2020,12:07:00,Flow_cfs,807.78,,G
04/09/2020,12:07:00,FlowVolume,251893.90,,G
04/09/2020,12:08:00,PT Level,39.63,in,G
04/09/2020,12:08:00,Flow_cfs,791.43,,G
04/09/2020,12:08:00,FlowVolume,299379.64,,G
04/09/2020,12:09:00,PT Level,39.61,in,G
04/09/2020,12:09:00,Flow_cfs,785.71,,G
04/09/2020,12:09:00,FlowVolume,346522.50,,G
04/09/2020,12:09:23,SMS Receive,18,,G
04/09/2020,12:10:00,PT Level,39.88,in,G
04/09/2020,12:10:00,Aliquot_Num,7,ali,G
04/09/2020,12:10:00,Flow_cfs,812.22,,G
04/09/2020,12:10:00,Curr_pacing,600000.00,,G
04/09/2020,12:10:00,FlowVolume,443855.84,,G
04/09/2020,12:11:00,PT Level,39.91,in,G
04/09/2020,12:11:00,Flow_cfs,813.89,,G
04/09/2020,12:11:00,FlowVolume,492689.17,,G
04/09/2020,12:12:00,PT Level,39.85,in,G
04/09/2020,12:12:00,Flow_cfs,810.56,,G
04/09/2020,12:12:00,FlowVolume,541322.50,,G
04/09/2020,12:13:00,PT Level,39.86,in,G
04/09/2020,12:13:00,Flow_cfs,811.11,,G
04/09/2020,12:13:00,FlowVolume,589989.17,,G
04/09/2020,12:14:00,PT Level,39.92,in,G
04/09/2020,12:14:00,Flow_cfs,814.44,,G
04/09/2020,12:14:00,Triggered S,8,,G
04/09/2020,12:14:00,VolumeTrig,638855.83,,G
04/09/2020,12:14:00,FlowVolume,38855.83,,G
04/09/2020,12:15:00,PT Level,39.97,in,G
04/09/2020,12:15:00,Aliquot_Num,8,ali,G
04/09/2020,12:15:00,Flow_cfs,817.22,,G
04/09/2020,12:15:00,Curr_pacing,600000.00,,G
04/09/2020,12:15:00,FlowVolume,87889.17,,G
04/09/2020,12:16:00,PT Level,39.78,in,G
04/09/2020,12:16:00,Flow_cfs,806.67,,G
04/09/2020,12:16:00,FlowVolume,136289.16,,G
04/09/2020,12:17:00,PT Level,39.93,in,G
04/09/2020,12:17:00,Flow_cfs,815.00,,G
04/09/2020,12:17:00,FlowVolume,185189.16,,G
04/09/2020,12:18:00,PT Level,39.81,in,G
04/09/2020,12:18:00,Flow_cfs,808.33,,G
04/09/2020,12:18:00,FlowVolume,233689.17,,G
04/09/2020,12:19:00,PT Level,39.75,in,G
04/09/2020,12:19:00,Flow_cfs,805.00,,G
04/09/2020,12:19:00,FlowVolume,281989.17,,G
04/09/2020,12:20:00,PT Level,40.00,in,G
04/09/2020,12:20:00,Aliquot_Num,8,ali,G
04/09/2020,12:20:00,Flow_cfs,818.89,,G
04/09/2020,12:20:00,Curr_pacing,600000.00,,G
04/09/2020,12:20:00,FlowVolume,331122.50,,G
04/09/2020,12:21:00,PT Level,39.89,in,G
04/09/2020,12:21:00,Flow_cfs,812.78,,G
04/09/2020,12:21:00,FlowVolume,379889.17,,G
04/09/2020,12:22:00,PT Level,39.97,in,G
04/09/2020,12:22:00,Flow_cfs,817.22,,G
04/09/2020,12:22:00,FlowVolume,428922.50,,G
04/09/2020,12:23:00,PT Level,40.10,in,G
04/09/2020,12:23:00,Flow_cfs,847.47,,G
04/09/2020,12:23:00,FlowVolume,479770.70,,G
04/09/2020,12:24:00,PT Level,40.14,in,G
04/09/2020,12:24:00,Flow_cfs,848.43,,G
04/09/2020,12:24:00,FlowVolume,530676.72,,G
04/09/2020,12:25:00,PT Level,39.93,in,G
04/09/2020,12:25:00,Aliquot_Num,8,ali,G
04/09/2020,12:25:00,Flow_cfs,815.00,,G
04/09/2020,12:25:00,Curr_pacing,600000.00,,G
04/09/2020,12:25:00,FlowVolume,579576.72,,G
04/09/2020,12:26:00,PT Level,39.91,in,G
04/09/2020,12:26:00,Flow_cfs,813.89,,G
04/09/2020,12:26:00,Triggered S,9,,G
04/09/2020,12:26:00,VolumeTrig,628410.05,,G
04/09/2020,12:26:00,FlowVolume,28410.05,,G
04/09/2020,12:27:00,PT Level,40.05,in,G
04/09/2020,12:27:00,Flow_cfs,846.27,,G
04/09/2020,12:27:00,FlowVolume,79185.95,,G
04/09/2020,12:28:00,PT Level,40.00,in,G
04/09/2020,12:28:00,Flow_cfs,818.89,,G
04/09/2020,12:28:00,FlowVolume,128319.29,,G
04/09/2020,12:29:00,PT Level,39.97,in,G
04/09/2020,12:29:00,Flow_cfs,817.22,,G
04/09/2020,12:29:00,FlowVolume,177352.63,,G
04/09/2020,12:30:00,PT Level,40.09,in,G
04/09/2020,12:30:00,Aliquot_Num,9,ali,G
04/09/2020,12:30:00,Flow_cfs,847.23,,G
04/09/2020,12:30:00,Curr_pacing,600000.00,,G
04/09/2020,12:30:00,FlowVolume,228186.36,,G
04/09/2020,12:31:00,PT Level,40.04,in,G
04/09/2020,12:31:00,Flow_cfs,846.02,,G
04/09/2020,12:31:00,FlowVolume,278947.81,,G
04/09/2020,12:32:00,PT Level,40.10,in,G
04/09/2020,12:32:00,Flow_cfs,847.47,,G
04/09/2020,12:32:00,FlowVolume,329796.00,,G
04/09/2020,12:33:00,PT Level,40.28,in,G
04/09/2020,12:33:00,Flow_cfs,851.81,,G
04/09/2020,12:33:00,FlowVolume,380904.43,,G
04/09/2020,12:34:00,PT Level,40.01,in,G
04/09/2020,12:34:00,Flow_cfs,819.44,,G
04/09/2020,12:34:00,FlowVolume,430071.09,,G
04/09/2020,12:35:00,PT Level,40.14,in,G
04/09/2020,12:35:00,Aliquot_Num,9,ali,G
04/09/2020,12:35:00,Flow_cfs,848.43,,G
04/09/2020,12:35:00,Curr_pacing,600000.00,,G
04/09/2020,12:35:00,FlowVolume,480977.11,,G
04/09/2020,12:36:00,PT Level,40.14,in,G
04/09/2020,12:36:00,Flow_cfs,848.43,,G
04/09/2020,12:36:00,FlowVolume,531883.14,,G
04/09/2020,12:37:00,PT Level,40.26,in,G
04/09/2020,12:37:00,Flow_cfs,851.33,,G
04/09/2020,12:37:00,FlowVolume,582962.65,,G
04/09/2020,12:38:00,PT Level,40.26,in,G
04/09/2020,12:38:00,Flow_cfs,851.33,,G
04/09/2020,12:38:00,Triggered S,10,,G
04/09/2020,12:38:00,VolumeTrig,634042.17,,G
04/09/2020,12:38:00,FlowVolume,34042.17,,G
04/09/2020,12:39:00,PT Level,40.22,in,G
04/09/2020,12:39:00,Flow_cfs,850.36,,G
04/09/2020,12:39:00,FlowVolume,85063.86,,G
04/09/2020,12:40:00,PT Level,40.36,in,G
04/09/2020,12:40:00,Aliquot_Num,10,ali,G
04/09/2020,12:40:00,Flow_cfs,853.73,,G
04/09/2020,12:40:00,Curr_pacing,600000.00,,G
04/09/2020,12:40:00,FlowVolume,136287.96,,G
04/09/2020,12:41:00,PT Level,40.08,in,G
04/09/2020,12:41:00,Flow_cfs,846.99,,G
04/09/2020,12:41:00,FlowVolume,187107.23,,G
04/09/2020,12:42:00,PT Level,40.17,in,G
04/09/2020,12:42:00,Flow_cfs,849.16,,G
04/09/2020,12:42:00,FlowVolume,238056.63,,G
04/09/2020,12:43:00,PT Level,40.17,in,G
04/09/2020,12:43:00,Flow_cfs,849.16,,G
04/09/2020,12:43:00,FlowVolume,289006.02,,G
04/09/2020,12:44:00,PT Level,40.22,in,G
04/09/2020,12:44:00,Flow_cfs,850.36,,G
04/09/2020,12:44:00,FlowVolume,340027.71,,G
04/09/2020,12:45:00,PT Level,40.14,in,G
04/09/2020,12:45:00,Aliquot_Num,10,ali,G
04/09/2020,12:45:00,Flow_cfs,848.43,,G
04/09/2020,12:45:00,Curr_pacing,600000.00,,G
04/09/2020,12:45:00,FlowVolume,390933.74,,G
04/09/2020,12:46:00,PT Level,40.20,in,G
04/09/2020,12:46:00,Flow_cfs,849.88,,G
04/09/2020,12:46:00,FlowVolume,441926.51,,G
04/09/2020,12:47:00,PT Level,40.13,in,G
04/09/2020,12:47:00,Flow_cfs,848.19,,G
04/09/2020,12:47:00,FlowVolume,492818.08,,G
04/09/2020,12:48:00,PT Level,40.11,in,G
04/09/2020,12:48:00,Flow_cfs,847.71,,G
04/09/2020,12:48:00,FlowVolume,543680.73,,G
04/09/2020,12:49:00,PT Level,40.44,in,G
04/09/2020,12:49:00,Flow_cfs,855.66,,G
04/09/2020,12:49:00,FlowVolume,595020.48,,G
04/09/2020,12:50:00,PT Level,40.14,in,G
04/09/2020,12:50:00,Aliquot_Num,10,ali,G
04/09/2020,12:50:00,Flow_cfs,848.43,,G
04/09/2020,12:50:00,Curr_pacing,600000.00,,G
04/09/2020,12:50:00,Triggered S,11,,G
04/09/2020,12:50:00,VolumeTrig,645926.51,,G
04/09/2020,12:50:00,FlowVolume,45926.51,,G
04/09/2020,12:51:00,PT Level,40.66,in,G
04/09/2020,12:51:00,Flow_cfs,862.05,,G
04/09/2020,12:51:00,FlowVolume,97649.58,,G
04/09/2020,12:52:00,PT Level,40.31,in,G
04/09/2020,12:52:00,Flow_cfs,852.53,,G
04/09/2020,12:52:00,FlowVolume,148801.39,,G
04/09/2020,12:53:00,PT Level,40.28,in,G
04/09/2020,12:53:00,Flow_cfs,851.81,,G
04/09/2020,12:53:00,FlowVolume,199909.83,,G
04/09/2020,12:54:00,PT Level,40.28,in,G
04/09/2020,12:54:00,Flow_cfs,851.81,,G
04/09/2020,12:54:00,FlowVolume,251018.26,,G
04/09/2020,12:55:00,PT Level,40.35,in,G
04/09/2020,12:55:00,Aliquot_Num,11,ali,G
04/09/2020,12:55:00,Flow_cfs,853.49,,G
04/09/2020,12:55:00,Curr_pacing,600000.00,,G
04/09/2020,12:55:00,FlowVolume,302227.89,,G
04/09/2020,12:56:00,PT Level,40.34,in,G
04/09/2020,12:56:00,Flow_cfs,853.25,,G
04/09/2020,12:56:00,FlowVolume,353423.08,,G
04/09/2020,12:57:00,PT Level,40.41,in,G
04/09/2020,12:57:00,Flow_cfs,854.94,,G
04/09/2020,12:57:00,FlowVolume,404719.46,,G
04/09/2020,12:58:00,PT Level,40.20,in,G
04/09/2020,12:58:00,Flow_cfs,849.88,,G
04/09/2020,12:58:00,FlowVolume,455712.23,,G
04/09/2020,12:59:00,PT Level,40.42,in,G
04/09/2020,12:59:00,Flow_cfs,855.18,,G
04/09/2020,12:59:00,FlowVolume,507023.07,,G
04/09/2020,13:00:00,PT Level,40.39,in,G
04/09/2020,13:00:00,Aliquot_Num,11,ali,G
04/09/2020,13:00:00,Flow_cfs,854.46,,G
04/09/2020,13:00:00,Curr_pacing,600000.00,,G
04/09/2020,13:00:00,FlowVolume,558290.54,,G
04/09/2020,13:01:00,PT Level,40.39,in,G
04/09/2020,13:01:00,Flow_cfs,854.46,,G
04/09/2020,13:01:00,Triggered S,12,,G
04/09/2020,13:01:00,VolumeTrig,609558.01,,G
04/09/2020,13:01:00,FlowVolume,9558.01,,G
04/09/2020,13:02:00,PT Level,40.44,in,G
04/09/2020,13:02:00,Flow_cfs,855.66,,G
04/09/2020,13:02:00,FlowVolume,60897.77,,G
04/09/2020,13:03:00,PT Level,40.47,in,G
04/09/2020,13:03:00,Flow_cfs,856.39,,G
04/09/2020,13:03:00,FlowVolume,112280.90,,G
04/09/2020,13:04:00,PT Level,40.29,in,G
04/09/2020,13:04:00,Flow_cfs,852.05,,G
04/09/2020,13:04:00,FlowVolume,163403.80,,G
04/09/2020,13:05:00,PT Level,40.38,in,G
04/09/2020,13:05:00,Aliquot_Num,12,ali,G
04/09/2020,13:05:00,Flow_cfs,854.22,,G
04/09/2020,13:05:00,Curr_pacing,600000.00,,G
04/09/2020,13:05:00,FlowVolume,214656.81,,G
04/09/2020,13:06:00,PT Level,40.66,in,G
04/09/2020,13:06:00,Flow_cfs,862.05,,G
04/09/2020,13:06:00,FlowVolume,266379.89,,G
04/09/2020,13:07:00,PT Level,40.34,in,G
04/09/2020,13:07:00,Flow_cfs,853.25,,G
04/09/2020,13:07:00,FlowVolume,317575.07,,G
04/09/2020,13:08:00,PT Level,40.48,in,G
04/09/2020,13:08:00,Flow_cfs,856.63,,G
04/09/2020,13:08:00,FlowVolume,368972.66,,G
04/09/2020,13:09:00,PT Level,40.31,in,G
04/09/2020,13:09:00,Flow_cfs,852.53,,G
04/09/2020,13:09:00,FlowVolume,420124.47,,G
04/09/2020,13:10:00,PT Level,40.38,in,G
04/09/2020,13:10:00,Aliquot_Num,12,ali,G
04/09/2020,13:10:00,Flow_cfs,854.22,,G
04/09/2020,13:10:00,Curr_pacing,600000.00,,G
04/09/2020,13:10:00,FlowVolume,471377.48,,G
04/09/2020,13:11:00,PT Level,40.31,in,G
04/09/2020,13:11:00,Flow_cfs,852.53,,G
04/09/2020,13:11:00,FlowVolume,522529.29,,G
04/09/2020,13:12:00,PT Level,40.66,in,G
04/09/2020,13:12:00,Flow_cfs,862.05,,G
04/09/2020,13:12:00,FlowVolume,574252.36,,G
04/09/2020,13:13:00,PT Level,40.50,in,G
04/09/2020,13:13:00,Flow_cfs,857.11,,G
04/09/2020,13:13:00,Triggered S,13,,G
04/09/2020,13:13:00,VolumeTrig,625678.87,,G
04/09/2020,13:13:00,FlowVolume,25678.87,,G
04/09/2020,13:14:00,PT Level,40.53,in,G
04/09/2020,13:14:00,Flow_cfs,857.83,,G
04/09/2020,13:14:00,FlowVolume,77148.75,,G
04/09/2020,13:15:00,PT Level,40.52,in,G
04/09/2020,13:15:00,Aliquot_Num,13,ali,G
04/09/2020,13:15:00,Flow_cfs,857.59,,G
04/09/2020,13:15:00,Curr_pacing,600000.00,,G
04/09/2020,13:15:00,FlowVolume,128604.17,,G
04/09/2020,13:16:00,PT Level,40.57,in,G
04/09/2020,13:16:00,Flow_cfs,858.80,,G
04/09/2020,13:16:00,FlowVolume,180131.88,,G
04/09/2020,13:17:00,PT Level,40.48,in,G
04/09/2020,13:17:00,Flow_cfs,856.63,,G
04/09/2020,13:17:00,FlowVolume,231529.47,,G
04/09/2020,13:18:00,PT Level,40.56,in,G
04/09/2020,13:18:00,Flow_cfs,858.55,,G
04/09/2020,13:18:00,FlowVolume,283042.73,,G
04/09/2020,13:19:00,PT Level,40.59,in,G
04/09/2020,13:19:00,Flow_cfs,859.28,,G
04/09/2020,13:19:00,FlowVolume,334599.35,,G
04/09/2020,13:20:00,PT Level,40.59,in,G
04/09/2020,13:20:00,Aliquot_Num,13,ali,G
04/09/2020,13:20:00,Flow_cfs,859.28,,G
04/09/2020,13:20:00,Curr_pacing,600000.00,,G
04/09/2020,13:20:00,FlowVolume,386155.98,,G
04/09/2020,13:21:00,PT Level,40.65,in,G
04/09/2020,13:21:00,Flow_cfs,861.54,,G
04/09/2020,13:21:00,FlowVolume,437848.29,,G
04/09/2020,13:22:00,PT Level,40.61,in,G
04/09/2020,13:22:00,Flow_cfs,859.76,,G
04/09/2020,13:22:00,FlowVolume,489433.83,,G
04/09/2020,13:23:00,PT Level,40.58,in,G
04/09/2020,13:23:00,Flow_cfs,859.04,,G
04/09/2020,13:23:00,FlowVolume,540976.01,,G
04/09/2020,13:24:00,PT Level,40.57,in,G
04/09/2020,13:24:00,Flow_cfs,858.80,,G
04/09/2020,13:24:00,FlowVolume,592503.72,,G
04/09/2020,13:25:00,PT Level,40.45,in,G
04/09/2020,13:25:00,Aliquot_Num,13,ali,G
04/09/2020,13:25:00,Flow_cfs,855.90,,G
04/09/2020,13:25:00,Curr_pacing,600000.00,,G
04/09/2020,13:25:00,Triggered S,14,,G
04/09/2020,13:25:00,VolumeTrig,643857.93,,G
04/09/2020,13:25:00,FlowVolume,43857.93,,G
04/09/2020,13:26:00,PT Level,40.58,in,G
04/09/2020,13:26:00,Flow_cfs,859.04,,G
04/09/2020,13:26:00,FlowVolume,95400.11,,G
04/09/2020,13:27:00,PT Level,40.42,in,G
04/09/2020,13:27:00,Flow_cfs,855.18,,G
04/09/2020,13:27:00,FlowVolume,146710.95,,G
04/09/2020,13:28:00,PT Level,40.54,in,G
04/09/2020,13:28:00,Flow_cfs,858.07,,G
04/09/2020,13:28:00,FlowVolume,198195.29,,G
04/09/2020,13:29:00,PT Level,40.61,in,G
04/09/2020,13:29:00,Flow_cfs,859.76,,G
04/09/2020,13:29:00,FlowVolume,249780.83,,G
04/09/2020,13:30:00,PT Level,40.60,in,G
04/09/2020,13:30:00,Aliquot_Num,14,ali,G
04/09/2020,13:30:00,Flow_cfs,859.52,,G
04/09/2020,13:30:00,Curr_pacing,600000.00,,G
04/09/2020,13:30:00,FlowVolume,301351.91,,G
04/09/2020,13:31:00,PT Level,40.51,in,G
04/09/2020,13:31:00,Flow_cfs,857.35,,G
04/09/2020,13:31:00,FlowVolume,352792.87,,G
04/09/2020,13:32:00,PT Level,40.61,in,G
04/09/2020,13:32:00,Flow_cfs,859.76,,G
04/09/2020,13:32:00,FlowVolume,404378.41,,G
04/09/2020,13:33:00,PT Level,40.71,in,G
04/09/2020,13:33:00,Flow_cfs,864.62,,G
04/09/2020,13:33:00,FlowVolume,456255.34,,G
04/09/2020,13:34:00,PT Level,40.63,in,G
04/09/2020,13:34:00,Flow_cfs,860.51,,G
04/09/2020,13:34:00,FlowVolume,507886.11,,G
04/09/2020,13:35:00,PT Level,40.56,in,G
04/09/2020,13:35:00,Aliquot_Num,14,ali,G
04/09/2020,13:35:00,Flow_cfs,858.55,,G
04/09/2020,13:35:00,Curr_pacing,600000.00,,G
04/09/2020,13:35:00,FlowVolume,559399.36,,G
04/09/2020,13:36:00,PT Level,40.76,in,G
04/09/2020,13:36:00,Flow_cfs,867.18,,G
04/09/2020,13:36:00,Triggered S,15,,G
04/09/2020,13:36:00,VolumeTrig,611430.13,,G
04/09/2020,13:36:00,FlowVolume,11430.13,,G
04/09/2020,13:37:00,PT Level,40.39,in,G
04/09/2020,13:37:00,Flow_cfs,854.46,,G
04/09/2020,13:37:00,FlowVolume,62697.60,,G
04/09/2020,13:38:00,PT Level,40.79,in,G
04/09/2020,13:38:00,Flow_cfs,868.72,,G
04/09/2020,13:38:00,FlowVolume,114820.68,,G
04/09/2020,13:39:00,PT Level,40.65,in,G
04/09/2020,13:39:00,Flow_cfs,861.54,,G
04/09/2020,13:39:00,FlowVolume,166512.99,,G
04/09/2020,13:40:00,PT Level,40.69,in,G
04/09/2020,13:40:00,Aliquot_Num,15,ali,G
04/09/2020,13:40:00,Flow_cfs,863.59,,G
04/09/2020,13:40:00,Curr_pacing,600000.00,,G
04/09/2020,13:40:00,FlowVolume,218328.37,,G
04/09/2020,13:41:00,PT Level,40.61,in,G
04/09/2020,13:41:00,Flow_cfs,859.76,,G
04/09/2020,13:41:00,FlowVolume,269913.91,,G
04/09/2020,13:42:00,PT Level,40.50,in,G
04/09/2020,13:42:00,Flow_cfs,857.11,,G
04/09/2020,13:42:00,FlowVolume,321340.42,,G
04/09/2020,13:43:00,PT Level,40.65,in,G
04/09/2020,13:43:00,Flow_cfs,861.54,,G
04/09/2020,13:43:00,FlowVolume,373032.73,,G
04/09/2020,13:44:00,PT Level,40.37,in,G
04/09/2020,13:44:00,Flow_cfs,853.98,,G
04/09/2020,13:44:00,FlowVolume,424271.28,,G
04/09/2020,13:45:00,PT Level,40.38,in,G
04/09/2020,13:45:00,Aliquot_Num,15,ali,G
04/09/2020,13:45:00,Flow_cfs,854.22,,G
04/09/2020,13:45:00,Curr_pacing,600000.00,,G
04/09/2020,13:45:00,FlowVolume,475524.30,,G
04/09/2020,13:46:00,PT Level,40.49,in,G
04/09/2020,13:46:00,Flow_cfs,856.87,,G
04/09/2020,13:46:00,FlowVolume,526936.35,,G
04/09/2020,13:47:00,PT Level,40.53,in,G
04/09/2020,13:47:00,Flow_cfs,857.83,,G
04/09/2020,13:47:00,FlowVolume,578406.22,,G
04/09/2020,13:48:00,PT Level,40.48,in,G
04/09/2020,13:48:00,Flow_cfs,856.63,,G
04/09/2020,13:48:00,Triggered S,16,,G
04/09/2020,13:48:00,VolumeTrig,629803.81,,G
04/09/2020,13:48:00,FlowVolume,29803.81,,G
04/09/2020,13:49:00,PT Level,40.59,in,G
04/09/2020,13:49:00,Flow_cfs,859.28,,G
04/09/2020,13:49:00,FlowVolume,81360.44,,G
04/09/2020,13:50:00,PT Level,40.36,in,G
04/09/2020,13:50:00,Aliquot_Num,16,ali,G
04/09/2020,13:50:00,Flow_cfs,853.73,,G
04/09/2020,13:50:00,Curr_pacing,600000.00,,G
04/09/2020,13:50:00,FlowVolume,132584.54,,G
04/09/2020,13:51:00,PT Level,40.65,in,G
04/09/2020,13:51:00,Flow_cfs,861.54,,G
04/09/2020,13:51:00,FlowVolume,184276.85,,G
04/09/2020,13:52:00,PT Level,40.51,in,G
04/09/2020,13:52:00,Flow_cfs,857.35,,G
04/09/2020,13:52:00,FlowVolume,235717.81,,G
04/09/2020,13:53:00,PT Level,40.40,in,G
04/09/2020,13:53:00,Flow_cfs,854.70,,G
04/09/2020,13:53:00,FlowVolume,286999.74,,G
04/09/2020,13:54:00,PT Level,40.55,in,G
04/09/2020,13:54:00,Flow_cfs,858.31,,G
04/09/2020,13:54:00,FlowVolume,338498.54,,G
04/09/2020,13:55:00,PT Level,40.45,in,G
04/09/2020,13:55:00,Aliquot_Num,16,ali,G
04/09/2020,13:55:00,Flow_cfs,855.90,,G
04/09/2020,13:55:00,Curr_pacing,600000.00,,G
04/09/2020,13:55:00,FlowVolume,389852.75,,G
04/09/2020,13:56:00,PT Level,40.53,in,G
04/09/2020,13:56:00,Flow_cfs,857.83,,G
04/09/2020,13:56:00,FlowVolume,441322.63,,G
04/09/2020,13:57:00,PT Level,40.45,in,G
04/09/2020,13:57:00,Flow_cfs,855.90,,G
04/09/2020,13:57:00,FlowVolume,492676.85,,G
04/09/2020,13:58:00,PT Level,40.46,in,G
04/09/2020,13:58:00,Flow_cfs,856.14,,G
04/09/2020,13:58:00,FlowVolume,544045.52,,G
04/09/2020,13:59:00,PT Level,40.54,in,G
04/09/2020,13:59:00,Flow_cfs,858.07,,G
04/09/2020,13:59:00,FlowVolume,595529.86,,G
04/09/2020,14:00:00,PT Level,40.44,in,G
04/09/2020,14:00:00,Aliquot_Num,16,ali,G
04/09/2020,14:00:00,Flow_cfs,855.66,,G
04/09/2020,14:00:00,Curr_pacing,600000.00,,G
04/09/2020,14:00:00,Triggered S,17,,G
04/09/2020,14:00:00,VolumeTrig,646869.62,,G
04/09/2020,14:00:00,FlowVolume,46869.62,,G
04/09/2020,14:01:00,PT Level,40.48,in,G
04/09/2020,14:01:00,Flow_cfs,856.63,,G
04/09/2020,14:01:00,FlowVolume,98267.21,,G
04/09/2020,14:02:00,PT Level,40.68,in,G
04/09/2020,14:02:00,Flow_cfs,863.08,,G
04/09/2020,14:02:00,FlowVolume,150051.82,,G
04/09/2020,14:03:00,PT Level,40.53,in,G
04/09/2020,14:03:00,Flow_cfs,857.83,,G
04/09/2020,14:03:00,FlowVolume,201521.70,,G
04/09/2020,14:04:00,PT Level,40.62,in,G
04/09/2020,14:04:00,Flow_cfs,860.00,,G
04/09/2020,14:04:00,FlowVolume,253121.70,,G
04/09/2020,14:05:00,PT Level,40.52,in,G
04/09/2020,14:05:00,Aliquot_Num,17,ali,G
04/09/2020,14:05:00,Flow_cfs,857.59,,G
04/09/2020,14:05:00,Curr_pacing,600000.00,,G
04/09/2020,14:05:00,FlowVolume,304577.12,,G
04/09/2020,14:06:00,PT Level,40.45,in,G
04/09/2020,14:06:00,Flow_cfs,855.90,,G
04/09/2020,14:06:00,FlowVolume,355931.34,,G
04/09/2020,14:07:00,PT Level,40.59,in,G
04/09/2020,14:07:00,Flow_cfs,859.28,,G
04/09/2020,14:07:00,FlowVolume,407487.97,,G
04/09/2020,14:08:00,PT Level,40.56,in,G
04/09/2020,14:08:00,Flow_cfs,858.55,,G
04/09/2020,14:08:00,FlowVolume,459001.22,,G
04/09/2020,14:09:00,PT Level,40.37,in,G
04/09/2020,14:09:00,Flow_cfs,853.98,,G
04/09/2020,14:09:00,FlowVolume,510239.78,,G
04/09/2020,14:10:00,PT Level,40.47,in,G
04/09/2020,14:10:00,Aliquot_Num,17,ali,G
04/09/2020,14:10:00,Flow_cfs,856.39,,G
04/09/2020,14:10:00,Curr_pacing,600000.00,,G
04/09/2020,14:10:00,FlowVolume,561622.91,,G
04/09/2020,14:11:00,PT Level,40.50,in,G
04/09/2020,14:11:00,Flow_cfs,857.11,,G
04/09/2020,14:11:00,Triggered S,18,,G
04/09/2020,14:11:00,VolumeTrig,613049.42,,G
04/09/2020,14:11:00,FlowVolume,13049.42,,G
04/09/2020,14:12:00,PT Level,40.42,in,G
04/09/2020,14:12:00,Flow_cfs,855.18,,G
04/09/2020,14:12:00,FlowVolume,64360.26,,G
04/09/2020,14:13:00,PT Level,40.71,in,G
04/09/2020,14:13:00,Flow_cfs,864.62,,G
04/09/2020,14:13:00,FlowVolume,116237.18,,G
04/09/2020,14:14:00,PT Level,40.43,in,G
04/09/2020,14:14:00,Flow_cfs,855.42,,G
04/09/2020,14:14:00,FlowVolume,167562.48,,G
04/09/2020,14:15:00,PT Level,40.64,in,G
04/09/2020,14:15:00,Aliquot_Num,18,ali,G
04/09/2020,14:15:00,Flow_cfs,861.03,,G
04/09/2020,14:15:00,Curr_pacing,600000.00,,G
04/09/2020,14:15:00,FlowVolume,219224.02,,G
04/09/2020,14:16:00,PT Level,40.53,in,G
04/09/2020,14:16:00,Flow_cfs,857.83,,G
04/09/2020,14:16:00,FlowVolume,270693.89,,G
04/09/2020,14:17:00,PT Level,40.61,in,G
04/09/2020,14:17:00,Flow_cfs,859.76,,G
04/09/2020,14:17:00,FlowVolume,322279.44,,G
04/09/2020,14:18:00,PT Level,40.61,in,G
04/09/2020,14:18:00,Flow_cfs,859.76,,G
04/09/2020,14:18:00,FlowVolume,373864.98,,G
04/09/2020,14:19:00,PT Level,40.44,in,G
04/09/2020,14:19:00,Flow_cfs,855.66,,G
04/09/2020,14:19:00,FlowVolume,425204.74,,G
04/09/2020,14:20:00,PT Level,40.37,in,G
04/09/2020,14:20:00,Aliquot_Num,18,ali,G
04/09/2020,14:20:00,Flow_cfs,853.98,,G
04/09/2020,14:20:00,Curr_pacing,600000.00,,G
04/09/2020,14:20:00,FlowVolume,476443.29,,G
04/09/2020,14:21:00,PT Level,40.27,in,G
04/09/2020,14:21:00,Flow_cfs,851.57,,G
04/09/2020,14:21:00,FlowVolume,527537.27,,G
04/09/2020,14:22:00,PT Level,40.62,in,G
04/09/2020,14:22:00,Flow_cfs,860.00,,G
04/09/2020,14:22:00,FlowVolume,579137.26,,G
04/09/2020,14:23:00,PT Level,40.40,in,G
04/09/2020,14:23:00,Flow_cfs,854.70,,G
04/09/2020,14:23:00,Triggered S,19,,G
04/09/2020,14:23:00,VolumeTrig,630419.19,,G
04/09/2020,14:23:00,FlowVolume,30419.19,,G
04/09/2020,14:24:00,PT Level,40.40,in,G
04/09/2020,14:24:00,Flow_cfs,854.70,,G
04/09/2020,14:24:00,FlowVolume,81701.12,,G
04/09/2020,14:25:00,PT Level,40.35,in,G
04/09/2020,14:25:00,Aliquot_Num,19,ali,G
04/09/2020,14:25:00,Flow_cfs,853.49,,G
04/09/2020,14:25:00,Curr_pacing,600000.00,,G
04/09/2020,14:25:00,FlowVolume,132910.76,,G
04/09/2020,14:26:00,PT Level,40.56,in,G
04/09/2020,14:26:00,Flow_cfs,858.55,,G
04/09/2020,14:26:00,FlowVolume,184424.01,,G
04/09/2020,14:27:00,PT Level,40.31,in,G
04/09/2020,14:27:00,Flow_cfs,852.53,,G
04/09/2020,14:27:00,FlowVolume,235575.82,,G
04/09/2020,14:28:00,PT Level,40.34,in,G
04/09/2020,14:28:00,Flow_cfs,853.25,,G
04/09/2020,14:28:00,FlowVolume,286771.01,,G
04/09/2020,14:29:00,PT Level,40.34,in,G
04/09/2020,14:29:00,Flow_cfs,853.25,,G
04/09/2020,14:29:00,FlowVolume,337966.19,,G
04/09/2020,14:30:00,PT Level,40.40,in,G
04/09/2020,14:30:00,Aliquot_Num,19,ali,G
04/09/2020,14:30:00,Flow_cfs,854.70,,G
04/09/2020,14:30:00,Curr_pacing,600000.00,,G
04/09/2020,14:30:00,FlowVolume,389248.12,,G
04/09/2020,14:31:00,PT Level,40.34,in,G
04/09/2020,14:31:00,Flow_cfs,853.25,,G
04/09/2020,14:31:00,FlowVolume,440443.30,,G
04/09/2020,14:32:00,PT Level,40.58,in,G
04/09/2020,14:32:00,Flow_cfs,859.04,,G
04/09/2020,14:32:00,FlowVolume,491985.47,,G
04/09/2020,14:33:00,PT Level,40.36,in,G
04/09/2020,14:33:00,Flow_cfs,853.73,,G
04/09/2020,14:33:00,FlowVolume,543209.57,,G
04/09/2020,14:34:00,PT Level,40.50,in,G
04/09/2020,14:34:00,Flow_cfs,857.11,,G
04/09/2020,14:34:00,FlowVolume,594636.07,,G
04/09/2020,14:35:00,PT Level,40.56,in,G
04/09/2020,14:35:00,Aliquot_Num,19,ali,G
04/09/2020,14:35:00,Flow_cfs,858.55,,G
04/09/2020,14:35:00,Curr_pacing,600000.00,,G
04/09/2020,14:35:00,Triggered S,20,,G
04/09/2020,14:35:00,VolumeTrig,646149.33,,G
04/09/2020,14:35:00,FlowVolume,46149.33,,G
04/09/2020,14:36:00,PT Level,40.34,in,G
04/09/2020,14:36:00,Flow_cfs,853.25,,G
04/09/2020,14:36:00,FlowVolume,97344.51,,G
04/09/2020,14:37:00,PT Level,40.39,in,G
04/09/2020,14:37:00,Flow_cfs,854.46,,G
04/09/2020,14:37:00,FlowVolume,148611.98,,G
04/09/2020,14:38:00,PT Level,40.28,in,G
04/09/2020,14:38:00,Flow_cfs,851.81,,G
04/09/2020,14:38:00,FlowVolume,199720.41,,G
04/09/2020,14:39:00,PT Level,40.43,in,G
04/09/2020,14:39:00,Flow_cfs,855.42,,G
04/09/2020,14:39:00,FlowVolume,251045.71,,G
04/09/2020,14:40:00,PT Level,40.46,in,G
04/09/2020,14:40:00,Aliquot_Num,20,ali,G
04/09/2020,14:40:00,Flow_cfs,856.14,,G
04/09/2020,14:40:00,Curr_pacing,600000.00,,G
04/09/2020,14:40:00,FlowVolume,302414.38,,G
04/09/2020,14:41:00,PT Level,40.65,in,G
04/09/2020,14:41:00,Flow_cfs,861.54,,G
04/09/2020,14:41:00,FlowVolume,354106.70,,G
04/09/2020,14:42:00,PT Level,40.44,in,G
04/09/2020,14:42:00,Flow_cfs,855.66,,G
04/09/2020,14:42:00,FlowVolume,405446.45,,G
04/09/2020,14:43:00,PT Level,40.37,in,G
04/09/2020,14:43:00,Flow_cfs,853.98,,G
04/09/2020,14:43:00,FlowVolume,456685.01,,G
04/09/2020,14:44:00,PT Level,40.40,in,G
04/09/2020,14:44:00,Flow_cfs,854.70,,G
04/09/2020,14:44:00,FlowVolume,507966.94,,G
04/09/2020,14:45:00,PT Level,40.44,in,G
04/09/2020,14:45:00,Aliquot_Num,20,ali,G
04/09/2020,14:45:00,Flow_cfs,855.66,,G
04/09/2020,14:45:00,Curr_pacing,600000.00,,G
04/09/2020,14:45:00,FlowVolume,559306.69,,G
04/09/2020,14:46:00,PT Level,40.62,in,G
04/09/2020,14:46:00,Flow_cfs,860.00,,G
04/09/2020,14:46:00,Triggered S,21,,G
04/09/2020,14:46:00,VolumeTrig,610906.69,,G
04/09/2020,14:46:00,FlowVolume,10906.69,,G
04/09/2020,14:47:00,PT Level,40.57,in,G
04/09/2020,14:47:00,Flow_cfs,858.80,,G
04/09/2020,14:47:00,FlowVolume,62434.40,,G
04/09/2020,14:48:00,PT Level,40.31,in,G
04/09/2020,14:48:00,Flow_cfs,852.53,,G
04/09/2020,14:48:00,FlowVolume,113586.21,,G
04/09/2020,14:49:00,PT Level,40.10,in,G
04/09/2020,14:49:00,Flow_cfs,847.47,,G
04/09/2020,14:49:00,FlowVolume,164434.40,,G
04/09/2020,14:50:00,PT Level,40.43,in,G
04/09/2020,14:50:00,Aliquot_Num,21,ali,G
04/09/2020,14:50:00,Flow_cfs,855.42,,G
04/09/2020,14:50:00,Curr_pacing,600000.00,,G
04/09/2020,14:50:00,FlowVolume,215759.70,,G
04/09/2020,14:51:00,PT Level,40.16,in,G
04/09/2020,14:51:00,Flow_cfs,848.92,,G
04/09/2020,14:51:00,FlowVolume,266694.64,,G
04/09/2020,14:52:00,PT Level,40.35,in,G
04/09/2020,14:52:00,Flow_cfs,853.49,,G
04/09/2020,14:52:00,FlowVolume,317904.28,,G
04/09/2020,14:53:00,PT Level,40.40,in,G
04/09/2020,14:53:00,Flow_cfs,854.70,,G
04/09/2020,14:53:00,FlowVolume,369186.21,,G
04/09/2020,14:54:00,PT Level,40.31,in,G
04/09/2020,14:54:00,Flow_cfs,852.53,,G
04/09/2020,14:54:00,FlowVolume,420338.02,,G
04/09/2020,14:55:00,PT Level,40.38,in,G
04/09/2020,14:55:00,Aliquot_Num,21,ali,G
04/09/2020,14:55:00,Flow_cfs,854.22,,G
04/09/2020,14:55:00,Curr_pacing,600000.00,,G
04/09/2020,14:55:00,FlowVolume,471591.03,,G
04/09/2020,14:56:00,PT Level,40.17,in,G
04/09/2020,14:56:00,Flow_cfs,849.16,,G
04/09/2020,14:56:00,FlowVolume,522540.43,,G
04/09/2020,14:57:00,PT Level,40.17,in,G
04/09/2020,14:57:00,Flow_cfs,849.16,,G
04/09/2020,14:57:00,FlowVolume,573489.82,,G
04/09/2020,14:58:00,PT Level,40.36,in,G
04/09/2020,14:58:00,Flow_cfs,853.73,,G
04/09/2020,14:58:00,Triggered S,22,,G
04/09/2020,14:58:00,VolumeTrig,624713.92,,G
04/09/2020,14:58:00,FlowVolume,24713.92,,G
04/09/2020,14:59:00,PT Level,40.21,in,G
04/09/2020,14:59:00,Flow_cfs,850.12,,G
04/09/2020,14:59:00,FlowVolume,75721.15,,G
04/09/2020,15:00:00,PT Level,40.31,in,G
04/09/2020,15:00:00,Aliquot_Num,22,ali,G
04/09/2020,15:00:00,Flow_cfs,852.53,,G
04/09/2020,15:00:00,Curr_pacing,600000.00,,G
04/09/2020,15:00:00,FlowVolume,126872.96,,G
04/09/2020,15:01:00,PT Level,40.25,in,G
04/09/2020,15:01:00,Flow_cfs,851.08,,G
04/09/2020,15:01:00,FlowVolume,177938.02,,G
04/09/2020,15:02:00,PT Level,40.15,in,G
04/09/2020,15:02:00,Flow_cfs,848.67,,G
04/09/2020,15:02:00,FlowVolume,228858.50,,G
04/09/2020,15:03:00,PT Level,40.31,in,G
04/09/2020,15:03:00,Flow_cfs,852.53,,G
04/09/2020,15:03:00,FlowVolume,280010.31,,G
04/09/2020,15:04:00,PT Level,40.27,in,G
04/09/2020,15:04:00,Flow_cfs,851.57,,G
04/09/2020,15:04:00,FlowVolume,331104.29,,G
04/09/2020,15:05:00,PT Level,40.36,in,G
04/09/2020,15:05:00,Aliquot_Num,22,ali,G
04/09/2020,15:05:00,Flow_cfs,853.73,,G
04/09/2020,15:05:00,Curr_pacing,600000.00,,G
04/09/2020,15:05:00,FlowVolume,382328.38,,G
04/09/2020,15:06:00,PT Level,40.14,in,G
04/09/2020,15:06:00,Flow_cfs,848.43,,G
04/09/2020,15:06:00,FlowVolume,433234.41,,G
04/09/2020,15:07:00,PT Level,40.43,in,G
04/09/2020,15:07:00,Flow_cfs,855.42,,G
04/09/2020,15:07:00,FlowVolume,484559.71,,G
04/09/2020,15:08:00,PT Level,40.12,in,G
04/09/2020,15:08:00,Flow_cfs,847.95,,G
04/09/2020,15:08:00,FlowVolume,535436.81,,G
04/09/2020,15:09:00,PT Level,40.17,in,G
04/09/2020,15:09:00,Flow_cfs,849.16,,G
04/09/2020,15:09:00,FlowVolume,586386.21,,G
04/09/2020,15:10:00,PT Level,40.23,in,G
04/09/2020,15:10:00,Aliquot_Num,22,ali,G
04/09/2020,15:10:00,Flow_cfs,850.60,,G
04/09/2020,15:10:00,Curr_pacing,600000.00,,G
04/09/2020,15:10:00,Triggered S,23,,G
04/09/2020,15:10:00,VolumeTrig,637422.35,,G
04/09/2020,15:10:00,FlowVolume,37422.35,,G
04/09/2020,15:11:00,PT Level,40.15,in,G
04/09/2020,15:11:00,Flow_cfs,848.67,,G
04/09/2020,15:11:00,FlowVolume,88342.84,,G
04/09/2020,15:12:00,PT Level,40.21,in,G
04/09/2020,15:12:00,Flow_cfs,850.12,,G
04/09/2020,15:12:00,FlowVolume,139350.07,,G
04/09/2020,15:13:00,PT Level,40.06,in,G
04/09/2020,15:13:00,Flow_cfs,846.51,,G
04/09/2020,15:13:00,FlowVolume,190140.43,,G
04/09/2020,15:13:27,Wi-Fi Connected,0,,G
04/09/2020,15:14:00,PT Level,40.18,in,G
04/09/2020,15:14:00,Flow_cfs,849.40,,G
04/09/2020,15:14:00,FlowVolume,241104.28,,G
04/09/2020,15:15:00,PT Level,40.24,in,G
04/09/2020,15:15:00,Aliquot_Num,23,ali,G
04/09/2020,15:15:00,Flow_cfs,850.84,,G
04/09/2020,15:15:00,Curr_pacing,600000.00,,G
04/09/2020,15:15:00,FlowVolume,292154.89,,G
04/09/2020,15:16:00,PT Level,40.25,in,G
04/09/2020,15:16:00,Flow_cfs,851.08,,G
04/09/2020,15:16:00,FlowVolume,343219.95,,G
04/09/2020,15:17:00,PT Level,40.13,in,G
04/09/2020,15:17:00,Flow_cfs,848.19,,G
04/09/2020,15:17:00,FlowVolume,394111.52,,G
04/09/2020,15:18:00,PT Level,40.20,in,G
04/09/2020,15:18:00,Flow_cfs,849.88,,G
04/09/2020,15:18:00,FlowVolume,445104.29,,G
04/09/2020,15:18:09,Log Download,0,,G
04/09/2020,15:18:39,Log Download,0,,G
04/09/2020,15:19:00,PT Level,40.18,in,G
04/09/2020,15:19:00,Flow_cfs,849.40,,G
04/09/2020,15:19:00,FlowVolume,496068.15,,G
04/09/2020,15:20:00,PT Level,40.17,in,G
04/09/2020,15:20:00,Aliquot_Num,23,ali,G
04/09/2020,15:20:00,Flow_cfs,849.16,,G
04/09/2020,15:20:00,Curr_pacing,600000.00,,G
04/09/2020,15:20:00,FlowVolume,547017.54,,G
04/09/2020,15:21:00,PT Level,40.33,in,G
04/09/2020,15:21:00,Flow_cfs,853.01,,G
04/09/2020,15:21:00,FlowVolume,598198.27,,G
04/09/2020,15:21:17,Setup Change,0,,G
04/09/2020,15:21:17,Recording,0,,G
04/09/2020,15:21:17,Time Before Change,25200000,ms,G
04/09/2020,22:21:17,Time After Change,25200000,ms,G
04/09/2020,22:21:17,Local Time Offset Change,0,,G
04/09/2020,22:21:21,Time Before Change,-25200000,ms,G
04/09/2020,15:21:21,Time After Change,-25200000,ms,G
04/09/2020,15:21:21,Local Time Offset Change,0,,G
04/09/2020,15:21:32,Recording,1,,G
04/09/2020,15:21:34,SDI XDT,0,,G
04/09/2020,15:21:53,Setup Change,0,,G
04/09/2020,15:21:53,Recording,0,,G
04/09/2020,15:21:53,Time Before Change,25200000,ms,G
04/09/2020,22:21:53,Time After Change,25200000,ms,G
04/09/2020,22:21:53,Local Time Offset Change,0,,G
04/09/2020,22:21:57,Time Before Change,-25200000,ms,G
04/09/2020,15:21:57,Time After Change,-25200000,ms,G
04/09/2020,15:21:57,Local Time Offset Change,0,,G
04/09/2020,15:22:09,Recording,1,,G
04/09/2020,15:22:11,SDI XDT,0,,G
04/09/2020,15:22:58,Setup Change,0,,G
04/09/2020,15:22:58,Recording,0,,G
04/09/2020,15:22:58,Time Before Change,25200000,ms,G
04/09/2020,22:22:58,Time After Change,25200000,ms,G
04/09/2020,22:22:58,Local Time Offset Change,0,,G
04/09/2020,22:23:02,Time Before Change,-25200000,ms,G
04/09/2020,15:23:02,Time After Change,-25200000,ms,G
04/09/2020,15:23:02,Local Time Offset Change,0,,G
04/09/2020,15:23:13,Recording,1,,G
04/09/2020,15:23:14,SDI XDT,0,,G
04/09/2020,15:23:43,Wi-Fi Disconnected,0,,G
04/09/2020,15:24:00,PT Level,40.02,in,G
04/09/2020,15:24:00,Alarm In,1,,G
04/09/2020,15:24:00,Flow_cfs,845.54,,G
04/09/2020,15:24:00,Triggered S,1,,G
04/09/2020,15:24:00,VolumeTrig,50732.53,,G
04/09/2020,15:24:00,FlowVolume,50733.53,,G
04/09/2020,15:24:06,Wi-Fi Connected,0,,G
04/09/2020,15:24:18,Setup Change,0,,G
04/09/2020,15:25:00,PT Level,40.12,in,G
04/09/2020,15:25:00,Aliquot_Num,1,ali,G
04/09/2020,15:25:00,Flow_cfs,847.95,,G
04/09/2020,15:25:00,Curr_pacing,30000.00,,G
04/09/2020,15:25:03,Setup Change,0,,G
04/09/2020,15:25:05,BottleChang,3,,G
04/09/2020,15:25:00,Triggered S,1,,G
04/09/2020,15:25:00,VolumeTrig,101610.64,,G
04/09/2020,15:25:00,FlowVolume,71610.64,,G
04/09/2020,15:25:15,Recording,0,,G
04/09/2020,15:25:15,Time Before Change,25200000,ms,G
04/09/2020,22:25:15,Time After Change,25200000,ms,G
04/09/2020,22:25:15,Local Time Offset Change,0,,G
04/09/2020,22:25:19,Time Before Change,-25200000,ms,G
04/09/2020,15:25:19,Time After Change,-25200000,ms,G
04/09/2020,15:25:19,Local Time Offset Change,0,,G
04/09/2020,15:25:33,Setup Change,0,,G
04/09/2020,15:25:36,Recording,1,,G
04/09/2020,15:25:37,SDI XDT,0,,G
04/09/2020,15:25:40,Wi-Fi Disconnected,0,,G
04/09/2020,15:26:00,PT Level,40.28,in,G
04/09/2020,15:26:00,Alarm In,1,,G
04/09/2020,15:26:00,Flow_cfs,851.81,,G
04/09/2020,15:26:04,BottleChang,3,,G
04/09/2020,15:26:00,Triggered S,1,,G
04/09/2020,15:26:00,VolumeTrig,51108.43,,G
04/09/2020,15:26:00,FlowVolume,51109.43,,G
04/09/2020,15:26:46,Wi-Fi Connected,0,,G
04/09/2020,15:27:00,PT Level,40.14,in,G
04/09/2020,15:27:00,Flow_cfs,848.43,,G
04/09/2020,15:27:00,Triggered S,2,,G
04/09/2020,15:27:00,VolumeTrig,102015.46,,G
04/09/2020,15:27:00,FlowVolume,102016.46,,G
04/09/2020,15:27:06,Wi-Fi Disconnected,0,,G
04/09/2020,15:28:00,PT Level,40.13,in,G
04/09/2020,15:28:00,Flow_cfs,848.19,,G
04/09/2020,15:28:00,Triggered S,3,,G
04/09/2020,15:28:00,VolumeTrig,152908.02,,G
04/09/2020,15:28:00,FlowVolume,152909.02,,G
04/09/2020,15:29:00,PT Level,40.10,in,G
04/09/2020,15:29:00,Flow_cfs,847.47,,G
04/09/2020,15:29:02,USB Cable,1,,G
04/09/2020,15:29:00,Triggered S,4,,G
04/09/2020,15:29:00,VolumeTrig,203757.21,,G
04/09/2020,15:29:00,FlowVolume,203758.21,,G
04/09/2020,15:30:00,PT Level,39.92,in,G
04/09/2020,15:30:00,Aliquot_Num,4,ali,G
04/09/2020,15:30:00,Flow_cfs,814.44,,G
04/09/2020,15:30:00,Curr_pacing,-1.00,,G
04/09/2020,15:30:00,Triggered S,5,,G
04/09/2020,15:30:00,VolumeTrig,252624.87,,G
04/09/2020,15:30:00,FlowVolume,252625.87,,G
04/09/2020,15:30:54,System Error: Battery Low,5508,,G
04/09/2020,15:30:54,Battery,4.4390,,G
04/09/2020,15:31:05,Reset Soft,2,,G
04/09/2020,15:31:08,SDI XDT,0,,G
04/09/2020,15:31:08,Battery,13.78,V,G
04/09/2020,15:31:08,Internal Temp,16.24,C,G
04/09/2020,15:31:11,USB Cable,1,,G
04/09/2020,15:31:36,Time Before Change,-56,ms,G
04/09/2020,15:31:36,Time After Change,-56,ms,G
04/09/2020,15:32:00,PT Level,39.87,in,G
04/09/2020,15:32:00,Alarm In,1,,G
04/09/2020,15:32:00,Flow_cfs,811.67,,G
04/09/2020,15:32:00,Triggered S,1,,G
04/09/2020,15:32:00,VolumeTrig,48700.00,,G
04/09/2020,15:32:00,FlowVolume,48701.00,,G
04/09/2020,15:32:17,Setup Change,0,,G
04/09/2020,15:32:17,Recording,0,,G
04/09/2020,15:32:17,Time Before Change,25200000,ms,G
04/09/2020,22:32:17,Time After Change,25200000,ms,G
04/09/2020,22:32:17,Local Time Offset Change,0,,G
04/09/2020,22:32:21,Time Before Change,-25200000,ms,G
04/09/2020,15:32:21,Time After Change,-25200000,ms,G
04/09/2020,15:32:21,Local Time Offset Change,0,,G
04/09/2020,15:32:29,Recording,1,,G
04/09/2020,15:32:30,SDI XDT,0,,G
04/09/2020,15:33:00,PT Level,40.00,in,G
04/09/2020,15:33:00,Alarm In,1,,G
04/09/2020,15:33:02,Setup Change,0,,G
04/09/2020,15:33:02,Recording,0,,G
04/09/2020,15:33:02,Time Before Change,25200000,ms,G
04/09/2020,22:33:02,Time After Change,25200000,ms,G
04/09/2020,22:33:02,Local Time Offset Change,0,,G
04/09/2020,15:33:00,Flow_cfs,818.89,,G
04/09/2020,15:33:00,Triggered S,1,,G
04/09/2020,15:33:00,VolumeTrig,0.00,,G
04/09/2020,15:33:00,Sense7,-99999.00,,B
04/09/2020,15:34:00,Sense1,47.54,,G
04/09/2020,22:33:09,Time Before Change,-25200000,ms,G
04/09/2020,15:33:09,Time After Change,-25200000,ms,G
04/09/2020,15:33:09,Local Time Offset Change,0,,G
04/09/2020,15:33:17,Recording,1,,G
04/09/2020,15:33:18,SDI XDT,0,,G
04/09/2020,15:34:00,Setup Change,0,,G
04/09/2020,15:34:00,Recording,0,,G
04/09/2020,15:34:01,Time Before Change,25200000,ms,G
04/09/2020,22:34:01,Time After Change,25200000,ms,G
04/09/2020,22:34:01,Local Time Offset Change,0,,G
04/09/2020,15:34:00,Flow_cfs,1324.19,,G
04/09/2020,15:34:00,PT Level,39.94,in,G
04/09/2020,15:34:00,Triggered S,1,,G
04/09/2020,15:34:00,VolumeTrig,0.00,,G
04/09/2020,15:34:00,Sense7,-99999.00,,B
04/09/2020,22:34:07,Time Before Change,-25200000,ms,G
04/09/2020,15:34:07,Time After Change,-25200000,ms,G
04/09/2020,15:34:07,Local Time Offset Change,0,,G
04/09/2020,15:34:15,Recording,1,,G
04/09/2020,15:34:17,SDI XDT,0,,G
04/09/2020,15:35:00,PT Level,40.08,in,G
04/09/2020,15:35:00,Alarm In,1,,G
04/09/2020,15:35:00,Aliquot_Num,1,ali,G
04/09/2020,15:35:00,Flow_cfs,846.99,,G
04/09/2020,15:35:00,Curr_pacing,600000.00,,G
04/09/2020,15:35:05,BottleChang,3,,G
04/09/2020,15:35:00,FlowVolume,50819.28,,G
04/09/2020,15:36:00,PT Level,39.92,in,G
04/09/2020,15:36:00,Flow_cfs,814.44,,G
04/09/2020,15:36:00,FlowVolume,99685.94,,G
04/09/2020,15:37:00,PT Level,40.14,in,G
04/09/2020,15:37:00,Flow_cfs,848.43,,G
04/09/2020,15:37:00,FlowVolume,150591.96,,G
04/09/2020,15:38:00,PT Level,39.85,in,G
04/09/2020,15:38:00,Flow_cfs,810.56,,G
04/09/2020,15:38:00,FlowVolume,199225.29,,G
04/09/2020,15:39:00,PT Level,40.11,in,G
04/09/2020,15:39:00,Flow_cfs,847.71,,G
04/09/2020,15:39:00,FlowVolume,250087.94,,G
04/09/2020,15:40:00,PT Level,39.93,in,G
04/09/2020,15:40:00,Aliquot_Num,0,ali,G
04/09/2020,15:40:00,Flow_cfs,815.00,,G
04/09/2020,15:40:00,Curr_pacing,600000.00,,G
04/09/2020,15:40:00,FlowVolume,298987.94,,G
04/09/2020,15:40:51,Setup Change,0,,G
04/09/2020,15:40:51,Recording,0,,G
04/09/2020,15:40:51,Time Before Change,25200000,ms,G
04/09/2020,22:40:51,Time After Change,25200000,ms,G
04/09/2020,22:40:51,Local Time Offset Change,0,,G
04/09/2020,22:40:55,Time Before Change,-25200000,ms,G
04/09/2020,15:40:55,Time After Change,-25200000,ms,G
04/09/2020,15:40:55,Local Time Offset Change,0,,G
04/09/2020,15:41:03,Recording,1,,G
04/09/2020,15:41:04,SDI XDT,0,,G
04/09/2020,15:41:28,Setup Change,0,,G
04/09/2020,15:41:28,Recording,0,,G
04/09/2020,15:41:28,Time Before Change,25200000,ms,G
04/09/2020,22:41:28,Time After Change,25200000,ms,G
04/09/2020,22:41:28,Local Time Offset Change,0,,G
04/09/2020,22:41:32,Time Before Change,-25200000,ms,G
04/09/2020,15:41:32,Time After Change,-25200000,ms,G
04/09/2020,15:41:32,Local Time Offset Change,0,,G
04/09/2020,15:41:39,Recording,1,,G
04/09/2020,15:41:41,SDI XDT,0,,G
04/09/2020,15:42:00,PT Level,39.89,in,G
04/09/2020,15:42:00,Alarm In,1,,G
04/09/2020,15:42:00,Flow_cfs,812.78,,G
04/09/2020,15:42:05,BottleChang,3,,G
04/09/2020,15:42:00,FlowVolume,48766.66,,G
04/09/2020,15:42:38,Setup Change,0,,G
04/09/2020,15:42:38,Recording,0,,G
04/09/2020,15:42:38,Time Before Change,25200000,ms,G
04/09/2020,22:42:38,Time After Change,25200000,ms,G
04/09/2020,22:42:38,Local Time Offset Change,0,,G
04/09/2020,22:42:41,Time Before Change,-25200000,ms,G
04/09/2020,15:42:41,Time After Change,-25200000,ms,G
04/09/2020,15:42:41,Local Time Offset Change,0,,G
04/09/2020,15:42:49,Recording,1,,G
04/09/2020,15:42:50,SDI XDT,0,,G
04/09/2020,15:43:00,PT Level,40.09,in,G
04/09/2020,15:43:00,Alarm In,1,,G
04/09/2020,15:43:00,Flow_cfs,847.23,,G
04/09/2020,15:43:04,BottleChang,3,,G
04/09/2020,15:43:00,FlowVolume,50833.74,,G
04/09/2020,15:44:00,PT Level,40.05,in,G
04/09/2020,15:44:00,Flow_cfs,846.27,,G
04/09/2020,15:44:00,FlowVolume,152356.62,,G
04/09/2020,15:45:00,PT Level,40.00,in,G
04/09/2020,15:45:00,Aliquot_Num,0,ali,G
04/09/2020,15:45:00,Flow_cfs,818.89,,G
04/09/2020,15:45:00,Curr_pacing,999999.00,,G
04/09/2020,15:45:00,FlowVolume,201489.96,,G
04/09/2020,15:45:34,Setup Change,0,,G
04/09/2020,15:46:00,PT Level,39.91,in,G
04/09/2020,15:46:00,Flow_cfs,813.89,,G
04/09/2020,15:46:04,BottleChang,3,,G
04/09/2020,15:46:00,FlowVolume,250323.29,,G
04/09/2020,15:47:00,PT Level,39.98,in,G
04/09/2020,15:47:00,Flow_cfs,817.78,,G
04/09/2020,15:47:00,FlowVolume,299389.96,,G
04/09/2020,15:48:00,PT Level,40.05,in,G
04/09/2020,15:48:00,Flow_cfs,846.27,,G
04/09/2020,15:48:00,FlowVolume,350165.86,,G
04/09/2020,15:49:00,PT Level,40.03,in,G
04/09/2020,15:49:00,Flow_cfs,845.78,,G
04/09/2020,15:49:00,FlowVolume,400912.84,,G
04/09/2020,15:49:53,USB Cable,0,,G
04/09/2020,15:50:00,PT Level,40.07,in,G
04/09/2020,15:50:00,Aliquot_Num,0,ali,G
04/09/2020,15:50:00,Flow_cfs,846.75,,G
04/09/2020,15:50:00,Curr_pacing,600000.00,,G
04/09/2020,15:50:00,FlowVolume,451717.66,,G
04/09/2020,15:51:00,PT Level,39.91,in,G
04/09/2020,15:51:00,Flow_cfs,813.89,,G
04/09/2020,15:51:00,FlowVolume,500551.00,,G
04/09/2020,15:52:00,PT Level,39.98,in,G
04/09/2020,15:52:00,Flow_cfs,817.78,,G
04/09/2020,15:52:00,FlowVolume,549617.66,,G
04/09/2020,15:53:00,PT Level,39.89,in,G
04/09/2020,15:53:00,Flow_cfs,812.78,,G
04/09/2020,15:53:03,Wi-Fi Connected,0,,G
04/09/2020,15:53:00,FlowVolume,598384.33,,G
04/09/2020,15:53:50,Wi-Fi Disconnected,0,,G
04/09/2020,15:54:00,PT Level,40.13,in,G
04/09/2020,15:54:00,Flow_cfs,848.19,,G
04/09/2020,15:54:00,Triggered S,1,,G
04/09/2020,15:54:00,VolumeTrig,649275.89,,G
04/09/2020,15:54:00,FlowVolume,49275.89,,G
04/09/2020,15:54:13,Wi-Fi Connected,0,,G
04/09/2020,15:55:00,PT Level,39.95,in,G
04/09/2020,15:55:00,Aliquot_Num,1,ali,G
04/09/2020,15:55:00,Flow_cfs,816.11,,G
04/09/2020,15:55:00,Curr_pacing,600000.00,,G
04/09/2020,15:55:00,FlowVolume,98242.56,,G
04/09/2020,15:55:11,Wi-Fi Disconnected,0,,G
04/09/2020,15:56:00,PT Level,40.05,in,G
04/09/2020,15:56:00,Flow_cfs,846.27,,G
04/09/2020,15:56:00,FlowVolume,149018.46,,G
04/09/2020,15:57:00,PT Level,39.82,in,G
04/09/2020,15:57:00,Flow_cfs,808.89,,G
04/09/2020,15:57:00,FlowVolume,197551.80,,G
04/09/2020,15:58:00,PT Level,39.71,in,G
04/09/2020,15:58:00,Flow_cfs,802.78,,G
04/09/2020,15:58:00,FlowVolume,245718.46,,G
04/09/2020,15:59:00,PT Level,39.89,in,G
04/09/2020,15:59:00,Flow_cfs,812.78,,G
04/09/2020,15:59:00,FlowVolume,294485.13,,G
04/09/2020,16:00:00,PT Level,39.65,in,G
04/09/2020,16:00:00,Aliquot_Num,1,ali,G
04/09/2020,16:00:00,Flow_cfs,797.14,,G
04/09/2020,16:00:00,Curr_pacing,600000.00,,G
04/09/2020,16:00:00,FlowVolume,342313.72,,G
04/09/2020,16:01:00,PT Level,39.92,in,G
04/09/2020,16:01:00,Flow_cfs,814.44,,G
04/09/2020,16:01:00,FlowVolume,391180.38,,G
04/09/2020,16:02:00,PT Level,39.74,in,G
04/09/2020,16:02:00,Flow_cfs,804.44,,G
04/09/2020,16:02:00,FlowVolume,439447.06,,G
04/09/2020,16:03:00,PT Level,39.94,in,G
04/09/2020,16:03:00,Flow_cfs,815.56,,G
04/09/2020,16:03:00,FlowVolume,488380.38,,G
04/09/2020,16:04:00,PT Level,39.96,in,G
04/09/2020,16:04:00,Flow_cfs,816.67,,G
04/09/2020,16:04:00,FlowVolume,537380.38,,G
04/09/2020,16:05:00,PT Level,39.68,in,G
04/09/2020,16:05:00,Aliquot_Num,1,ali,G
04/09/2020,16:05:00,Flow_cfs,801.11,,G
04/09/2020,16:05:00,Curr_pacing,600000.00,,G
04/09/2020,16:05:00,FlowVolume,585447.05,,G
04/09/2020,16:06:00,PT Level,39.99,in,G
04/09/2020,16:06:00,Flow_cfs,818.33,,G
04/09/2020,16:06:00,Triggered S,2,,G
04/09/2020,16:06:00,VolumeTrig,634547.05,,G
04/09/2020,16:06:00,FlowVolume,34547.05,,G
04/09/2020,16:07:00,PT Level,39.84,in,G
04/09/2020,16:07:00,Flow_cfs,810.00,,G
04/09/2020,16:07:00,FlowVolume,83147.06,,G
04/09/2020,16:08:00,PT Level,39.83,in,G
04/09/2020,16:08:00,Flow_cfs,809.44,,G
04/09/2020,16:08:00,FlowVolume,131713.73,,G
04/09/2020,16:09:00,PT Level,39.89,in,G
04/09/2020,16:09:00,Flow_cfs,812.78,,G
04/09/2020,16:09:00,FlowVolume,180480.39,,G
04/09/2020,16:10:00,PT Level,39.68,in,G
04/09/2020,16:10:00,Aliquot_Num,2,ali,G
04/09/2020,16:10:00,Flow_cfs,801.11,,G
04/09/2020,16:10:00,Curr_pacing,600000.00,,G
04/09/2020,16:10:00,FlowVolume,228547.06,,G
04/09/2020,16:11:00,PT Level,39.81,in,G
04/09/2020,16:11:00,Flow_cfs,808.33,,G
04/09/2020,16:11:00,FlowVolume,277047.06,,G
04/09/2020,16:12:00,PT Level,39.89,in,G
04/09/2020,16:12:00,Flow_cfs,812.78,,G
04/09/2020,16:12:00,FlowVolume,325813.73,,G
04/09/2020,16:13:00,PT Level,39.77,in,G
04/09/2020,16:13:00,Flow_cfs,806.11,,G
04/09/2020,16:13:00,FlowVolume,374180.40,,G
04/09/2020,16:14:00,PT Level,39.68,in,G
04/09/2020,16:14:00,Flow_cfs,801.11,,G
04/09/2020,16:14:00,FlowVolume,422247.07,,G
04/09/2020,16:15:00,PT Level,39.65,in,G
04/09/2020,16:15:00,Aliquot_Num,2,ali,G
04/09/2020,16:15:00,Flow_cfs,797.14,,G
04/09/2020,16:15:00,Curr_pacing,600000.00,,G
04/09/2020,16:15:00,FlowVolume,470075.66,,G
04/09/2020,16:16:00,PT Level,39.73,in,G
04/09/2020,16:16:00,Flow_cfs,803.89,,G
04/09/2020,16:16:00,FlowVolume,518308.99,,G
04/09/2020,16:17:00,PT Level,39.70,in,G
04/09/2020,16:17:00,Flow_cfs,802.22,,G
04/09/2020,16:17:00,FlowVolume,566442.33,,G
04/09/2020,16:18:00,PT Level,39.41,in,G
04/09/2020,16:18:00,Flow_cfs,777.14,,G
04/09/2020,16:18:00,Triggered S,3,,G
04/09/2020,16:18:00,VolumeTrig,613070.90,,G
04/09/2020,16:18:00,FlowVolume,13070.90,,G
04/09/2020,16:19:00,PT Level,39.71,in,G
04/09/2020,16:19:00,Flow_cfs,802.78,,G
04/09/2020,16:19:00,FlowVolume,61237.57,,G
04/09/2020,16:20:00,PT Level,39.55,in,G
04/09/2020,16:20:00,Aliquot_Num,3,ali,G
04/09/2020,16:20:00,Flow_cfs,779.37,,G
04/09/2020,16:20:00,Curr_pacing,600000.00,,G
04/09/2020,16:20:00,FlowVolume,107999.47,,G
04/09/2020,16:21:00,PT Level,39.65,in,G
04/09/2020,16:21:00,Flow_cfs,797.14,,G
04/09/2020,16:21:00,FlowVolume,155828.07,,G
04/09/2020,16:22:00,PT Level,39.55,in,G
04/09/2020,16:22:00,Flow_cfs,779.37,,G
04/09/2020,16:22:00,FlowVolume,202589.97,,G
04/09/2020,16:23:00,PT Level,39.66,in,G
04/09/2020,16:23:00,Flow_cfs,800.00,,G
04/09/2020,16:23:00,FlowVolume,250589.97,,G
04/09/2020,16:24:00,PT Level,39.54,in,G
04/09/2020,16:24:00,Flow_cfs,779.21,,G
04/09/2020,16:24:00,FlowVolume,297342.35,,G
04/09/2020,16:25:00,PT Level,39.52,in,G
04/09/2020,16:25:00,Aliquot_Num,3,ali,G
04/09/2020,16:25:00,Flow_cfs,778.89,,G
04/09/2020,16:25:00,Curr_pacing,600000.00,,G
04/09/2020,16:25:00,FlowVolume,344075.68,,G
04/09/2020,16:26:00,PT Level,39.69,in,G
04/09/2020,16:26:00,Flow_cfs,801.67,,G
04/09/2020,16:26:00,FlowVolume,392175.68,,G
04/09/2020,16:27:00,PT Level,39.67,in,G
04/09/2020,16:27:00,Flow_cfs,800.56,,G
04/09/2020,16:27:00,FlowVolume,440209.01,,G
04/09/2020,16:28:00,PT Level,39.44,in,G
04/09/2020,16:28:00,Flow_cfs,777.62,,G
04/09/2020,16:28:00,FlowVolume,486866.15,,G
04/09/2020,16:29:00,PT Level,39.46,in,G
04/09/2020,16:29:00,Flow_cfs,777.94,,G
04/09/2020,16:29:00,FlowVolume,533542.34,,G
04/09/2020,16:30:00,PT Level,39.58,in,G
04/09/2020,16:30:00,Aliquot_Num,3,ali,G
04/09/2020,16:30:00,Flow_cfs,779.84,,G
04/09/2020,16:30:00,Curr_pacing,600000.00,,G
04/09/2020,16:30:00,FlowVolume,580332.82,,G
04/09/2020,16:31:00,PT Level,39.40,in,G
04/09/2020,16:31:00,Flow_cfs,776.98,,G
04/09/2020,16:31:00,Triggered S,4,,G
04/09/2020,16:31:00,VolumeTrig,626951.87,,G
04/09/2020,16:31:00,FlowVolume,26951.87,,G
04/09/2020,16:32:00,PT Level,39.42,in,G
04/09/2020,16:32:00,Flow_cfs,777.30,,G
04/09/2020,16:32:00,FlowVolume,73589.96,,G
04/09/2020,16:33:00,PT Level,39.49,in,G
04/09/2020,16:33:00,Flow_cfs,778.41,,G
04/09/2020,16:33:00,FlowVolume,120294.72,,G
04/09/2020,16:34:00,PT Level,39.41,in,G
04/09/2020,16:34:00,Flow_cfs,777.14,,G
04/09/2020,16:34:00,FlowVolume,166923.29,,G
04/09/2020,16:35:00,PT Level,39.37,in,G
04/09/2020,16:35:00,Aliquot_Num,4,ali,G
04/09/2020,16:35:00,Flow_cfs,776.51,,G
04/09/2020,16:35:00,Curr_pacing,600000.00,,G
04/09/2020,16:35:00,FlowVolume,213513.77,,G
04/09/2020,16:36:00,PT Level,39.57,in,G
04/09/2020,16:36:00,Flow_cfs,779.68,,G
04/09/2020,16:36:00,FlowVolume,260294.72,,G
04/09/2020,16:37:00,PT Level,39.40,in,G
04/09/2020,16:37:00,Flow_cfs,776.98,,G
04/09/2020,16:37:00,FlowVolume,306913.77,,G
04/09/2020,16:38:00,PT Level,39.27,in,G
04/09/2020,16:38:00,Flow_cfs,774.92,,G
04/09/2020,16:38:00,FlowVolume,353409.01,,G
04/09/2020,16:39:00,PT Level,39.40,in,G
04/09/2020,16:39:00,Flow_cfs,776.98,,G
04/09/2020,16:39:00,FlowVolume,400028.06,,G
04/09/2020,16:40:00,PT Level,39.41,in,G
04/09/2020,16:40:00,Aliquot_Num,4,ali,G
04/09/2020,16:40:00,Flow_cfs,777.14,,G
04/09/2020,16:40:00,Curr_pacing,600000.00,,G
04/09/2020,16:40:00,FlowVolume,446656.63,,G
04/09/2020,16:41:00,PT Level,39.33,in,G
04/09/2020,16:41:00,Flow_cfs,775.87,,G
04/09/2020,16:41:00,FlowVolume,493209.01,,G
04/09/2020,16:42:00,PT Level,39.45,in,G
04/09/2020,16:42:00,Flow_cfs,777.78,,G
04/09/2020,16:42:00,FlowVolume,539875.68,,G
04/09/2020,16:43:00,PT Level,39.32,in,G
04/09/2020,16:43:00,Flow_cfs,775.71,,G
04/09/2020,16:43:00,FlowVolume,586418.54,,G
04/09/2020,16:44:00,PT Level,39.42,in,G
04/09/2020,16:44:00,Flow_cfs,777.30,,G
04/09/2020,16:44:00,Triggered S,5,,G
04/09/2020,16:44:00,VolumeTrig,633056.63,,G
04/09/2020,16:44:00,FlowVolume,33056.63,,G
04/09/2020,16:45:00,PT Level,39.35,in,G
04/09/2020,16:45:00,Aliquot_Num,5,ali,G
04/09/2020,16:45:00,Flow_cfs,776.19,,G
04/09/2020,16:45:00,Curr_pacing,600000.00,,G
04/09/2020,16:45:00,FlowVolume,79628.06,,G
04/09/2020,16:46:00,PT Level,39.32,in,G
04/09/2020,16:46:00,Flow_cfs,775.71,,G
04/09/2020,16:46:00,FlowVolume,126170.91,,G
04/09/2020,16:47:00,PT Level,39.32,in,G
04/09/2020,16:47:00,Flow_cfs,775.71,,G
04/09/2020,16:47:00,FlowVolume,172713.77,,G
04/09/2020,16:48:00,PT Level,39.39,in,G
04/09/2020,16:48:00,Flow_cfs,776.83,,G
04/09/2020,16:48:00,FlowVolume,219323.29,,G
04/09/2020,16:49:00,PT Level,39.42,in,G
04/09/2020,16:49:00,Flow_cfs,777.30,,G
04/09/2020,16:49:00,FlowVolume,265961.39,,G
04/09/2020,16:50:00,PT Level,39.52,in,G
04/09/2020,16:50:00,Aliquot_Num,5,ali,G
04/09/2020,16:50:00,Flow_cfs,778.89,,G
04/09/2020,16:50:00,Curr_pacing,600000.00,,G
04/09/2020,16:50:00,FlowVolume,312694.72,,G
04/09/2020,16:51:00,PT Level,39.41,in,G
04/09/2020,16:51:00,Flow_cfs,777.14,,G
04/09/2020,16:51:00,FlowVolume,359323.29,,G
04/09/2020,16:52:00,PT Level,39.21,in,G
04/09/2020,16:52:00,Flow_cfs,773.97,,G
04/09/2020,16:52:00,FlowVolume,405761.39,,G
04/09/2020,16:53:00,PT Level,39.20,in,G
04/09/2020,16:53:00,Flow_cfs,773.81,,G
04/09/2020,16:53:00,FlowVolume,452189.96,,G
04/09/2020,16:54:00,PT Level,39.24,in,G
04/09/2020,16:54:00,Flow_cfs,774.44,,G
04/09/2020,16:54:00,FlowVolume,498656.63,,G
04/09/2020,16:55:00,PT Level,39.46,in,G
04/09/2020,16:55:00,Aliquot_Num,5,ali,G
04/09/2020,16:55:00,Flow_cfs,777.94,,G
04/09/2020,16:55:00,Curr_pacing,600000.00,,G
04/09/2020,16:55:00,FlowVolume,545332.82,,G
04/09/2020,16:56:00,PT Level,39.31,in,G
04/09/2020,16:56:00,Flow_cfs,775.56,,G
04/09/2020,16:56:00,FlowVolume,591866.15,,G
04/09/2020,16:57:00,PT Level,39.48,in,G
04/09/2020,16:57:00,Flow_cfs,778.25,,G
04/09/2020,16:57:00,Triggered S,6,,G
04/09/2020,16:57:00,VolumeTrig,638561.39,,G
04/09/2020,16:57:00,FlowVolume,38561.39,,G
04/09/2020,16:58:00,PT Level,39.14,in,G
04/09/2020,16:58:00,Flow_cfs,772.86,,G
04/09/2020,16:58:00,FlowVolume,84932.82,,G
04/09/2020,16:59:00,PT Level,39.34,in,G
04/09/2020,16:59:00,Flow_cfs,776.03,,G
04/09/2020,16:59:00,FlowVolume,131494.72,,G
04/09/2020,17:00:00,PT Level,39.31,in,G
04/09/2020,17:00:00,Aliquot_Num,6,ali,G
04/09/2020,17:00:00,Flow_cfs,775.56,,G
04/09/2020,17:00:00,Curr_pacing,600000.00,,G
04/09/2020,17:00:00,FlowVolume,178028.06,,G
04/09/2020,17:01:00,PT Level,39.22,in,G
04/09/2020,17:01:00,Flow_cfs,774.13,,G
04/09/2020,17:01:00,FlowVolume,224475.68,,G
04/09/2020,17:02:00,PT Level,39.18,in,G
04/09/2020,17:02:00,Flow_cfs,773.49,,G
04/09/2020,17:02:00,FlowVolume,270885.20,,G
04/09/2020,17:03:00,PT Level,39.40,in,G
04/09/2020,17:03:00,Flow_cfs,776.98,,G
04/09/2020,17:03:00,FlowVolume,317504.25,,G
04/09/2020,17:04:00,PT Level,39.17,in,G
04/09/2020,17:04:00,Flow_cfs,773.33,,G
04/09/2020,17:04:00,FlowVolume,363904.25,,G
04/09/2020,17:05:00,PT Level,39.24,in,G
04/09/2020,17:05:00,Aliquot_Num,6,ali,G
04/09/2020,17:05:00,Flow_cfs,774.44,,G
04/09/2020,17:05:00,Curr_pacing,600000.00,,G
04/09/2020,17:05:00,FlowVolume,410370.92,,G
04/09/2020,17:06:00,PT Level,39.10,in,G
04/09/2020,17:06:00,Flow_cfs,772.22,,G
04/09/2020,17:06:00,FlowVolume,456704.25,,G
04/09/2020,17:07:00,PT Level,39.07,in,G
04/09/2020,17:07:00,Flow_cfs,771.75,,G
04/09/2020,17:07:00,FlowVolume,503009.01,,G
04/09/2020,17:08:00,PT Level,39.05,in,G
04/09/2020,17:08:00,Flow_cfs,771.43,,G
04/09/2020,17:08:00,FlowVolume,549294.72,,G
04/09/2020,17:09:00,PT Level,39.14,in,G
04/09/2020,17:09:00,Flow_cfs,772.86,,G
04/09/2020,17:09:00,FlowVolume,595666.15,,G
04/09/2020,17:10:00,PT Level,39.04,in,G
04/09/2020,17:10:00,Aliquot_Num,6,ali,G
04/09/2020,17:10:00,Flow_cfs,771.27,,G
04/09/2020,17:10:00,Curr_pacing,600000.00,,G
04/09/2020,17:10:00,Triggered S,7,,G
04/09/2020,17:10:00,VolumeTrig,641942.34,,G
04/09/2020,17:10:00,FlowVolume,41942.34,,G
04/09/2020,17:11:00,PT Level,39.19,in,G
04/09/2020,17:11:00,Flow_cfs,773.65,,G
04/09/2020,17:11:00,FlowVolume,88361.39,,G
04/09/2020,17:12:00,PT Level,39.06,in,G
04/09/2020,17:12:00,Flow_cfs,771.59,,G
04/09/2020,17:12:00,FlowVolume,134656.63,,G
04/09/2020,17:13:00,PT Level,39.19,in,G
04/09/2020,17:13:00,Flow_cfs,773.65,,G
04/09/2020,17:13:00,FlowVolume,181075.67,,G
04/09/2020,17:14:00,PT Level,39.00,in,G
04/09/2020,17:14:00,Flow_cfs,770.63,,G
04/09/2020,17:14:00,FlowVolume,227313.77,,G
04/09/2020,17:15:00,PT Level,38.79,in,G
04/09/2020,17:15:00,Aliquot_Num,7,ali,G
04/09/2020,17:15:00,Flow_cfs,767.30,,G
04/09/2020,17:15:00,Curr_pacing,600000.00,,G
04/09/2020,17:15:00,FlowVolume,273351.87,,G
04/09/2020,17:16:00,PT Level,39.02,in,G
04/09/2020,17:16:00,Flow_cfs,770.95,,G
04/09/2020,17:16:00,FlowVolume,319609.01,,G
04/09/2020,17:17:00,PT Level,38.79,in,G
04/09/2020,17:17:00,Flow_cfs,767.30,,G
04/09/2020,17:17:00,FlowVolume,365647.10,,G
04/09/2020,17:18:00,PT Level,38.87,in,G
04/09/2020,17:18:00,Flow_cfs,768.57,,G
04/09/2020,17:18:00,FlowVolume,411761.39,,G
04/09/2020,17:19:00,PT Level,38.98,in,G
04/09/2020,17:19:00,Flow_cfs,770.32,,G
04/09/2020,17:19:00,FlowVolume,457980.44,,G
04/09/2020,17:20:00,PT Level,38.87,in,G
04/09/2020,17:20:00,Aliquot_Num,7,ali,G
04/09/2020,17:20:00,Flow_cfs,768.57,,G
04/09/2020,17:20:00,Curr_pacing,600000.00,,G
04/09/2020,17:20:00,FlowVolume,504094.72,,G
04/09/2020,17:21:00,PT Level,38.84,in,G
04/09/2020,17:21:00,Flow_cfs,768.10,,G
04/09/2020,17:21:00,FlowVolume,550180.44,,G
04/09/2020,17:22:00,PT Level,38.81,in,G
04/09/2020,17:22:00,Flow_cfs,767.62,,G
04/09/2020,17:22:00,FlowVolume,596237.58,,G
04/09/2020,17:23:00,PT Level,38.84,in,G
04/09/2020,17:23:00,Flow_cfs,768.10,,G
04/09/2020,17:23:00,Triggered S,8,,G
04/09/2020,17:23:00,VolumeTrig,642323.29,,G
04/09/2020,17:23:00,FlowVolume,42323.29,,G
04/09/2020,17:24:00,PT Level,38.96,in,G
04/09/2020,17:24:00,Flow_cfs,770.00,,G
04/09/2020,17:24:00,FlowVolume,88523.29,,G
04/09/2020,17:25:00,PT Level,38.66,in,G
04/09/2020,17:25:00,Aliquot_Num,8,ali,G
04/09/2020,17:25:00,Flow_cfs,765.24,,G
04/09/2020,17:25:00,Curr_pacing,600000.00,,G
04/09/2020,17:25:00,FlowVolume,134437.58,,G
04/09/2020,17:26:00,PT Level,38.76,in,G
04/09/2020,17:26:00,Flow_cfs,766.83,,G
04/09/2020,17:26:00,FlowVolume,180447.10,,G
04/09/2020,17:27:00,PT Level,38.86,in,G
04/09/2020,17:27:00,Flow_cfs,768.41,,G
04/09/2020,17:27:00,FlowVolume,226551.86,,G
04/09/2020,17:28:00,PT Level,38.67,in,G
04/09/2020,17:28:00,Flow_cfs,765.40,,G
04/09/2020,17:28:00,FlowVolume,272475.67,,G
04/09/2020,17:28:54,SMS Receive,19,,G
04/09/2020,17:29:00,PT Level,38.80,in,G
04/09/2020,17:29:00,Flow_cfs,767.46,,G
04/09/2020,17:29:00,FlowVolume,364551.86,,G
04/09/2020,17:30:00,PT Level,38.83,in,G
04/09/2020,17:30:00,Aliquot_Num,8,ali,G
04/09/2020,17:30:00,Flow_cfs,767.94,,G
04/09/2020,17:30:00,Curr_pacing,600000.00,,G
04/09/2020,17:30:00,FlowVolume,410628.05,,G
04/09/2020,17:31:00,PT Level,38.73,in,G
04/09/2020,17:31:00,Flow_cfs,766.35,,G
04/09/2020,17:31:00,FlowVolume,456609.00,,G
04/09/2020,17:32:00,PT Level,38.64,in,G
04/09/2020,17:32:00,Flow_cfs,764.92,,G
04/09/2020,17:32:00,FlowVolume,502504.24,,G
04/09/2020,17:33:00,PT Level,38.59,in,G
04/09/2020,17:33:00,Flow_cfs,764.13,,G
04/09/2020,17:33:00,FlowVolume,548351.86,,G
04/09/2020,17:34:00,PT Level,38.47,in,G
04/09/2020,17:34:00,Flow_cfs,719.70,,G
04/09/2020,17:34:00,FlowVolume,591533.68,,G
04/09/2020,17:35:00,PT Level,38.63,in,G
04/09/2020,17:35:00,Aliquot_Num,8,ali,G
04/09/2020,17:35:00,Flow_cfs,764.76,,G
04/09/2020,17:35:00,Curr_pacing,600000.00,,G
04/09/2020,17:35:00,Triggered S,9,,G
04/09/2020,17:35:00,VolumeTrig,637419.40,,G
04/09/2020,17:35:00,FlowVolume,37419.40,,G
04/09/2020,17:36:00,PT Level,38.66,in,G
04/09/2020,17:36:00,Flow_cfs,765.24,,G
04/09/2020,17:36:00,FlowVolume,83333.68,,G
04/09/2020,17:37:00,PT Level,38.62,in,G
04/09/2020,17:37:00,Flow_cfs,764.60,,G
04/09/2020,17:37:00,FlowVolume,129209.87,,G
04/09/2020,17:38:00,PT Level,38.45,in,G
04/09/2020,17:38:00,Flow_cfs,719.09,,G
04/09/2020,17:38:00,FlowVolume,172355.33,,G
04/09/2020,17:39:00,PT Level,38.75,in,G
04/09/2020,17:39:00,Flow_cfs,766.67,,G
04/09/2020,17:39:00,FlowVolume,218355.33,,G
04/09/2020,17:40:00,PT Level,38.62,in,G
04/09/2020,17:40:00,Aliquot_Num,9,ali,G
04/09/2020,17:40:00,Flow_cfs,764.60,,G
04/09/2020,17:40:00,Curr_pacing,600000.00,,G
04/09/2020,17:40:00,FlowVolume,264231.52,,G
04/09/2020,17:41:00,PT Level,38.41,in,G
04/09/2020,17:41:00,Flow_cfs,717.88,,G
04/09/2020,17:41:00,FlowVolume,307304.24,,G
04/09/2020,17:42:00,PT Level,38.48,in,G
04/09/2020,17:42:00,Flow_cfs,720.00,,G
04/09/2020,17:42:00,FlowVolume,350504.24,,G
04/09/2020,17:43:00,PT Level,38.36,in,G
04/09/2020,17:43:00,Flow_cfs,716.36,,G
04/09/2020,17:43:00,FlowVolume,393486.06,,G
04/09/2020,17:44:00,PT Level,38.53,in,G
04/09/2020,17:44:00,Flow_cfs,730.00,,G
04/09/2020,17:44:00,FlowVolume,437286.05,,G
04/09/2020,17:45:00,PT Level,38.44,in,G
04/09/2020,17:45:00,Aliquot_Num,9,ali,G
04/09/2020,17:45:00,Flow_cfs,718.79,,G
04/09/2020,17:45:00,Curr_pacing,600000.00,,G
04/09/2020,17:45:00,FlowVolume,480413.32,,G
04/09/2020,17:46:00,PT Level,38.39,in,G
04/09/2020,17:46:00,Flow_cfs,717.27,,G
04/09/2020,17:46:00,FlowVolume,523449.68,,G
04/09/2020,17:47:00,PT Level,38.43,in,G
04/09/2020,17:47:00,Flow_cfs,718.48,,G
04/09/2020,17:47:00,FlowVolume,566558.77,,G
04/09/2020,17:48:00,PT Level,38.41,in,G
04/09/2020,17:48:00,Flow_cfs,717.88,,G
04/09/2020,17:48:00,Triggered S,10,,G
04/09/2020,17:48:00,VolumeTrig,609631.50,,G
04/09/2020,17:48:00,FlowVolume,9631.50,,G
04/09/2020,17:49:00,PT Level,38.36,in,G
04/09/2020,17:49:00,Flow_cfs,716.36,,G
04/09/2020,17:49:00,FlowVolume,52613.32,,G
04/09/2020,17:50:00,PT Level,38.41,in,G
04/09/2020,17:50:00,Aliquot_Num,10,ali,G
04/09/2020,17:50:00,Flow_cfs,717.88,,G
04/09/2020,17:50:00,Curr_pacing,600000.00,,G
04/09/2020,17:50:00,FlowVolume,95686.05,,G
04/09/2020,17:51:00,PT Level,38.23,in,G
04/09/2020,17:51:00,Flow_cfs,712.42,,G
04/09/2020,17:51:00,FlowVolume,138431.50,,G
04/09/2020,17:52:00,PT Level,38.19,in,G
04/09/2020,17:52:00,Flow_cfs,711.21,,G
04/09/2020,17:52:00,FlowVolume,181104.22,,G
04/09/2020,17:53:00,PT Level,38.30,in,G
04/09/2020,17:53:00,Flow_cfs,714.55,,G
04/09/2020,17:53:00,FlowVolume,223976.95,,G
04/09/2020,17:54:00,PT Level,38.27,in,G
04/09/2020,17:54:00,Flow_cfs,713.64,,G
04/09/2020,17:54:00,FlowVolume,266795.13,,G
04/09/2020,17:55:00,PT Level,38.21,in,G
04/09/2020,17:55:00,Aliquot_Num,10,ali,G
04/09/2020,17:55:00,Flow_cfs,711.82,,G
04/09/2020,17:55:00,Curr_pacing,600000.00,,G
04/09/2020,17:55:00,FlowVolume,309504.22,,G
04/09/2020,17:56:00,PT Level,38.22,in,G
04/09/2020,17:56:00,Flow_cfs,712.12,,G
04/09/2020,17:56:00,FlowVolume,352231.50,,G
04/09/2020,17:57:00,PT Level,38.24,in,G
04/09/2020,17:57:00,Flow_cfs,712.73,,G
04/09/2020,17:57:00,FlowVolume,394995.14,,G
04/09/2020,17:58:00,PT Level,38.27,in,G
04/09/2020,17:58:00,Flow_cfs,713.64,,G
04/09/2020,17:58:00,FlowVolume,437813.32,,G
04/09/2020,17:59:00,PT Level,38.15,in,G
04/09/2020,17:59:00,Flow_cfs,710.00,,G
04/09/2020,17:59:00,FlowVolume,480413.32,,G
04/09/2020,18:00:00,PT Level,38.15,in,G
04/09/2020,18:00:00,Aliquot_Num,10,ali,G
04/09/2020,18:00:00,Flow_cfs,710.00,,G
04/09/2020,18:00:00,Curr_pacing,600000.00,,G
04/09/2020,18:00:00,FlowVolume,523013.32,,G
04/09/2020,18:01:00,PT Level,38.11,in,G
04/09/2020,18:01:00,Flow_cfs,708.79,,G
04/09/2020,18:01:00,FlowVolume,565540.60,,G
04/09/2020,18:02:00,PT Level,37.97,in,G
04/09/2020,18:02:00,Flow_cfs,704.55,,G
04/09/2020,18:02:00,Triggered S,11,,G
04/09/2020,18:02:00,VolumeTrig,607813.33,,G
04/09/2020,18:02:00,FlowVolume,7813.33,,G
04/09/2020,18:03:00,PT Level,37.94,in,G
04/09/2020,18:03:00,Flow_cfs,703.64,,G
04/09/2020,18:03:00,FlowVolume,50031.51,,G
04/09/2020,18:04:00,PT Level,38.24,in,G
04/09/2020,18:04:00,Flow_cfs,712.73,,G
04/09/2020,18:04:00,FlowVolume,92795.15,,G
04/09/2020,18:05:00,PT Level,38.00,in,G
04/09/2020,18:05:00,Aliquot_Num,11,ali,G
04/09/2020,18:05:00,Flow_cfs,705.45,,G
04/09/2020,18:05:00,Curr_pacing,600000.00,,G
04/09/2020,18:05:00,FlowVolume,135122.42,,G
04/09/2020,18:06:00,PT Level,38.02,in,G
04/09/2020,18:06:00,Flow_cfs,706.06,,G
04/09/2020,18:06:00,FlowVolume,177486.06,,G
04/09/2020,18:07:00,PT Level,38.03,in,G
04/09/2020,18:07:00,Flow_cfs,706.36,,G
04/09/2020,18:07:00,FlowVolume,219867.87,,G
04/09/2020,18:08:00,PT Level,37.92,in,G
04/09/2020,18:08:00,Flow_cfs,703.03,,G
04/09/2020,18:08:00,FlowVolume,262049.69,,G
04/09/2020,18:09:00,PT Level,37.88,in,G
04/09/2020,18:09:00,Flow_cfs,701.82,,G
04/09/2020,18:09:00,FlowVolume,304158.78,,G
04/09/2020,18:10:00,PT Level,37.87,in,G
04/09/2020,18:10:00,Aliquot_Num,11,ali,G
04/09/2020,18:10:00,Flow_cfs,701.52,,G
04/09/2020,18:10:00,Curr_pacing,600000.00,,G
04/09/2020,18:10:00,FlowVolume,346249.69,,G
04/09/2020,18:11:00,PT Level,37.91,in,G
04/09/2020,18:11:00,Flow_cfs,702.73,,G
04/09/2020,18:11:00,FlowVolume,388413.32,,G
04/09/2020,18:12:00,PT Level,37.76,in,G
04/09/2020,18:12:00,Flow_cfs,695.00,,G
04/09/2020,18:12:00,FlowVolume,430113.31,,G
04/09/2020,18:13:00,PT Level,37.96,in,G
04/09/2020,18:13:00,Flow_cfs,704.24,,G
04/09/2020,18:13:00,FlowVolume,472367.86,,G
04/09/2020,18:14:00,PT Level,37.80,in,G
04/09/2020,18:14:00,Flow_cfs,698.33,,G
04/09/2020,18:14:00,FlowVolume,514267.85,,G
04/09/2020,18:15:00,PT Level,37.90,in,G
04/09/2020,18:15:00,Aliquot_Num,11,ali,G
04/09/2020,18:15:00,Flow_cfs,702.42,,G
04/09/2020,18:15:00,Curr_pacing,600000.00,,G
04/09/2020,18:15:00,FlowVolume,556413.31,,G
04/09/2020,18:16:00,PT Level,37.85,in,G
04/09/2020,18:16:00,Flow_cfs,700.91,,G
04/09/2020,18:16:00,FlowVolume,598467.85,,G
04/09/2020,18:17:00,PT Level,37.81,in,G
04/09/2020,18:17:00,Flow_cfs,699.17,,G
04/09/2020,18:17:00,Triggered S,12,,G
04/09/2020,18:17:00,VolumeTrig,640417.86,,G
04/09/2020,18:17:00,FlowVolume,40417.86,,G
04/09/2020,18:18:00,PT Level,37.83,in,G
04/09/2020,18:18:00,Flow_cfs,700.30,,G
04/09/2020,18:18:00,FlowVolume,82436.05,,G
04/09/2020,18:19:00,PT Level,37.65,in,G
04/09/2020,18:19:00,Flow_cfs,685.83,,G
04/09/2020,18:19:00,FlowVolume,123586.05,,G
04/09/2020,18:20:00,PT Level,37.43,in,G
04/09/2020,18:20:00,Aliquot_Num,12,ali,G
04/09/2020,18:20:00,Flow_cfs,670.00,,G
04/09/2020,18:20:00,Curr_pacing,600000.00,,G
04/09/2020,18:20:00,FlowVolume,163786.06,,G
04/09/2020,18:21:00,PT Level,37.49,in,G
04/09/2020,18:21:00,Flow_cfs,674.00,,G
04/09/2020,18:21:00,FlowVolume,204226.06,,G
04/09/2020,18:22:00,PT Level,37.39,in,G
04/09/2020,18:22:00,Flow_cfs,667.33,,G
04/09/2020,18:22:00,FlowVolume,244266.06,,G
04/09/2020,18:23:00,PT Level,37.49,in,G
04/09/2020,18:23:00,Flow_cfs,674.00,,G
04/09/2020,18:23:00,FlowVolume,284706.07,,G
04/09/2020,18:24:00,PT Level,37.58,in,G
04/09/2020,18:24:00,Flow_cfs,680.00,,G
04/09/2020,18:24:00,FlowVolume,325506.08,,G
04/09/2020,18:25:00,PT Level,37.30,in,G
04/09/2020,18:25:00,Aliquot_Num,12,ali,G
04/09/2020,18:25:00,Flow_cfs,661.33,,G
04/09/2020,18:25:00,Curr_pacing,600000.00,,G
04/09/2020,18:25:00,FlowVolume,365186.07,,G
04/09/2020,18:26:00,PT Level,37.36,in,G
04/09/2020,18:26:00,Flow_cfs,665.33,,G
04/09/2020,18:26:00,FlowVolume,405106.08,,G
04/09/2020,18:27:00,PT Level,37.21,in,G
04/09/2020,18:27:00,Flow_cfs,655.76,,G
04/09/2020,18:27:00,FlowVolume,444451.53,,G
04/09/2020,18:28:00,PT Level,37.37,in,G
04/09/2020,18:28:00,Flow_cfs,666.00,,G
04/09/2020,18:28:00,FlowVolume,484411.52,,G
04/09/2020,18:29:00,PT Level,37.36,in,G
04/09/2020,18:29:00,Flow_cfs,665.33,,G
04/09/2020,18:29:00,FlowVolume,524331.52,,G
04/09/2020,18:30:00,PT Level,37.32,in,G
04/09/2020,18:30:00,Aliquot_Num,12,ali,G
04/09/2020,18:30:00,Flow_cfs,662.67,,G
04/09/2020,18:30:00,Curr_pacing,600000.00,,G
04/09/2020,18:30:00,FlowVolume,564091.52,,G
04/09/2020,18:31:00,PT Level,37.33,in,G
04/09/2020,18:31:00,Flow_cfs,663.33,,G
04/09/2020,18:31:00,Triggered S,13,,G
04/09/2020,18:31:00,VolumeTrig,603891.53,,G
04/09/2020,18:31:00,FlowVolume,3891.53,,G
04/09/2020,18:32:00,PT Level,37.31,in,G
04/09/2020,18:32:00,Flow_cfs,662.00,,G
04/09/2020,18:32:00,FlowVolume,43611.54,,G
04/09/2020,18:33:00,PT Level,37.26,in,G
04/09/2020,18:33:00,Flow_cfs,658.79,,G
04/09/2020,18:33:00,FlowVolume,83138.80,,G
04/09/2020,18:33:19,Log Download,0,,G
04/09/2020,18:34:00,PT Level,37.36,in,G
04/09/2020,18:34:00,Flow_cfs,665.33,,G
04/09/2020,18:34:03,Log Download,0,,G
04/09/2020,18:34:00,FlowVolume,123058.81,,G
04/09/2020,18:35:00,PT Level,37.21,in,G
04/09/2020,18:35:00,Aliquot_Num,13,ali,G
04/09/2020,18:35:00,Flow_cfs,655.76,,G
04/09/2020,18:35:00,Curr_pacing,600000.00,,G
04/09/2020,18:35:00,FlowVolume,162404.26,,G
04/09/2020,18:35:54,Client Conn,86,,G
04/09/2020,18:36:00,PT Level,37.09,in,G
04/09/2020,18:36:00,Flow_cfs,648.48,,G
04/09/2020,18:36:00,FlowVolume,201313.35,,G
04/09/2020,18:37:00,PT Level,37.17,in,G
04/09/2020,18:37:00,Flow_cfs,653.33,,G
04/09/2020,18:37:00,FlowVolume,240513.34,,G
04/09/2020,18:38:00,PT Level,37.11,in,G
04/09/2020,18:38:00,Flow_cfs,649.70,,G
04/09/2020,18:38:00,FlowVolume,279495.16,,G
04/09/2020,18:39:00,PT Level,37.17,in,G
04/09/2020,18:39:00,Flow_cfs,653.33,,G
04/09/2020,18:39:00,FlowVolume,318695.16,,G
04/09/2020,18:40:00,PT Level,37.05,in,G
04/09/2020,18:40:00,Aliquot_Num,13,ali,G
04/09/2020,18:40:00,Flow_cfs,646.06,,G
04/09/2020,18:40:00,Curr_pacing,600000.00,,G
04/09/2020,18:40:00,FlowVolume,357458.79,,G
04/09/2020,18:41:00,PT Level,37.05,in,G
04/09/2020,18:41:00,Flow_cfs,646.06,,G
04/09/2020,18:41:00,FlowVolume,396222.42,,G
04/09/2020,18:42:00,PT Level,37.05,in,G
04/09/2020,18:42:00,Flow_cfs,646.06,,G
04/09/2020,18:42:00,FlowVolume,434986.06,,G
04/09/2020,18:43:00,PT Level,37.01,in,G
04/09/2020,18:43:00,Flow_cfs,643.64,,G
04/09/2020,18:43:00,FlowVolume,473604.23,,G
04/09/2020,18:44:00,PT Level,36.92,in,G
04/09/2020,18:44:00,Flow_cfs,637.69,,G
04/09/2020,18:44:00,FlowVolume,511865.76,,G
04/09/2020,18:45:00,PT Level,36.90,in,G
04/09/2020,18:45:00,Aliquot_Num,13,ali,G
04/09/2020,18:45:00,Flow_cfs,636.15,,G
04/09/2020,18:45:00,Curr_pacing,600000.00,,G
04/09/2020,18:45:00,FlowVolume,550035.00,,G
04/09/2020,18:46:00,PT Level,36.86,in,G
04/09/2020,18:46:00,Flow_cfs,633.08,,G
04/09/2020,18:46:00,FlowVolume,588019.62,,G
04/09/2020,18:47:00,PT Level,36.89,in,G
04/09/2020,18:47:00,Flow_cfs,635.38,,G
04/09/2020,18:47:00,Triggered S,14,,G
04/09/2020,18:47:00,VolumeTrig,626142.69,,G
04/09/2020,18:47:00,FlowVolume,26142.69,,G
04/09/2020,18:48:00,PT Level,36.80,in,G
04/09/2020,18:48:00,Flow_cfs,628.46,,G
04/09/2020,18:48:00,FlowVolume,63850.38,,G
04/09/2020,18:49:00,PT Level,36.81,in,G
04/09/2020,18:49:00,Flow_cfs,629.23,,G
04/09/2020,18:49:00,FlowVolume,101604.23,,G
04/09/2020,18:50:00,PT Level,36.77,in,G
04/09/2020,18:50:00,Aliquot_Num,14,ali,G
04/09/2020,18:50:00,Flow_cfs,626.15,,G
04/09/2020,18:50:00,Curr_pacing,600000.00,,G
04/09/2020,18:50:00,FlowVolume,139173.47,,G
04/09/2020,18:51:00,PT Level,36.69,in,G
04/09/2020,18:51:00,Flow_cfs,620.00,,G
04/09/2020,18:51:00,FlowVolume,176373.46,,G
04/09/2020,18:52:00,PT Level,36.79,in,G
04/09/2020,18:52:00,Flow_cfs,627.69,,G
04/09/2020,18:52:00,FlowVolume,214035.00,,G
04/09/2020,18:53:00,PT Level,36.77,in,G
04/09/2020,18:53:00,Flow_cfs,626.15,,G
04/09/2020,18:53:00,FlowVolume,251604.24,,G
04/09/2020,18:54:00,PT Level,36.81,in,G
04/09/2020,18:54:00,Flow_cfs,629.23,,G
04/09/2020,18:54:00,FlowVolume,289358.09,,G
04/09/2020,18:55:00,PT Level,36.74,in,G
04/09/2020,18:55:00,Aliquot_Num,14,ali,G
04/09/2020,18:55:00,Flow_cfs,623.85,,G
04/09/2020,18:55:00,Curr_pacing,600000.00,,G
04/09/2020,18:55:00,FlowVolume,326788.86,,G
04/09/2020,18:56:00,PT Level,36.58,in,G
04/09/2020,18:56:00,Flow_cfs,611.85,,G
04/09/2020,18:56:00,FlowVolume,363499.98,,G
04/09/2020,18:57:00,PT Level,36.67,in,G
04/09/2020,18:57:00,Flow_cfs,618.52,,G
04/09/2020,18:57:00,FlowVolume,400611.09,,G
04/09/2020,18:58:00,PT Level,36.69,in,G
04/09/2020,18:58:00,Flow_cfs,620.00,,G
04/09/2020,18:58:00,FlowVolume,437811.08,,G
04/09/2020,18:59:00,PT Level,36.57,in,G
04/09/2020,18:59:00,Flow_cfs,611.11,,G
04/09/2020,18:59:00,FlowVolume,474477.75,,G
04/09/2020,19:00:00,PT Level,36.60,in,G
04/09/2020,19:00:00,Aliquot_Num,14,ali,G
04/09/2020,19:00:00,Flow_cfs,613.33,,G
04/09/2020,19:00:00,Curr_pacing,600000.00,,G
04/09/2020,19:00:00,FlowVolume,511277.74,,G
04/09/2020,19:01:00,PT Level,36.60,in,G
04/09/2020,19:01:00,Flow_cfs,613.33,,G
04/09/2020,19:01:00,FlowVolume,548077.73,,G
04/09/2020,19:02:00,PT Level,36.60,in,G
04/09/2020,19:02:00,Flow_cfs,613.33,,G
04/09/2020,19:02:00,FlowVolume,584877.73,,G
04/09/2020,19:03:00,PT Level,36.59,in,G
04/09/2020,19:03:00,Flow_cfs,612.59,,G
04/09/2020,19:03:00,Triggered S,15,,G
04/09/2020,19:03:00,VolumeTrig,621633.28,,G
04/09/2020,19:03:00,FlowVolume,21633.28,,G
04/09/2020,19:04:00,PT Level,36.46,in,G
04/09/2020,19:04:00,Flow_cfs,602.96,,G
04/09/2020,19:04:00,FlowVolume,57811.06,,G
04/09/2020,19:05:00,PT Level,36.30,in,G
04/09/2020,19:05:00,Aliquot_Num,15,ali,G
04/09/2020,19:05:00,Flow_cfs,591.43,,G
04/09/2020,19:05:00,Curr_pacing,600000.00,,G
04/09/2020,19:05:00,FlowVolume,93296.77,,G
04/09/2020,19:06:00,PT Level,36.24,in,G
04/09/2020,19:06:00,Flow_cfs,587.14,,G
04/09/2020,19:06:00,FlowVolume,128525.35,,G
04/09/2020,19:07:00,PT Level,36.06,in,G
04/09/2020,19:07:00,Flow_cfs,559.63,,G
04/09/2020,19:07:00,FlowVolume,162103.13,,G
04/09/2020,19:08:00,PT Level,36.35,in,G
04/09/2020,19:08:00,Flow_cfs,595.00,,G
04/09/2020,19:08:00,FlowVolume,197803.12,,G
04/09/2020,19:09:00,PT Level,36.25,in,G
04/09/2020,19:09:00,Flow_cfs,587.86,,G
04/09/2020,19:09:00,FlowVolume,233074.55,,G
04/09/2020,19:10:00,PT Level,36.18,in,G
04/09/2020,19:10:00,Aliquot_Num,15,ali,G
04/09/2020,19:10:00,Flow_cfs,582.86,,G
04/09/2020,19:10:00,Curr_pacing,600000.00,,G
04/09/2020,19:10:00,FlowVolume,268045.98,,G
04/09/2020,19:11:00,PT Level,36.12,in,G
04/09/2020,19:11:00,Flow_cfs,574.29,,G
04/09/2020,19:11:00,FlowVolume,302503.10,,G
04/09/2020,19:12:00,PT Level,36.21,in,G
04/09/2020,19:12:00,Flow_cfs,585.00,,G
04/09/2020,19:12:00,FlowVolume,337603.10,,G
04/09/2020,19:13:00,PT Level,36.15,in,G
04/09/2020,19:13:00,Flow_cfs,580.71,,G
04/09/2020,19:13:00,FlowVolume,372445.96,,G
04/09/2020,19:14:00,PT Level,36.33,in,G
04/09/2020,19:14:00,Flow_cfs,593.57,,G
04/09/2020,19:14:00,FlowVolume,408060.26,,G
04/09/2020,19:15:00,PT Level,36.13,in,G
04/09/2020,19:15:00,Aliquot_Num,15,ali,G
04/09/2020,19:15:00,Flow_cfs,577.14,,G
04/09/2020,19:15:00,Curr_pacing,600000.00,,G
04/09/2020,19:15:00,FlowVolume,442688.85,,G
04/09/2020,19:16:00,PT Level,36.04,in,G
04/09/2020,19:16:00,Flow_cfs,558.89,,G
04/09/2020,19:16:00,FlowVolume,476222.18,,G
04/09/2020,19:17:00,PT Level,36.08,in,G
04/09/2020,19:17:00,Flow_cfs,562.86,,G
04/09/2020,19:17:00,FlowVolume,509993.64,,G
04/09/2020,19:18:00,PT Level,36.11,in,G
04/09/2020,19:18:00,Flow_cfs,571.43,,G
04/09/2020,19:18:00,FlowVolume,544279.37,,G
04/09/2020,19:19:00,PT Level,35.99,in,G
04/09/2020,19:19:00,Flow_cfs,557.04,,G
04/09/2020,19:19:00,FlowVolume,577701.59,,G
04/09/2020,19:20:00,PT Level,36.01,in,G
04/09/2020,19:20:00,Aliquot_Num,15,ali,G
04/09/2020,19:20:00,Flow_cfs,557.78,,G
04/09/2020,19:20:00,Curr_pacing,600000.00,,G
04/09/2020,19:20:00,Triggered S,16,,G
04/09/2020,19:20:00,VolumeTrig,611168.25,,G
04/09/2020,19:20:00,FlowVolume,11168.25,,G
04/09/2020,19:21:00,PT Level,35.99,in,G
04/09/2020,19:21:00,Flow_cfs,557.04,,G
04/09/2020,19:21:00,FlowVolume,44590.48,,G
04/09/2020,19:22:00,PT Level,36.03,in,G
04/09/2020,19:22:00,Flow_cfs,558.52,,G
04/09/2020,19:22:00,FlowVolume,78101.59,,G
04/09/2020,19:23:00,PT Level,35.93,in,G
04/09/2020,19:23:00,Flow_cfs,554.81,,G
04/09/2020,19:23:00,FlowVolume,111390.48,,G
04/09/2020,19:24:00,PT Level,35.90,in,G
04/09/2020,19:24:00,Flow_cfs,553.70,,G
04/09/2020,19:24:00,FlowVolume,144612.70,,G
04/09/2020,19:25:00,PT Level,35.87,in,G
04/09/2020,19:25:00,Aliquot_Num,16,ali,G
04/09/2020,19:25:00,Flow_cfs,552.59,,G
04/09/2020,19:25:00,Curr_pacing,600000.00,,G
04/09/2020,19:25:00,FlowVolume,177768.26,,G
04/09/2020,19:26:00,PT Level,35.81,in,G
04/09/2020,19:26:00,Flow_cfs,550.37,,G
04/09/2020,19:26:00,FlowVolume,210790.48,,G
04/09/2020,19:27:00,PT Level,35.75,in,G
04/09/2020,19:27:00,Flow_cfs,548.15,,G
04/09/2020,19:27:00,FlowVolume,243679.37,,G
04/09/2020,19:28:00,PT Level,35.68,in,G
04/09/2020,19:28:00,Flow_cfs,545.56,,G
04/09/2020,19:28:00,FlowVolume,276412.71,,G
04/09/2020,19:29:00,PT Level,35.78,in,G
04/09/2020,19:29:00,Flow_cfs,549.26,,G
04/09/2020,19:29:00,FlowVolume,309368.26,,G
04/09/2020,19:30:00,PT Level,35.76,in,G
04/09/2020,19:30:00,Aliquot_Num,16,ali,G
04/09/2020,19:30:00,Flow_cfs,548.52,,G
04/09/2020,19:30:00,Curr_pacing,600000.00,,G
04/09/2020,19:30:00,FlowVolume,342279.37,,G
04/09/2020,19:31:00,PT Level,35.67,in,G
04/09/2020,19:31:00,Flow_cfs,545.19,,G
04/09/2020,19:31:00,FlowVolume,374990.47,,G
04/09/2020,19:32:00,PT Level,35.69,in,G
04/09/2020,19:32:00,Flow_cfs,545.93,,G
04/09/2020,19:32:00,FlowVolume,407746.03,,G
04/09/2020,19:33:00,PT Level,35.67,in,G
04/09/2020,19:33:00,Flow_cfs,545.19,,G
04/09/2020,19:33:00,FlowVolume,440457.13,,G
04/09/2020,19:34:00,PT Level,35.76,in,G
04/09/2020,19:34:00,Flow_cfs,548.52,,G
04/09/2020,19:34:00,FlowVolume,473368.24,,G
04/09/2020,19:35:00,PT Level,35.50,in,G
04/09/2020,19:35:00,Aliquot_Num,16,ali,G
04/09/2020,19:35:00,Flow_cfs,538.50,,G
04/09/2020,19:35:00,Curr_pacing,600000.00,,G
04/09/2020,19:35:00,FlowVolume,505678.24,,G
04/09/2020,19:36:00,PT Level,35.62,in,G
04/09/2020,19:36:00,Flow_cfs,543.33,,G
04/09/2020,19:36:00,FlowVolume,538278.24,,G
04/09/2020,19:37:00,PT Level,35.54,in,G
04/09/2020,19:37:00,Flow_cfs,540.37,,G
04/09/2020,19:37:00,FlowVolume,570700.46,,G
04/09/2020,19:38:00,PT Level,35.57,in,G
04/09/2020,19:38:00,Flow_cfs,541.48,,G
04/09/2020,19:38:00,Triggered S,17,,G
04/09/2020,19:38:00,VolumeTrig,603189.35,,G
04/09/2020,19:38:00,FlowVolume,3189.35,,G
04/09/2020,19:39:00,PT Level,35.41,in,G
04/09/2020,19:39:00,Flow_cfs,534.00,,G
04/09/2020,19:39:00,FlowVolume,35229.35,,G
04/09/2020,19:40:00,PT Level,35.45,in,G
04/09/2020,19:40:00,Aliquot_Num,17,ali,G
04/09/2020,19:40:00,Flow_cfs,536.00,,G
04/09/2020,19:40:00,Curr_pacing,600000.00,,G
04/09/2020,19:40:00,FlowVolume,67389.35,,G
04/09/2020,19:41:00,PT Level,35.56,in,G
04/09/2020,19:41:00,Flow_cfs,541.11,,G
04/09/2020,19:41:00,FlowVolume,99856.02,,G
04/09/2020,19:42:00,PT Level,35.51,in,G
04/09/2020,19:42:00,Flow_cfs,539.00,,G
04/09/2020,19:42:00,FlowVolume,132196.02,,G
04/09/2020,19:43:00,PT Level,35.34,in,G
04/09/2020,19:43:00,Flow_cfs,530.50,,G
04/09/2020,19:43:00,FlowVolume,164026.02,,G
04/09/2020,19:44:00,PT Level,35.45,in,G
04/09/2020,19:44:00,Flow_cfs,536.00,,G
04/09/2020,19:44:00,FlowVolume,196186.02,,G
04/09/2020,19:45:00,PT Level,35.36,in,G
04/09/2020,19:45:00,Aliquot_Num,17,ali,G
04/09/2020,19:45:00,Flow_cfs,531.50,,G
04/09/2020,19:45:00,Curr_pacing,600000.00,,G
04/09/2020,19:45:00,FlowVolume,228076.02,,G
04/09/2020,19:46:00,PT Level,35.41,in,G
04/09/2020,19:46:00,Flow_cfs,534.00,,G
04/09/2020,19:46:00,FlowVolume,260116.02,,G
04/09/2020,19:47:00,PT Level,35.25,in,G
04/09/2020,19:47:00,Flow_cfs,499.32,,G
04/09/2020,19:47:00,FlowVolume,290075.11,,G
04/09/2020,19:48:00,PT Level,35.20,in,G
04/09/2020,19:48:00,Flow_cfs,498.18,,G
04/09/2020,19:48:00,FlowVolume,319966.02,,G
04/09/2020,19:49:00,PT Level,35.12,in,G
04/09/2020,19:49:00,Flow_cfs,496.36,,G
04/09/2020,19:49:00,FlowVolume,349747.84,,G
04/09/2020,19:50:00,PT Level,35.26,in,G
04/09/2020,19:50:00,Aliquot_Num,17,ali,G
04/09/2020,19:50:00,Flow_cfs,499.55,,G
04/09/2020,19:50:00,Curr_pacing,600000.00,,G
04/09/2020,19:50:00,FlowVolume,379720.56,,G
04/09/2020,19:51:00,PT Level,35.23,in,G
04/09/2020,19:51:00,Flow_cfs,498.86,,G
04/09/2020,19:51:00,FlowVolume,409652.38,,G
04/09/2020,19:52:00,PT Level,35.12,in,G
04/09/2020,19:52:00,Flow_cfs,496.36,,G
04/09/2020,19:52:00,FlowVolume,439434.20,,G
04/09/2020,19:53:00,PT Level,35.13,in,G
04/09/2020,19:53:00,Flow_cfs,496.59,,G
04/09/2020,19:53:00,FlowVolume,469229.65,,G
04/09/2020,19:54:00,PT Level,35.05,in,G
04/09/2020,19:54:00,Flow_cfs,494.77,,G
04/09/2020,19:54:00,FlowVolume,498916.02,,G
04/09/2020,19:55:00,PT Level,35.07,in,G
04/09/2020,19:55:00,Aliquot_Num,17,ali,G
04/09/2020,19:55:00,Flow_cfs,495.23,,G
04/09/2020,19:55:00,Curr_pacing,600000.00,,G
04/09/2020,19:55:00,FlowVolume,528629.65,,G
04/09/2020,19:56:00,PT Level,34.99,in,G
04/09/2020,19:56:00,Flow_cfs,493.41,,G
04/09/2020,19:56:00,FlowVolume,558234.20,,G
04/09/2020,19:57:00,PT Level,35.08,in,G
04/09/2020,19:57:00,Flow_cfs,495.45,,G
04/09/2020,19:57:00,FlowVolume,587961.48,,G
04/09/2020,19:58:00,PT Level,35.10,in,G
04/09/2020,19:58:00,Flow_cfs,495.91,,G
04/09/2020,19:58:00,Triggered S,18,,G
04/09/2020,19:58:00,VolumeTrig,617716.02,,G
04/09/2020,19:58:00,FlowVolume,17716.02,,G
04/09/2020,19:59:00,PT Level,34.99,in,G
04/09/2020,19:59:00,Flow_cfs,493.41,,G
04/09/2020,19:59:00,FlowVolume,47320.57,,G
04/09/2020,20:00:00,PT Level,34.99,in,G
04/09/2020,20:00:00,Aliquot_Num,18,ali,G
04/09/2020,20:00:00,Flow_cfs,493.41,,G
04/09/2020,20:00:00,Curr_pacing,600000.00,,G
04/09/2020,20:00:00,FlowVolume,76925.11,,G
04/09/2020,20:01:00,PT Level,34.90,in,G
04/09/2020,20:01:00,Flow_cfs,491.36,,G
04/09/2020,20:01:00,FlowVolume,106406.93,,G
04/09/2020,20:02:00,PT Level,34.92,in,G
04/09/2020,20:02:00,Flow_cfs,491.82,,G
04/09/2020,20:02:00,FlowVolume,135916.02,,G
04/09/2020,20:03:00,PT Level,34.94,in,G
04/09/2020,20:03:00,Flow_cfs,492.27,,G
04/09/2020,20:03:00,FlowVolume,165452.38,,G
04/09/2020,20:04:00,PT Level,34.88,in,G
04/09/2020,20:04:00,Flow_cfs,490.91,,G
04/09/2020,20:04:00,FlowVolume,194906.93,,G
04/09/2020,20:05:00,PT Level,34.85,in,G
04/09/2020,20:05:00,Aliquot_Num,18,ali,G
04/09/2020,20:05:00,Flow_cfs,490.23,,G
04/09/2020,20:05:00,Curr_pacing,600000.00,,G
04/09/2020,20:05:00,FlowVolume,224320.57,,G
04/09/2020,20:06:00,PT Level,34.93,in,G
04/09/2020,20:06:00,Flow_cfs,492.05,,G
04/09/2020,20:06:00,FlowVolume,253843.29,,G
04/09/2020,20:07:00,PT Level,34.86,in,G
04/09/2020,20:07:00,Flow_cfs,490.45,,G
04/09/2020,20:07:00,FlowVolume,283270.57,,G
04/09/2020,20:08:00,PT Level,34.88,in,G
04/09/2020,20:08:00,Flow_cfs,490.91,,G
04/09/2020,20:08:00,FlowVolume,312725.11,,G
04/09/2020,20:09:00,PT Level,34.78,in,G
04/09/2020,20:09:00,Flow_cfs,485.38,,G
04/09/2020,20:09:00,FlowVolume,341848.19,,G
04/09/2020,20:10:00,PT Level,34.66,in,G
04/09/2020,20:10:00,Aliquot_Num,18,ali,G
04/09/2020,20:10:00,Flow_cfs,477.06,,G
04/09/2020,20:10:00,Curr_pacing,600000.00,,G
04/09/2020,20:10:00,FlowVolume,370471.71,,G
04/09/2020,20:11:00,PT Level,34.75,in,G
04/09/2020,20:11:00,Flow_cfs,483.08,,G
04/09/2020,20:11:00,FlowVolume,399456.33,,G
04/09/2020,20:12:00,PT Level,34.80,in,G
04/09/2020,20:12:00,Flow_cfs,486.92,,G
04/09/2020,20:12:00,FlowVolume,428671.71,,G
04/09/2020,20:13:00,PT Level,34.41,in,G
04/09/2020,20:13:00,Flow_cfs,459.20,,G
04/09/2020,20:13:00,FlowVolume,456223.71,,G
04/09/2020,20:14:00,PT Level,34.58,in,G
04/09/2020,20:14:00,Flow_cfs,472.35,,G
04/09/2020,20:14:00,FlowVolume,484564.89,,G
04/09/2020,20:15:00,PT Level,34.70,in,G
04/09/2020,20:15:00,Aliquot_Num,18,ali,G
04/09/2020,20:15:00,Flow_cfs,479.41,,G
04/09/2020,20:15:00,Curr_pacing,600000.00,,G
04/09/2020,20:15:00,FlowVolume,513329.60,,G
04/09/2020,20:16:00,PT Level,34.49,in,G
04/09/2020,20:16:00,Flow_cfs,465.45,,G
04/09/2020,20:16:00,FlowVolume,541256.88,,G
04/09/2020,20:17:00,PT Level,34.72,in,G
04/09/2020,20:17:00,Flow_cfs,480.77,,G
04/09/2020,20:17:00,FlowVolume,570103.04,,G
04/09/2020,20:18:00,PT Level,34.69,in,G
04/09/2020,20:18:00,Flow_cfs,478.82,,G
04/09/2020,20:18:00,FlowVolume,598832.45,,G
04/09/2020,20:19:00,PT Level,34.55,in,G
04/09/2020,20:19:00,Flow_cfs,470.59,,G
04/09/2020,20:19:00,Triggered S,19,,G
04/09/2020,20:19:00,VolumeTrig,627067.74,,G
04/09/2020,20:19:00,FlowVolume,27067.74,,G
04/09/2020,20:20:00,PT Level,34.54,in,G
04/09/2020,20:20:00,Aliquot_Num,19,ali,G
04/09/2020,20:20:00,Flow_cfs,470.00,,G
04/09/2020,20:20:00,Curr_pacing,600000.00,,G
04/09/2020,20:20:00,FlowVolume,55267.74,,G
04/09/2020,20:21:00,PT Level,34.41,in,G
04/09/2020,20:21:00,Flow_cfs,459.20,,G
04/09/2020,20:21:00,FlowVolume,82819.74,,G
04/09/2020,20:22:00,PT Level,34.46,in,G
04/09/2020,20:22:00,Flow_cfs,462.73,,G
04/09/2020,20:22:00,FlowVolume,110583.38,,G
04/09/2020,20:23:00,PT Level,34.50,in,G
04/09/2020,20:23:00,Flow_cfs,466.36,,G
04/09/2020,20:23:00,FlowVolume,138565.19,,G
04/09/2020,20:24:00,PT Level,34.46,in,G
04/09/2020,20:24:00,Flow_cfs,462.73,,G
04/09/2020,20:24:00,FlowVolume,166328.83,,G
04/09/2020,20:25:00,PT Level,34.43,in,G
04/09/2020,20:25:00,Aliquot_Num,19,ali,G
04/09/2020,20:25:00,Flow_cfs,460.00,,G
04/09/2020,20:25:00,Curr_pacing,600000.00,,G
04/09/2020,20:25:00,FlowVolume,193928.83,,G
04/09/2020,20:26:00,PT Level,34.45,in,G
04/09/2020,20:26:00,Flow_cfs,461.82,,G
04/09/2020,20:26:00,FlowVolume,221637.92,,G
04/09/2020,20:27:00,PT Level,34.51,in,G
04/09/2020,20:27:00,Flow_cfs,467.27,,G
04/09/2020,20:27:00,FlowVolume,249674.28,,G
04/09/2020,20:28:00,PT Level,34.16,in,G
04/09/2020,20:28:00,Flow_cfs,449.00,,G
04/09/2020,20:28:00,FlowVolume,276614.28,,G
04/09/2020,20:29:00,PT Level,34.18,in,G
04/09/2020,20:29:00,Flow_cfs,450.00,,G
04/09/2020,20:29:00,FlowVolume,303614.28,,G
04/09/2020,20:30:00,PT Level,34.37,in,G
04/09/2020,20:30:00,Aliquot_Num,19,ali,G
04/09/2020,20:30:00,Flow_cfs,457.60,,G
04/09/2020,20:30:00,Curr_pacing,600000.00,,G
04/09/2020,20:30:00,FlowVolume,331070.27,,G
04/09/2020,20:31:00,PT Level,34.12,in,G
04/09/2020,20:31:00,Flow_cfs,447.00,,G
04/09/2020,20:31:00,FlowVolume,357890.27,,G
04/09/2020,20:32:00,PT Level,34.13,in,G
04/09/2020,20:32:00,Flow_cfs,447.50,,G
04/09/2020,20:32:00,FlowVolume,384740.27,,G
04/09/2020,20:33:00,PT Level,34.12,in,G
04/09/2020,20:33:00,Flow_cfs,447.00,,G
04/09/2020,20:33:00,FlowVolume,411560.27,,G
04/09/2020,20:34:00,PT Level,34.13,in,G
04/09/2020,20:34:00,Flow_cfs,447.50,,G
04/09/2020,20:34:00,FlowVolume,438410.27,,G
04/09/2020,20:35:00,PT Level,34.10,in,G
04/09/2020,20:35:00,Aliquot_Num,19,ali,G
04/09/2020,20:35:00,Flow_cfs,446.00,,G
04/09/2020,20:35:00,Curr_pacing,600000.00,,G
04/09/2020,20:35:00,FlowVolume,465170.27,,G
04/09/2020,20:36:00,PT Level,34.22,in,G
04/09/2020,20:36:00,Flow_cfs,451.60,,G
04/09/2020,20:36:00,FlowVolume,492266.27,,G
04/09/2020,20:37:00,PT Level,34.04,in,G
04/09/2020,20:37:00,Flow_cfs,443.00,,G
04/09/2020,20:37:00,FlowVolume,518846.28,,G
04/09/2020,20:38:00,PT Level,34.21,in,G
04/09/2020,20:38:00,Flow_cfs,451.20,,G
04/09/2020,20:38:00,FlowVolume,545918.27,,G
04/09/2020,20:39:00,PT Level,34.02,in,G
04/09/2020,20:39:00,Flow_cfs,442.00,,G
04/09/2020,20:39:00,FlowVolume,572438.27,,G
04/09/2020,20:40:00,PT Level,34.19,in,G
04/09/2020,20:40:00,Aliquot_Num,19,ali,G
04/09/2020,20:40:00,Flow_cfs,450.40,,G
04/09/2020,20:40:00,Curr_pacing,600000.00,,G
04/09/2020,20:40:00,FlowVolume,599462.27,,G
04/09/2020,20:41:00,PT Level,33.94,in,G
04/09/2020,20:41:00,Flow_cfs,434.29,,G
04/09/2020,20:41:00,Triggered S,20,,G
04/09/2020,20:41:00,VolumeTrig,625519.40,,G
04/09/2020,20:41:00,FlowVolume,25519.40,,G
04/09/2020,20:42:00,PT Level,33.98,in,G
04/09/2020,20:42:00,Flow_cfs,440.00,,G
04/09/2020,20:42:00,FlowVolume,51919.40,,G
04/09/2020,20:43:00,PT Level,33.89,in,G
04/09/2020,20:43:00,Flow_cfs,429.20,,G
04/09/2020,20:43:00,FlowVolume,77671.40,,G
04/09/2020,20:44:00,PT Level,33.90,in,G
04/09/2020,20:44:00,Flow_cfs,429.60,,G
04/09/2020,20:44:00,FlowVolume,129333.10,,G
04/09/2020,20:44:11,SMS Receive,20,,G
04/09/2020,20:45:00,PT Level,33.79,in,G
04/09/2020,20:45:00,Aliquot_Num,20,ali,G
04/09/2020,20:45:00,Flow_cfs,425.20,,G
04/09/2020,20:45:00,Curr_pacing,600000.00,,G
04/09/2020,20:45:00,FlowVolume,154845.10,,G
04/09/2020,20:46:00,PT Level,33.92,in,G
04/09/2020,20:46:00,Flow_cfs,431.43,,G
04/09/2020,20:46:00,FlowVolume,180730.80,,G
04/09/2020,20:47:00,PT Level,33.93,in,G
04/09/2020,20:47:00,Flow_cfs,432.86,,G
04/09/2020,20:47:00,FlowVolume,206702.23,,G
04/09/2020,20:48:00,PT Level,33.78,in,G
04/09/2020,20:48:00,Flow_cfs,424.80,,G
04/09/2020,20:48:00,FlowVolume,232190.23,,G
04/09/2020,20:49:00,PT Level,33.67,in,G
04/09/2020,20:49:00,Flow_cfs,420.40,,G
04/09/2020,20:49:00,FlowVolume,257414.22,,G
04/09/2020,20:50:00,PT Level,33.80,in,G
04/09/2020,20:50:00,Aliquot_Num,20,ali,G
04/09/2020,20:50:00,Flow_cfs,425.60,,G
04/09/2020,20:50:00,Curr_pacing,600000.00,,G
04/09/2020,20:50:00,FlowVolume,282950.22,,G
04/09/2020,20:51:00,PT Level,33.79,in,G
04/09/2020,20:51:00,Flow_cfs,425.20,,G
04/09/2020,20:51:00,FlowVolume,308462.22,,G
04/09/2020,20:52:00,PT Level,33.77,in,G
04/09/2020,20:52:00,Flow_cfs,424.40,,G
04/09/2020,20:52:00,FlowVolume,333926.23,,G
04/09/2020,20:53:00,PT Level,33.55,in,G
04/09/2020,20:53:00,Flow_cfs,406.96,,G
04/09/2020,20:53:00,FlowVolume,358343.61,,G
04/09/2020,20:54:00,PT Level,33.58,in,G
04/09/2020,20:54:00,Flow_cfs,408.26,,G
04/09/2020,20:54:00,FlowVolume,382839.27,,G
04/09/2020,20:55:00,PT Level,33.58,in,G
04/09/2020,20:55:00,Aliquot_Num,20,ali,G
04/09/2020,20:55:00,Flow_cfs,408.26,,G
04/09/2020,20:55:00,Curr_pacing,600000.00,,G
04/09/2020,20:55:00,FlowVolume,407334.93,,G
04/09/2020,20:56:00,PT Level,33.55,in,G
04/09/2020,20:56:00,Flow_cfs,406.96,,G
04/09/2020,20:56:00,FlowVolume,431752.32,,G
04/09/2020,20:57:00,PT Level,33.55,in,G
04/09/2020,20:57:00,Flow_cfs,406.96,,G
04/09/2020,20:57:00,FlowVolume,456169.71,,G
04/09/2020,20:58:00,PT Level,33.42,in,G
04/09/2020,20:58:00,Flow_cfs,401.30,,G
04/09/2020,20:58:00,FlowVolume,480247.96,,G
04/09/2020,20:59:00,PT Level,33.45,in,G
04/09/2020,20:59:00,Flow_cfs,402.61,,G
04/09/2020,20:59:00,FlowVolume,504404.49,,G
04/09/2020,21:00:00,PT Level,33.37,in,G
04/09/2020,21:00:00,Aliquot_Num,20,ali,G
04/09/2020,21:00:00,Flow_cfs,399.17,,G
04/09/2020,21:00:00,Curr_pacing,600000.00,,G
04/09/2020,21:00:00,FlowVolume,528354.48,,G
04/09/2020,21:01:00,PT Level,33.39,in,G
04/09/2020,21:01:00,Flow_cfs,400.00,,G
04/09/2020,21:01:00,FlowVolume,552354.48,,G
04/09/2020,21:02:00,PT Level,33.41,in,G
04/09/2020,21:02:00,Flow_cfs,400.87,,G
04/09/2020,21:02:00,FlowVolume,576406.66,,G
04/09/2020,21:03:00,PT Level,33.32,in,G
04/09/2020,21:03:00,Flow_cfs,397.08,,G
04/09/2020,21:03:00,Triggered S,21,,G
04/09/2020,21:03:00,VolumeTrig,600231.66,,G
04/09/2020,21:03:00,FlowVolume,231.66,,G
04/09/2020,21:04:00,PT Level,33.27,in,G
04/09/2020,21:04:00,Flow_cfs,395.00,,G
04/09/2020,21:04:00,FlowVolume,23931.66,,G
04/09/2020,21:05:00,PT Level,33.24,in,G
04/09/2020,21:05:00,Aliquot_Num,21,ali,G
04/09/2020,21:05:00,Flow_cfs,393.75,,G
04/09/2020,21:05:00,Curr_pacing,600000.00,,G
04/09/2020,21:05:00,FlowVolume,47556.66,,G
04/09/2020,21:06:00,PT Level,33.39,in,G
04/09/2020,21:06:00,Flow_cfs,400.00,,G
04/09/2020,21:06:00,FlowVolume,71556.66,,G
04/09/2020,21:07:00,PT Level,33.30,in,G
04/09/2020,21:07:00,Flow_cfs,396.25,,G
04/09/2020,21:07:00,FlowVolume,95331.66,,G
04/09/2020,21:08:00,PT Level,33.21,in,G
04/09/2020,21:08:00,Flow_cfs,392.50,,G
04/09/2020,21:08:00,FlowVolume,118881.65,,G
04/09/2020,21:09:00,PT Level,33.22,in,G
04/09/2020,21:09:00,Flow_cfs,392.92,,G
04/09/2020,21:09:00,FlowVolume,142456.66,,G
04/09/2020,21:10:00,PT Level,33.17,in,G
04/09/2020,21:10:00,Aliquot_Num,21,ali,G
04/09/2020,21:10:00,Flow_cfs,390.83,,G
04/09/2020,21:10:00,Curr_pacing,600000.00,,G
04/09/2020,21:10:00,FlowVolume,165906.65,,G
04/09/2020,21:11:00,PT Level,33.22,in,G
04/09/2020,21:11:00,Flow_cfs,392.92,,G
04/09/2020,21:11:00,FlowVolume,189481.66,,G
04/09/2020,21:12:00,PT Level,33.09,in,G
04/09/2020,21:12:00,Flow_cfs,385.38,,G
04/09/2020,21:12:00,FlowVolume,212604.73,,G
04/09/2020,21:13:00,PT Level,33.19,in,G
04/09/2020,21:13:00,Flow_cfs,391.67,,G
04/09/2020,21:13:00,FlowVolume,236104.73,,G
04/09/2020,21:14:00,PT Level,33.03,in,G
04/09/2020,21:14:00,Flow_cfs,359.35,,G
04/09/2020,21:14:00,FlowVolume,257665.77,,G
04/09/2020,21:15:00,PT Level,33.02,in,G
04/09/2020,21:15:00,Aliquot_Num,21,ali,G
04/09/2020,21:15:00,Flow_cfs,359.22,,G
04/09/2020,21:15:00,Curr_pacing,600000.00,,G
04/09/2020,21:15:00,FlowVolume,279219.02,,G
04/09/2020,21:16:00,PT Level,33.02,in,G
04/09/2020,21:16:00,Flow_cfs,359.22,,G
04/09/2020,21:16:00,FlowVolume,300772.26,,G
04/09/2020,21:17:00,PT Level,32.92,in,G
04/09/2020,21:17:00,Flow_cfs,357.92,,G
04/09/2020,21:17:00,FlowVolume,322247.59,,G
04/09/2020,21:18:00,PT Level,33.00,in,G
04/09/2020,21:18:00,Flow_cfs,358.96,,G
04/09/2020,21:18:00,FlowVolume,343785.25,,G
04/09/2020,21:19:00,PT Level,33.00,in,G
04/09/2020,21:19:00,Flow_cfs,358.96,,G
04/09/2020,21:19:00,FlowVolume,365322.91,,G
04/09/2020,21:20:00,PT Level,32.97,in,G
04/09/2020,21:20:00,Aliquot_Num,21,ali,G
04/09/2020,21:20:00,Flow_cfs,358.57,,G
04/09/2020,21:20:00,Curr_pacing,600000.00,,G
04/09/2020,21:20:00,FlowVolume,386837.20,,G
04/09/2020,21:21:00,PT Level,32.97,in,G
04/09/2020,21:21:00,Flow_cfs,358.57,,G
04/09/2020,21:21:00,FlowVolume,408351.48,,G
04/09/2020,21:22:00,PT Level,32.68,in,G
04/09/2020,21:22:00,Flow_cfs,354.81,,G
04/09/2020,21:22:00,FlowVolume,429639.80,,G
04/09/2020,21:23:00,PT Level,32.86,in,G
04/09/2020,21:23:00,Flow_cfs,357.14,,G
04/09/2020,21:23:00,FlowVolume,451068.37,,G
04/09/2020,21:24:00,PT Level,32.87,in,G
04/09/2020,21:24:00,Flow_cfs,357.27,,G
04/09/2020,21:24:00,FlowVolume,472504.73,,G
04/09/2020,21:25:00,PT Level,32.83,in,G
04/09/2020,21:25:00,Aliquot_Num,21,ali,G
04/09/2020,21:25:00,Flow_cfs,356.75,,G
04/09/2020,21:25:00,Curr_pacing,600000.00,,G
04/09/2020,21:25:00,FlowVolume,493909.93,,G
04/09/2020,21:26:00,PT Level,32.77,in,G
04/09/2020,21:26:00,Flow_cfs,355.97,,G
04/09/2020,21:26:00,FlowVolume,515268.37,,G
04/09/2020,21:27:00,PT Level,32.58,in,G
04/09/2020,21:27:00,Flow_cfs,339.58,,G
04/09/2020,21:27:00,FlowVolume,535643.37,,G
04/09/2020,21:28:00,PT Level,32.82,in,G
04/09/2020,21:28:00,Flow_cfs,356.62,,G
04/09/2020,21:28:00,FlowVolume,557040.77,,G
04/09/2020,21:29:00,PT Level,32.71,in,G
04/09/2020,21:29:00,Flow_cfs,355.19,,G
04/09/2020,21:29:00,FlowVolume,578352.46,,G
04/09/2020,21:30:00,PT Level,32.65,in,G
04/09/2020,21:30:00,Aliquot_Num,21,ali,G
04/09/2020,21:30:00,Flow_cfs,354.42,,G
04/09/2020,21:30:00,Curr_pacing,600000.00,,G
04/09/2020,21:30:00,FlowVolume,599617.40,,G
04/09/2020,21:31:00,PT Level,32.54,in,G
04/09/2020,21:31:00,Flow_cfs,339.03,,G
04/09/2020,21:31:00,Triggered S,22,,G
04/09/2020,21:31:00,VolumeTrig,619959.06,,G
04/09/2020,21:31:00,FlowVolume,19959.06,,G
04/09/2020,21:32:00,PT Level,32.62,in,G
04/09/2020,21:32:00,Flow_cfs,354.03,,G
04/09/2020,21:32:00,FlowVolume,41200.62,,G
04/09/2020,21:33:00,PT Level,32.31,in,G
04/09/2020,21:33:00,Flow_cfs,335.83,,G
04/09/2020,21:33:00,FlowVolume,61350.62,,G
04/09/2020,21:34:00,PT Level,32.40,in,G
04/09/2020,21:34:00,Flow_cfs,337.08,,G
04/09/2020,21:34:00,FlowVolume,81575.62,,G
04/09/2020,21:35:00,PT Level,32.34,in,G
04/09/2020,21:35:00,Aliquot_Num,22,ali,G
04/09/2020,21:35:00,Flow_cfs,336.25,,G
04/09/2020,21:35:00,Curr_pacing,600000.00,,G
04/09/2020,21:35:00,FlowVolume,101750.62,,G
04/09/2020,21:36:00,PT Level,32.41,in,G
04/09/2020,21:36:00,Flow_cfs,337.22,,G
04/09/2020,21:36:00,FlowVolume,121983.96,,G
04/09/2020,21:37:00,PT Level,32.42,in,G
04/09/2020,21:37:00,Flow_cfs,337.36,,G
04/09/2020,21:37:00,FlowVolume,142225.62,,G
04/09/2020,21:38:00,PT Level,32.48,in,G
04/09/2020,21:38:00,Flow_cfs,338.19,,G
04/09/2020,21:38:00,FlowVolume,162517.29,,G
04/09/2020,21:39:00,PT Level,32.36,in,G
04/09/2020,21:39:00,Flow_cfs,336.53,,G
04/09/2020,21:39:00,FlowVolume,182708.96,,G
04/09/2020,21:40:00,PT Level,32.23,in,G
04/09/2020,21:40:00,Aliquot_Num,22,ali,G
04/09/2020,21:40:00,Flow_cfs,334.72,,G
04/09/2020,21:40:00,Curr_pacing,600000.00,,G
04/09/2020,21:40:00,FlowVolume,202792.29,,G
04/09/2020,21:41:00,PT Level,32.21,in,G
04/09/2020,21:41:00,Flow_cfs,334.44,,G
04/09/2020,21:41:00,FlowVolume,222858.95,,G
04/09/2020,21:42:00,PT Level,32.35,in,G
04/09/2020,21:42:00,Flow_cfs,336.39,,G
04/09/2020,21:42:00,FlowVolume,243042.29,,G
04/09/2020,21:43:00,PT Level,32.23,in,G
04/09/2020,21:43:00,Flow_cfs,334.72,,G
04/09/2020,21:43:00,FlowVolume,263125.62,,G
04/09/2020,21:44:00,PT Level,32.18,in,G
04/09/2020,21:44:00,Flow_cfs,334.03,,G
04/09/2020,21:44:00,FlowVolume,283167.29,,G
04/09/2020,21:45:00,PT Level,32.17,in,G
04/09/2020,21:45:00,Aliquot_Num,22,ali,G
04/09/2020,21:45:00,Flow_cfs,333.89,,G
04/09/2020,21:45:00,Curr_pacing,600000.00,,G
04/09/2020,21:45:00,FlowVolume,303200.62,,G
04/09/2020,21:46:00,PT Level,32.24,in,G
04/09/2020,21:46:00,Flow_cfs,334.86,,G
04/09/2020,21:46:00,FlowVolume,323292.29,,G
04/09/2020,21:47:00,PT Level,32.22,in,G
04/09/2020,21:47:00,Flow_cfs,334.58,,G
04/09/2020,21:47:00,FlowVolume,343367.29,,G
04/09/2020,21:48:00,PT Level,32.21,in,G
04/09/2020,21:48:00,Flow_cfs,334.44,,G
04/09/2020,21:48:00,FlowVolume,363433.95,,G
04/09/2020,21:49:00,PT Level,32.04,in,G
04/09/2020,21:49:00,Flow_cfs,332.08,,G
04/09/2020,21:49:00,FlowVolume,383358.95,,G
04/09/2020,21:50:00,PT Level,32.01,in,G
04/09/2020,21:50:00,Aliquot_Num,22,ali,G
04/09/2020,21:50:00,Flow_cfs,331.67,,G
04/09/2020,21:50:00,Curr_pacing,600000.00,,G
04/09/2020,21:50:00,FlowVolume,403258.95,,G
04/09/2020,21:51:00,PT Level,32.04,in,G
04/09/2020,21:51:00,Flow_cfs,332.08,,G
04/09/2020,21:51:00,FlowVolume,423183.95,,G
04/09/2020,21:52:00,PT Level,31.96,in,G
04/09/2020,21:52:00,Flow_cfs,330.97,,G
04/09/2020,21:52:00,FlowVolume,443042.29,,G
04/09/2020,21:53:00,PT Level,32.00,in,G
04/09/2020,21:53:00,Flow_cfs,331.53,,G
04/09/2020,21:53:00,FlowVolume,462933.95,,G
04/09/2020,21:54:00,PT Level,31.98,in,G
04/09/2020,21:54:00,Flow_cfs,331.25,,G
04/09/2020,21:54:00,FlowVolume,482808.95,,G
04/09/2020,21:55:00,PT Level,31.90,in,G
04/09/2020,21:55:00,Aliquot_Num,22,ali,G
04/09/2020,21:55:00,Flow_cfs,330.14,,G
04/09/2020,21:55:00,Curr_pacing,600000.00,,G
04/09/2020,21:55:00,FlowVolume,502617.29,,G
04/09/2020,21:56:00,PT Level,31.70,in,G
04/09/2020,21:56:00,Flow_cfs,317.50,,G
04/09/2020,21:56:00,FlowVolume,521667.29,,G
04/09/2020,21:56:50,Log Download,0,,G
04/09/2020,21:57:00,PT Level,31.84,in,G
04/09/2020,21:57:00,Flow_cfs,325.83,,G
04/09/2020,21:57:00,FlowVolume,541217.29,,G
04/09/2020,21:58:00,PT Level,31.86,in,G
04/09/2020,21:58:00,Flow_cfs,327.50,,G
04/09/2020,21:58:00,FlowVolume,560867.29,,G
04/09/2020,21:59:00,PT Level,31.83,in,G
04/09/2020,21:59:00,Flow_cfs,325.00,,G
04/09/2020,21:59:00,FlowVolume,580367.30,,G
04/09/2020,21:59:51,Client Conn,87,,G
04/09/2020,22:00:00,PT Level,31.66,in,G
04/09/2020,22:00:00,Aliquot_Num,22,ali,G
04/09/2020,22:00:00,Flow_cfs,316.07,,G
04/09/2020,22:00:00,Curr_pacing,600000.00,,G
04/09/2020,22:00:00,FlowVolume,599331.59,,G
04/09/2020,22:01:00,PT Level,31.87,in,G
04/09/2020,22:01:00,Flow_cfs,328.33,,G
04/09/2020,22:01:00,Triggered S,23,,G
04/09/2020,22:01:00,VolumeTrig,619031.58,,G
04/09/2020,22:01:00,FlowVolume,19031.58,,G
04/09/2020,22:02:00,PT Level,31.71,in,G
04/09/2020,22:02:00,Flow_cfs,317.86,,G
04/09/2020,22:02:00,FlowVolume,38103.01,,G
04/09/2020,22:03:00,PT Level,31.72,in,G
04/09/2020,22:03:00,Flow_cfs,318.21,,G
04/09/2020,22:03:00,FlowVolume,57195.87,,G
04/09/2020,22:04:00,PT Level,31.59,in,G
04/09/2020,22:04:00,Flow_cfs,313.57,,G
04/09/2020,22:04:00,FlowVolume,76010.15,,G
04/09/2020,22:05:00,PT Level,31.67,in,G
04/09/2020,22:05:00,Aliquot_Num,23,ali,G
04/09/2020,22:05:00,Flow_cfs,316.43,,G
04/09/2020,22:05:00,Curr_pacing,600000.00,,G
04/09/2020,22:05:00,FlowVolume,94995.86,,G
04/09/2020,22:06:00,PT Level,31.59,in,G
04/09/2020,22:06:00,Flow_cfs,313.57,,G
04/09/2020,22:06:00,FlowVolume,113810.15,,G
04/09/2020,22:07:00,PT Level,31.69,in,G
04/09/2020,22:07:00,Flow_cfs,317.14,,G
04/09/2020,22:07:00,FlowVolume,132838.72,,G
04/09/2020,22:08:00,PT Level,31.59,in,G
04/09/2020,22:08:00,Flow_cfs,313.57,,G
04/09/2020,22:08:00,FlowVolume,151653.01,,G
04/09/2020,22:09:00,PT Level,31.56,in,G
04/09/2020,22:09:00,Flow_cfs,312.50,,G
04/09/2020,22:09:00,FlowVolume,170403.01,,G
04/09/2020,22:10:00,PT Level,31.55,in,G
04/09/2020,22:10:00,Aliquot_Num,23,ali,G
04/09/2020,22:10:00,Flow_cfs,312.14,,G
04/09/2020,22:10:00,Curr_pacing,600000.00,,G
04/09/2020,22:10:00,FlowVolume,189131.58,,G
04/09/2020,22:11:00,PT Level,31.54,in,G
04/09/2020,22:11:00,Flow_cfs,311.79,,G
04/09/2020,22:11:00,FlowVolume,207838.72,,G
04/09/2020,22:12:00,PT Level,31.46,in,G
04/09/2020,22:12:00,Flow_cfs,309.06,,G
04/09/2020,22:12:00,FlowVolume,226382.47,,G
04/09/2020,22:13:00,PT Level,31.49,in,G
04/09/2020,22:13:00,Flow_cfs,310.00,,G
04/09/2020,22:13:00,FlowVolume,244982.47,,G
04/09/2020,22:14:00,PT Level,31.36,in,G
04/09/2020,22:14:00,Flow_cfs,305.94,,G
04/09/2020,22:14:00,FlowVolume,263338.73,,G
04/09/2020,22:15:00,PT Level,31.34,in,G
04/09/2020,22:15:00,Aliquot_Num,23,ali,G
04/09/2020,22:15:00,Flow_cfs,305.31,,G
04/09/2020,22:15:00,Curr_pacing,600000.00,,G
04/09/2020,22:15:00,FlowVolume,281657.48,,G
04/09/2020,22:16:00,PT Level,31.24,in,G
04/09/2020,22:16:00,Flow_cfs,302.19,,G
04/09/2020,22:16:00,FlowVolume,299788.73,,G
04/09/2020,22:17:00,PT Level,31.25,in,G
04/09/2020,22:17:00,Flow_cfs,302.50,,G
04/09/2020,22:17:00,FlowVolume,317938.73,,G
04/09/2020,22:18:00,PT Level,31.11,in,G
04/09/2020,22:18:00,Flow_cfs,295.71,,G
04/09/2020,22:18:00,FlowVolume,335681.59,,G
04/09/2020,22:19:00,PT Level,31.11,in,G
04/09/2020,22:19:00,Flow_cfs,295.71,,G
04/09/2020,22:19:00,FlowVolume,353424.45,,G
04/09/2020,22:20:00,PT Level,31.15,in,G
04/09/2020,22:20:00,Aliquot_Num,23,ali,G
04/09/2020,22:20:00,Flow_cfs,298.57,,G
04/09/2020,22:20:00,Curr_pacing,600000.00,,G
04/09/2020,22:20:00,FlowVolume,371338.74,,G
04/09/2020,22:21:00,PT Level,31.07,in,G
04/09/2020,22:21:00,Flow_cfs,290.00,,G
04/09/2020,22:21:00,FlowVolume,388738.74,,G
04/09/2020,22:22:00,PT Level,31.05,in,G
04/09/2020,22:22:00,Flow_cfs,289.62,,G
04/09/2020,22:22:00,FlowVolume,406115.66,,G
04/09/2020,22:23:00,PT Level,30.94,in,G
04/09/2020,22:23:00,Flow_cfs,287.50,,G
04/09/2020,22:23:00,FlowVolume,423365.66,,G
04/09/2020,22:24:00,PT Level,31.16,in,G
04/09/2020,22:24:00,Flow_cfs,299.29,,G
04/09/2020,22:24:00,FlowVolume,441322.80,,G
04/09/2020,22:25:00,PT Level,30.99,in,G
04/09/2020,22:25:00,Aliquot_Num,23,ali,G
04/09/2020,22:25:00,Flow_cfs,288.46,,G
04/09/2020,22:25:00,Curr_pacing,600000.00,,G
04/09/2020,22:25:00,FlowVolume,458630.50,,G
04/09/2020,22:26:00,PT Level,30.93,in,G
04/09/2020,22:26:00,Flow_cfs,287.31,,G
04/09/2020,22:26:00,FlowVolume,475868.96,,G
04/09/2020,22:27:00,PT Level,30.99,in,G
04/09/2020,22:27:00,Flow_cfs,288.46,,G
04/09/2020,22:27:00,FlowVolume,493176.65,,G
04/09/2020,22:28:00,PT Level,30.99,in,G
04/09/2020,22:28:00,Flow_cfs,288.46,,G
04/09/2020,22:28:00,FlowVolume,510484.35,,G
04/09/2020,22:29:00,PT Level,30.86,in,G
04/09/2020,22:29:00,Flow_cfs,285.96,,G
04/09/2020,22:29:00,FlowVolume,527642.04,,G
04/09/2020,22:30:00,PT Level,30.88,in,G
04/09/2020,22:30:00,Aliquot_Num,23,ali,G
04/09/2020,22:30:00,Flow_cfs,286.35,,G
04/09/2020,22:30:00,Curr_pacing,600000.00,,G
04/09/2020,22:30:00,FlowVolume,544822.81,,G
04/09/2020,22:31:00,PT Level,30.94,in,G
04/09/2020,22:31:00,Flow_cfs,287.50,,G
04/09/2020,22:31:00,FlowVolume,562072.81,,G
04/09/2020,22:32:00,PT Level,30.86,in,G
04/09/2020,22:32:00,Flow_cfs,285.96,,G
04/09/2020,22:32:00,FlowVolume,579230.50,,G
04/09/2020,22:33:00,PT Level,30.93,in,G
04/09/2020,22:33:00,Flow_cfs,287.31,,G
04/09/2020,22:33:00,FlowVolume,596468.96,,G
04/09/2020,22:34:00,PT Level,30.60,in,G
04/09/2020,22:34:00,Flow_cfs,262.26,,G
04/09/2020,22:34:00,Triggered S,24,,G
04/09/2020,22:34:00,VolumeTrig,612204.68,,G
04/09/2020,22:34:00,FlowVolume,12204.68,,G
04/09/2020,22:35:00,PT Level,30.86,in,G
04/09/2020,22:35:00,Aliquot_Num,24,ali,G
04/09/2020,22:35:00,Flow_cfs,285.96,,G
04/09/2020,22:35:00,Curr_pacing,600000.00,,G
04/09/2020,22:35:00,FlowVolume,29362.37,,G
04/09/2020,22:36:00,PT Level,30.80,in,G
04/09/2020,22:36:00,Flow_cfs,264.64,,G
04/09/2020,22:36:00,FlowVolume,45240.94,,G
04/09/2020,22:37:00,PT Level,30.64,in,G
04/09/2020,22:37:00,Flow_cfs,262.74,,G
04/09/2020,22:37:00,FlowVolume,61005.23,,G
04/09/2020,22:38:00,PT Level,30.70,in,G
04/09/2020,22:38:00,Flow_cfs,263.45,,G
04/09/2020,22:38:00,FlowVolume,76812.37,,G
04/09/2020,22:39:00,PT Level,30.79,in,G
04/09/2020,22:39:00,Flow_cfs,264.52,,G
04/09/2020,22:39:00,FlowVolume,92683.80,,G
04/09/2020,22:40:00,PT Level,30.65,in,G
04/09/2020,22:40:00,Aliquot_Num,24,ali,G
04/09/2020,22:40:00,Flow_cfs,262.86,,G
04/09/2020,22:40:00,Curr_pacing,600000.00,,G
04/09/2020,22:40:00,FlowVolume,108455.23,,G
04/09/2020,22:41:00,PT Level,30.61,in,G
04/09/2020,22:41:00,Flow_cfs,262.38,,G
04/09/2020,22:41:00,FlowVolume,124198.09,,G
04/09/2020,22:42:00,PT Level,30.59,in,G
04/09/2020,22:42:00,Flow_cfs,262.14,,G
04/09/2020,22:42:00,FlowVolume,139926.66,,G
04/09/2020,22:43:00,PT Level,30.50,in,G
04/09/2020,22:43:00,Flow_cfs,261.07,,G
04/09/2020,22:43:00,FlowVolume,155590.94,,G
04/09/2020,22:44:00,PT Level,30.56,in,G
04/09/2020,22:44:00,Flow_cfs,261.79,,G
04/09/2020,22:44:00,FlowVolume,171298.09,,G
04/09/2020,22:45:00,PT Level,30.56,in,G
04/09/2020,22:45:00,Aliquot_Num,24,ali,G
04/09/2020,22:45:00,Flow_cfs,261.79,,G
04/09/2020,22:45:00,Curr_pacing,600000.00,,G
04/09/2020,22:45:00,FlowVolume,187005.23,,G
04/09/2020,22:46:00,PT Level,30.41,in,G
04/09/2020,22:46:00,Flow_cfs,260.00,,G
04/09/2020,22:46:00,FlowVolume,202605.23,,G
04/09/2020,22:47:00,PT Level,30.36,in,G
04/09/2020,22:47:00,Flow_cfs,259.65,,G
04/09/2020,22:47:00,FlowVolume,218184.40,,G
04/09/2020,22:48:00,PT Level,30.49,in,G
04/09/2020,22:48:00,Flow_cfs,260.95,,G
04/09/2020,22:48:00,FlowVolume,233841.54,,G
04/09/2020,22:49:00,PT Level,30.46,in,G
04/09/2020,22:49:00,Flow_cfs,260.60,,G
04/09/2020,22:49:00,FlowVolume,249477.26,,G
04/09/2020,22:50:00,PT Level,30.37,in,G
04/09/2020,22:50:00,Aliquot_Num,24,ali,G
04/09/2020,22:50:00,Flow_cfs,259.72,,G
04/09/2020,22:50:00,Curr_pacing,600000.00,,G
04/09/2020,22:50:00,FlowVolume,265060.59,,G
04/09/2020,22:51:00,PT Level,30.32,in,G
04/09/2020,22:51:00,Flow_cfs,259.37,,G
04/09/2020,22:51:00,FlowVolume,280623.09,,G
04/09/2020,22:52:00,PT Level,30.34,in,G
04/09/2020,22:52:00,Flow_cfs,259.51,,G
04/09/2020,22:52:00,FlowVolume,296193.92,,G
04/09/2020,22:53:00,PT Level,30.14,in,G
04/09/2020,22:53:00,Flow_cfs,258.12,,G
04/09/2020,22:53:00,FlowVolume,311681.42,,G
04/09/2020,22:54:00,PT Level,30.34,in,G
04/09/2020,22:54:00,Flow_cfs,259.51,,G
04/09/2020,22:54:00,FlowVolume,327252.26,,G
04/09/2020,22:55:00,PT Level,30.26,in,G
04/09/2020,22:55:00,Aliquot_Num,24,ali,G
04/09/2020,22:55:00,Flow_cfs,258.96,,G
04/09/2020,22:55:00,Curr_pacing,600000.00,,G
04/09/2020,22:55:00,FlowVolume,342789.76,,G
04/09/2020,22:56:00,PT Level,30.15,in,G
04/09/2020,22:56:00,Flow_cfs,258.19,,G
04/09/2020,22:56:00,FlowVolume,358281.42,,G
04/09/2020,22:57:00,PT Level,30.00,in,G
04/09/2020,22:57:00,Flow_cfs,257.15,,G
04/09/2020,22:57:00,FlowVolume,373710.59,,G
04/09/2020,22:58:00,PT Level,30.25,in,G
04/09/2020,22:58:00,Flow_cfs,258.89,,G
04/09/2020,22:58:00,FlowVolume,389243.92,,G
04/09/2020,22:59:00,PT Level,30.10,in,G
04/09/2020,22:59:00,Flow_cfs,257.85,,G
04/09/2020,22:59:00,FlowVolume,404714.76,,G
04/09/2020,23:00:00,PT Level,29.89,in,G
04/09/2020,23:00:00,Aliquot_Num,24,ali,G
04/09/2020,23:00:00,Flow_cfs,233.85,,G
04/09/2020,23:00:00,Curr_pacing,600000.00,,G
04/09/2020,23:00:00,FlowVolume,418745.52,,G
04/09/2020,23:01:00,PT Level,30.11,in,G
04/09/2020,23:01:00,Flow_cfs,257.92,,G
04/09/2020,23:01:00,FlowVolume,434220.52,,G
04/09/2020,23:02:00,PT Level,30.19,in,G
04/09/2020,23:02:00,Flow_cfs,258.47,,G
04/09/2020,23:02:00,FlowVolume,449728.86,,G
04/09/2020,23:03:00,PT Level,29.92,in,G
04/09/2020,23:03:00,Flow_cfs,234.42,,G
04/09/2020,23:03:00,FlowVolume,463794.24,,G
04/09/2020,23:04:00,PT Level,29.89,in,G
04/09/2020,23:04:00,Flow_cfs,233.85,,G
04/09/2020,23:04:00,FlowVolume,477825.01,,G
04/09/2020,23:05:00,PT Level,29.86,in,G
04/09/2020,23:05:00,Aliquot_Num,24,ali,G
04/09/2020,23:05:00,Flow_cfs,233.27,,G
04/09/2020,23:05:00,Curr_pacing,600000.00,,G
04/09/2020,23:05:00,FlowVolume,491821.16,,G
04/09/2020,23:06:00,PT Level,29.91,in,G
04/09/2020,23:06:00,Flow_cfs,234.23,,G
04/09/2020,23:06:00,FlowVolume,505875.01,,G
04/09/2020,23:07:00,PT Level,30.03,in,G
04/09/2020,23:07:00,Flow_cfs,257.36,,G
04/09/2020,23:07:00,FlowVolume,521316.67,,G
04/09/2020,23:08:00,PT Level,29.82,in,G
04/09/2020,23:08:00,Flow_cfs,232.50,,G
04/09/2020,23:08:00,FlowVolume,535266.67,,G
04/09/2020,23:09:00,PT Level,29.79,in,G
04/09/2020,23:09:00,Flow_cfs,231.92,,G
04/09/2020,23:09:00,FlowVolume,549182.06,,G
04/09/2020,23:10:00,PT Level,29.74,in,G
04/09/2020,23:10:00,Aliquot_Num,24,ali,G
04/09/2020,23:10:00,Flow_cfs,230.96,,G
04/09/2020,23:10:00,Curr_pacing,600000.00,,G
04/09/2020,23:10:00,FlowVolume,563039.75,,G
04/09/2020,23:11:00,PT Level,29.89,in,G
04/09/2020,23:11:00,Flow_cfs,233.85,,G
04/09/2020,23:11:00,FlowVolume,577070.52,,G
04/09/2020,23:12:00,PT Level,29.81,in,G
04/09/2020,23:12:00,Flow_cfs,232.31,,G
04/09/2020,23:12:00,FlowVolume,591008.99,,G
04/09/2020,23:13:00,PT Level,29.58,in,G
04/09/2020,23:13:00,Flow_cfs,214.15,,G
04/09/2020,23:13:00,Triggered S,25,,G
04/09/2020,23:13:00,VolumeTrig,603857.92,,G
04/09/2020,23:13:00,FlowVolume,3857.92,,G
04/09/2020,23:13:33,Log Download,0,,G
